-27.52415955 13.30324843 5.00000000
-27.67163045 13.20543568 5.00000000
-27.85807709 12.78398586 5.00000000
-27.74063527 12.22676465 5.00000000
-27.39995198 11.91641451 5.00000000
-27.22554844 11.88644111 5.00000000
-27.19107063 11.89262966 5.00000000
-27.08695587 11.89968583 5.00000000
-26.91564113 11.89055176 5.00000000
-26.68399560 11.84940976 5.00000000
-26.40283742 11.76280562 5.00000000
-26.08617153 11.62060479 5.00000000
-25.75020257 11.41671416 5.00000000
-25.41219253 11.14951831 5.00000000
-25.08924378 10.82199936 5.00000000
-24.79709355 10.44153215 5.00000000
-24.54900486 10.01936902 5.00000000
-24.35483244 9.56985063 5.00000000
-24.22032934 9.10939871 5.00000000
-24.14674354 8.65536161 5.00000000
-24.13073272 8.22479447 5.00000000
-24.16460351 7.83325992 5.00000000
-24.23685803 7.49373430 5.00000000
-24.33300938 7.21569633 5.00000000
-24.43660832 7.00446287 5.00000000
-24.53040860 6.86081859 5.00000000
-24.59758878 6.78096562 5.00000000
-24.62294408 6.75679691 5.00000000
-24.70175125 6.59835314 5.00000000
-24.65249387 6.14014356 5.00000000
-24.27217566 5.71629675 5.00000000
-23.82196021 5.61786729 5.00000000
-23.65593561 5.67911134 5.00000000
-23.62917123 5.70170968 5.00000000
-23.54253329 5.75987789 5.00000000
-23.38960333 5.83762492 5.00000000
-23.16842142 5.91781767 5.00000000
-22.88162923 5.98339537 5.00000000
-22.53628810 6.01857878 5.00000000
-22.14338514 6.00998880 5.00000000
-21.71706193 5.94759542 5.00000000
-21.27362063 5.82543007 5.00000000
-20.83037750 5.64201092 5.00000000
-20.40444483 5.40045126 5.00000000
-20.01152739 5.10824313 5.00000000
-19.66481833 4.77673162 5.00000000
-19.37407260 4.42031686 5.00000000
-19.14492326 4.05544018 5.00000000
-18.97848895 3.69942593 5.00000000
-18.87130039 3.36926086 5.00000000
-18.81555092 3.08039723 5.00000000
-18.79965350 2.84566422 5.00000000
-18.80906478 2.67436448 5.00000000
-18.82731804 2.57161970 5.00000000
-18.83719202 2.53801133 5.00000000
-18.82621915 2.36139141 5.00000000
-18.55445621 1.98919897 5.00000000
-18.01316758 1.81229597 5.00000000
-17.57405483 1.95216128 5.00000000
-17.46089534 2.08821248 5.00000000
-17.44901587 2.12116541 5.00000000
-17.40306931 2.21485952 5.00000000
-17.30950160 2.35865541 5.00000000
-17.15804883 2.53869532 5.00000000
-16.94246835 2.73888337 5.00000000
-16.66098587 2.94202366 5.00000000
-16.31642693 3.13103600 5.00000000
-15.91602351 3.29016336 5.00000000
-15.47090941 3.40608571 5.00000000
-14.99534003 3.46886163 5.00000000
-14.50569168 3.47263116 5.00000000
-14.01931113 3.41603022 5.00000000
-13.55329652 3.30228736 5.00000000
-13.12329596 3.13899599 5.00000000
-12.74240846 2.93757819 5.00000000
-12.42026500 2.71247795 5.00000000
-12.16235444 2.48014089 5.00000000
-11.96964217 2.25785239 5.00000000
-11.83850810 2.06251635 5.00000000
-11.76100864 1.90946079 5.00000000
-11.72544403 1.81135456 5.00000000
-11.71719097 1.77731187 5.00000000
-11.61937822 1.62984097 5.00000000
-11.19792839 1.44339433 5.00000000
-10.64070719 1.56083615 5.00000000
-10.33035705 1.90151944 5.00000000
-10.30038365 2.07592298 5.00000000
-10.30657220 2.11040079 5.00000000
-10.31362837 2.21451555 5.00000000
-10.30449429 2.38583029 5.00000000
-10.26335230 2.61747582 5.00000000
-10.17674816 2.89863400 5.00000000
-10.03454732 3.21529989 5.00000000
-9.83065670 3.55126885 5.00000000
-9.56346084 3.88927889 5.00000000
-9.23594190 4.21222764 5.00000000
-8.85547469 4.50437787 5.00000000
-8.43331155 4.75246656 5.00000000
-7.98379317 4.94663898 5.00000000
-7.52334125 5.08114208 5.00000000
-7.06930415 5.15472788 5.00000000
-6.63873700 5.17073870 5.00000000
-6.24720246 5.13686791 5.00000000
-5.90767684 5.06461339 5.00000000
-5.62963886 4.96846204 5.00000000
-5.41840541 4.86486310 5.00000000
-5.27476112 4.77106282 5.00000000
-5.19490816 4.70388264 5.00000000
-5.17073945 4.67852734 5.00000000
-5.01229568 4.59972017 5.00000000
-4.55408610 4.64897755 5.00000000
-4.13023929 5.02929576 5.00000000
-4.03180983 5.47951121 5.00000000
-4.09305388 5.64553581 5.00000000
-4.11565222 5.67230019 5.00000000
-4.17382042 5.75893813 5.00000000
-4.25156746 5.91186809 5.00000000
-4.33176021 6.13305000 5.00000000
-4.39733791 6.41984219 5.00000000
-4.43252132 6.76518332 5.00000000
-4.42393134 7.15808628 5.00000000
-4.36153796 7.58440949 5.00000000
-4.23937261 8.02785079 5.00000000
-4.05595346 8.47109392 5.00000000
-3.81439380 8.89702659 5.00000000
-3.52218567 9.28994403 5.00000000
-3.19067416 9.63665309 5.00000000
-2.83425940 9.92739882 5.00000000
-2.46938272 10.15654816 5.00000000
-2.11336847 10.32298247 5.00000000
-1.78320339 10.43017103 5.00000000
-1.49433976 10.48592050 5.00000000
-1.25960676 10.50181792 5.00000000
-1.08830702 10.49240664 5.00000000
-0.98556223 10.47415338 5.00000000
-0.95195387 10.46427940 5.00000000
-0.77533395 10.47525227 5.00000000
-0.40314150 10.74701521 5.00000000
-0.22623851 11.28830384 5.00000000
-0.36610381 11.72741659 5.00000000
-0.50215502 11.84057608 5.00000000
-0.53510795 11.85245555 5.00000000
-0.62880206 11.89840211 5.00000000
-0.77259794 11.99196982 5.00000000
-0.95263786 12.14342259 5.00000000
-1.15282591 12.35900307 5.00000000
-1.35596620 12.64048555 5.00000000
-1.54497854 12.98504449 5.00000000
-1.70410590 13.38544791 5.00000000
-1.82002824 13.83056201 5.00000000
-1.88280417 14.30613139 5.00000000
-1.88657370 14.79577974 5.00000000
-1.82997276 15.28216029 5.00000000
-1.71622990 15.74817490 5.00000000
-1.55293853 16.17817546 5.00000000
-1.35152072 16.55906296 5.00000000
-1.12642049 16.88120642 5.00000000
-0.89408343 17.13911698 5.00000000
-0.67179493 17.33182925 5.00000000
-0.47645889 17.46296332 5.00000000
-0.32340332 17.54046278 5.00000000
-0.22529710 17.57602739 5.00000000
-0.19125441 17.58428045 5.00000000
-0.04378351 17.68209320 5.00000000
0.14266314 18.10354303 5.00000000
0.02522131 18.66076423 5.00000000
-0.31546197 18.97111437 5.00000000
-0.48986552 19.00108777 5.00000000
-0.52434333 18.99489922 5.00000000
-0.62845809 18.98784305 5.00000000
-0.79977283 18.99697713 5.00000000
-1.03141836 19.03811912 5.00000000
-1.31257653 19.12472326 5.00000000
-1.62924243 19.26692410 5.00000000
-1.96521138 19.47081472 5.00000000
-2.30322143 19.73801058 5.00000000
-2.62617018 20.06552952 5.00000000
-2.91832041 20.44599673 5.00000000
-3.16640909 20.86815987 5.00000000
-3.36058152 21.31767825 5.00000000
-3.49508462 21.77813017 5.00000000
-3.56867042 22.23216727 5.00000000
-3.58468124 22.66273442 5.00000000
-3.55081045 23.05426896 5.00000000
-3.47855593 23.39379458 5.00000000
-3.38240457 23.67183256 5.00000000
-3.27880564 23.88306601 5.00000000
-3.18500536 24.02671030 5.00000000
-3.11782518 24.10656326 5.00000000
-3.09246988 24.13073197 5.00000000
-3.01366271 24.28917574 5.00000000
-3.06292009 24.74738532 5.00000000
-3.44323830 25.17123213 5.00000000
-3.89345375 25.26966159 5.00000000
-4.05947834 25.20841754 5.00000000
-4.08624273 25.18581920 5.00000000
-4.17288067 25.12765100 5.00000000
-4.32581063 25.04990396 5.00000000
-4.54699253 24.96971121 5.00000000
-4.83378473 24.90413351 5.00000000
-5.17912585 24.86895010 5.00000000
-5.57202882 24.87754008 5.00000000
-5.99835203 24.93993346 5.00000000
-6.44179333 25.06209881 5.00000000
-6.88503645 25.24551796 5.00000000
-7.31096912 25.48707762 5.00000000
-7.70388657 25.77928575 5.00000000
-8.05059563 26.11079726 5.00000000
-8.34134135 26.46721202 5.00000000
-8.57049070 26.83208870 5.00000000
-8.73692501 27.18810295 5.00000000
-8.84411357 27.51826803 5.00000000
-8.89986304 27.80713166 5.00000000
-8.91576046 28.04186466 5.00000000
-8.90634918 28.21316440 5.00000000
-8.88809592 28.31590919 5.00000000
-8.87822194 28.34951755 5.00000000
-8.88919481 28.52613747 5.00000000
-9.16095774 28.89832992 5.00000000
-9.70224638 29.07523291 5.00000000
-10.14135912 28.93536761 5.00000000
-10.25451862 28.79931640 5.00000000
-10.26639809 28.76636347 5.00000000
-10.31234464 28.67266936 5.00000000
-10.40591235 28.52887348 5.00000000
-10.55736513 28.34883356 5.00000000
-10.77294561 28.14864551 5.00000000
-11.05442809 27.94550522 5.00000000
-11.39898703 27.75649288 5.00000000
-11.79939045 27.59736552 5.00000000
-12.24450455 27.48144318 5.00000000
-12.72007393 27.41866726 5.00000000
-13.20972228 27.41489772 5.00000000
-13.69610283 27.47149866 5.00000000
-14.16211744 27.58524152 5.00000000
-14.59211800 27.74853289 5.00000000
-14.97300549 27.94995070 5.00000000
-15.29514896 28.17505093 5.00000000
-15.55305952 28.40738799 5.00000000
-15.74577179 28.62967649 5.00000000
-15.87690586 28.82501253 5.00000000
-15.95440532 28.97806810 5.00000000
-15.98996993 29.07617432 5.00000000
-15.99822299 29.11021701 5.00000000
-16.09603574 29.25768791 5.00000000
-16.51748556 29.44413456 5.00000000
-17.07470677 29.32669273 5.00000000
-17.38505691 28.98600945 5.00000000
-17.41503031 28.81160590 5.00000000
-17.40884176 28.77712809 5.00000000
-17.40178559 28.67301333 5.00000000
-17.41091966 28.50169859 5.00000000
-17.45206166 28.27005306 5.00000000
-17.53866580 27.98889489 5.00000000
-17.68086663 27.67222899 5.00000000
-17.88475726 27.33626004 5.00000000
-18.15195311 26.99824999 5.00000000
-18.47947206 26.67530124 5.00000000
-18.85993927 26.38315101 5.00000000
-19.28210240 26.13506233 5.00000000
-19.73162079 25.94088990 5.00000000
-20.19207271 25.80638680 5.00000000
-20.64610981 25.73280100 5.00000000
-21.07667695 25.71679018 5.00000000
-21.46821150 25.75066097 5.00000000
-21.80773712 25.82291549 5.00000000
-22.08577509 25.91906685 5.00000000
-22.29700855 26.02266578 5.00000000
-22.44065283 26.11646606 5.00000000
-22.52050580 26.18364624 5.00000000
-22.54467451 26.20900154 5.00000000
-22.70311828 26.28780871 5.00000000
-23.16132786 26.23855133 5.00000000
-23.58517467 25.85823312 5.00000000
-23.68360413 25.40801767 5.00000000
-23.62236008 25.24199308 5.00000000
-23.59976174 25.21522869 5.00000000
-23.54159353 25.12859075 5.00000000
-23.46384650 24.97566079 5.00000000
-23.38365375 24.75447889 5.00000000
-23.31807605 24.46768669 5.00000000
-23.28289264 24.12234557 5.00000000
-23.29148262 23.72944260 5.00000000
-23.35387600 23.30311939 5.00000000
-23.47604135 22.85967810 5.00000000
-23.65946050 22.41643497 5.00000000
-23.90102016 21.99050230 5.00000000
-24.19322829 21.59758485 5.00000000
-24.52473980 21.25087579 5.00000000
-24.88115456 20.96013007 5.00000000
-25.24603124 20.73098072 5.00000000
-25.60204549 20.56454641 5.00000000
-25.93221057 20.45735785 5.00000000
-26.22107419 20.40160838 5.00000000
-26.45580720 20.38571096 5.00000000
-26.62710694 20.39512224 5.00000000
-26.72985172 20.41337550 5.00000000
-26.76346009 20.42324948 5.00000000
-26.94008001 20.41227661 5.00000000
-27.31227245 20.14051368 5.00000000
-27.48917545 19.59922504 5.00000000
-27.34931014 19.16011230 5.00000000
-27.21325894 19.04695280 5.00000000
-27.18030601 19.03507333 5.00000000
-27.08661190 18.98912678 5.00000000
-26.94281601 18.89555907 5.00000000
-26.76277610 18.74410629 5.00000000
-26.56258805 18.52852581 5.00000000
-26.35944776 18.24704334 5.00000000
-26.17043542 17.90248439 5.00000000
-26.01130806 17.50208097 5.00000000
-25.89538571 17.05696687 5.00000000
-25.83260979 16.58139749 5.00000000
-25.82884026 16.09174915 5.00000000
-25.88544120 15.60536859 5.00000000
-25.99918406 15.13935398 5.00000000
-26.16247543 14.70935342 5.00000000
-26.36389323 14.32846593 5.00000000
-26.58899347 14.00632246 5.00000000
-26.82133053 13.74841190 5.00000000
-27.04361903 13.55569963 5.00000000
-27.23895507 13.42456556 5.00000000
-27.39201064 13.34706610 5.00000000
-27.49011686 13.31150149 5.00000000
-27.52415955 13.30324843 5.00000000
