33.96999839 6.41976007 5.00000000
34.11746930 6.51757282 5.00000000
34.30391594 6.93902265 5.00000000
34.18647411 7.49624385 5.00000000
33.84579083 7.80659399 5.00000000
33.67138729 7.83656739 5.00000000
33.63690948 7.83037884 5.00000000
33.53279472 7.82332267 5.00000000
33.36147997 7.83245675 5.00000000
33.12983445 7.87359874 5.00000000
32.84867627 7.96020288 5.00000000
32.53201038 8.10240372 5.00000000
32.19604142 8.30629434 5.00000000
31.85803138 8.57349020 5.00000000
31.53508263 8.90100914 5.00000000
31.24293239 9.28147635 5.00000000
30.99484371 9.70363949 5.00000000
30.80067128 10.15315787 5.00000000
30.66616819 10.61360979 5.00000000
30.59258238 11.06764689 5.00000000
30.57657157 11.49821404 5.00000000
30.61044236 11.88974858 5.00000000
30.68269687 12.22927420 5.00000000
30.77884823 12.50731218 5.00000000
30.88244717 12.71854563 5.00000000
30.97624744 12.86218992 5.00000000
31.04342762 12.94204288 5.00000000
31.06878292 12.96621159 5.00000000
31.14759010 13.12465536 5.00000000
31.09833272 13.58286494 5.00000000
30.71801451 14.00671175 5.00000000
30.26779906 14.10514121 5.00000000
30.10177446 14.04389716 5.00000000
30.07501007 14.02129882 5.00000000
29.98837213 13.96313062 5.00000000
29.83544218 13.88538358 5.00000000
29.61426027 13.80519083 5.00000000
29.32746807 13.73961313 5.00000000
28.98212695 13.70442972 5.00000000
28.58922399 13.71301970 5.00000000
28.16290077 13.77541308 5.00000000
27.71945948 13.89757843 5.00000000
27.27621635 14.08099758 5.00000000
26.85028368 14.32255724 5.00000000
26.45736623 14.61476537 5.00000000
26.11065717 14.94627688 5.00000000
25.81991145 15.30269164 5.00000000
25.59076211 15.66756832 5.00000000
25.42432780 16.02358257 5.00000000
25.31713923 16.35374765 5.00000000
25.26138976 16.64261128 5.00000000
25.24549234 16.87734428 5.00000000
25.25490363 17.04864402 5.00000000
25.27315689 17.15138881 5.00000000
25.28303086 17.18499717 5.00000000
25.27205799 17.36161709 5.00000000
25.00029506 17.73380954 5.00000000
24.45900643 17.91071253 5.00000000
24.01989368 17.77084723 5.00000000
23.90673418 17.63479602 5.00000000
23.89485472 17.60184309 5.00000000
23.84890816 17.50814898 5.00000000
23.75534045 17.36435310 5.00000000
23.60388768 17.18431318 5.00000000
23.38830720 16.98412513 5.00000000
23.10682472 16.78098484 5.00000000
22.76226578 16.59197250 5.00000000
22.36186236 16.43284514 5.00000000
21.91674826 16.31692280 5.00000000
21.44117887 16.25414687 5.00000000
20.95153053 16.25037734 5.00000000
20.46514998 16.30697828 5.00000000
19.99913537 16.42072114 5.00000000
19.56913480 16.58401251 5.00000000
19.18824731 16.78543032 5.00000000
18.86610384 17.01053055 5.00000000
18.60819329 17.24286761 5.00000000
18.41548102 17.46515611 5.00000000
18.28434694 17.66049215 5.00000000
18.20684749 17.81354772 5.00000000
18.17128288 17.91165394 5.00000000
18.16302981 17.94569663 5.00000000
18.06521707 18.09316753 5.00000000
17.64376724 18.27961418 5.00000000
17.08654603 18.16217235 5.00000000
16.77619589 17.82148907 5.00000000
16.74622250 17.64708552 5.00000000
16.75241104 17.61260771 5.00000000
16.75946722 17.50849295 5.00000000
16.75033314 17.33717821 5.00000000
16.70919115 17.10553268 5.00000000
16.62258700 16.82437451 5.00000000
16.48038617 16.50770861 5.00000000
16.27649555 16.17173966 5.00000000
16.00929969 15.83372961 5.00000000
15.68178074 15.51078086 5.00000000
15.30131354 15.21863063 5.00000000
14.87915040 14.97054195 5.00000000
14.42963202 14.77636952 5.00000000
13.96918009 14.64186642 5.00000000
13.51514300 14.56828062 5.00000000
13.08457585 14.55226980 5.00000000
12.69304131 14.58614059 5.00000000
12.35351569 14.65839511 5.00000000
12.07547771 14.75454647 5.00000000
11.86424425 14.85814540 5.00000000
11.72059997 14.95194568 5.00000000
11.64074701 15.01912586 5.00000000
11.61657830 15.04448116 5.00000000
11.45813452 15.12328833 5.00000000
10.99992494 15.07403095 5.00000000
10.57607814 14.69371274 5.00000000
10.47764867 14.24349729 5.00000000
10.53889272 14.07747270 5.00000000
10.56149107 14.05070831 5.00000000
10.61965927 13.96407037 5.00000000
10.69740630 13.81114041 5.00000000
10.77759905 13.58995851 5.00000000
10.84317675 13.30316631 5.00000000
10.87836017 12.95782519 5.00000000
10.86977018 12.56492222 5.00000000
10.80737681 12.13859901 5.00000000
10.68521145 11.69515771 5.00000000
10.50179230 11.25191459 5.00000000
10.26023264 10.82598192 5.00000000
9.96802452 10.43306447 5.00000000
9.63651301 10.08635541 5.00000000
9.28009825 9.79560969 5.00000000
8.91522157 9.56646034 5.00000000
8.55920731 9.40002603 5.00000000
8.22904224 9.29283747 5.00000000
7.94017861 9.23708800 5.00000000
7.70544560 9.22119058 5.00000000
7.53414587 9.23060186 5.00000000
7.43140108 9.24885512 5.00000000
7.39779272 9.25872910 5.00000000
7.22117279 9.24775623 5.00000000
6.84898035 8.97599330 5.00000000
6.67207735 8.43470466 5.00000000
6.81194266 7.99559192 5.00000000
6.94799386 7.88243242 5.00000000
6.98094680 7.87055295 5.00000000
7.07464091 7.82460640 5.00000000
7.21843679 7.73103869 5.00000000
7.39847670 7.57958591 5.00000000
7.59866476 7.36400543 5.00000000
7.80180505 7.08252295 5.00000000
7.99081739 6.73796401 5.00000000
8.14994474 6.33756059 5.00000000
8.26586709 5.89244649 5.00000000
8.32864301 5.41687711 5.00000000
8.33241254 4.92722876 5.00000000
8.27581161 4.44084821 5.00000000
8.16206875 3.97483360 5.00000000
7.99877737 3.54483304 5.00000000
7.79735957 3.16394555 5.00000000
7.57225934 2.84180208 5.00000000
7.33992228 2.58389152 5.00000000
7.11763377 2.39117925 5.00000000
6.92229773 2.26004518 5.00000000
6.76924217 2.18254572 5.00000000
6.67113594 2.14698111 5.00000000
6.63709326 2.13872805 5.00000000
6.48962235 2.04091530 5.00000000
6.30317571 1.61946548 5.00000000
6.42061754 1.06224427 5.00000000
6.76130082 0.75189413 5.00000000
6.93570436 0.72192073 5.00000000
6.97018218 0.72810928 5.00000000
7.07429694 0.73516545 5.00000000
7.24561168 0.72603138 5.00000000
7.47725720 0.68488938 5.00000000
7.75841538 0.59828524 5.00000000
8.07508127 0.45608441 5.00000000
8.41105023 0.25219378 5.00000000
8.74906027 -0.01500207 5.00000000
9.07200902 -0.34252102 5.00000000
9.36415926 -0.72298823 5.00000000
9.61224794 -1.14515136 5.00000000
9.80642037 -1.59466975 5.00000000
9.94092346 -2.05512167 5.00000000
10.01450927 -2.50915877 5.00000000
10.03052008 -2.93972591 5.00000000
9.99664930 -3.33126046 5.00000000
9.92439478 -3.67078608 5.00000000
9.82824342 -3.94882405 5.00000000
9.72464449 -4.16005751 5.00000000
9.63084421 -4.30370179 5.00000000
9.56366403 -4.38355476 5.00000000
9.53830873 -4.40772347 5.00000000
9.45950155 -4.56616724 5.00000000
9.50875894 -5.02437682 5.00000000
9.88907715 -5.44822363 5.00000000
10.33929259 -5.54665309 5.00000000
10.50531719 -5.48540904 5.00000000
10.53208158 -5.46281070 5.00000000
10.61871952 -5.40464249 5.00000000
10.77164947 -5.32689546 5.00000000
10.99283138 -5.24670271 5.00000000
11.27962358 -5.18112501 5.00000000
11.62496470 -5.14594160 5.00000000
12.01786767 -5.15453158 5.00000000
12.44419088 -5.21692496 5.00000000
12.88763217 -5.33909031 5.00000000
13.33087530 -5.52250946 5.00000000
13.75680797 -5.76406912 5.00000000
14.14972542 -6.05627725 5.00000000
14.49643448 -6.38778876 5.00000000
14.78718020 -6.74420352 5.00000000
15.01632955 -7.10908020 5.00000000
15.18276386 -7.46509445 5.00000000
15.28995242 -7.79525953 5.00000000
15.34570189 -8.08412315 5.00000000
15.36159931 -8.31885616 5.00000000
15.35218802 -8.49015590 5.00000000
15.33393476 -8.59290068 5.00000000
15.32406079 -8.62650905 5.00000000
15.33503366 -8.80312897 5.00000000
15.60679659 -9.17532141 5.00000000
16.14808523 -9.35222441 5.00000000
16.58719797 -9.21235910 5.00000000
16.70035747 -9.07630790 5.00000000
16.71223694 -9.04335497 5.00000000
16.75818349 -8.94966086 5.00000000
16.85175120 -8.80586497 5.00000000
17.00320397 -8.62582506 5.00000000
17.21878445 -8.42563701 5.00000000
17.50026693 -8.22249672 5.00000000
17.84482587 -8.03348438 5.00000000
18.24522929 -7.87435702 5.00000000
18.69034340 -7.75843467 5.00000000
19.16591278 -7.69565875 5.00000000
19.65556112 -7.69188922 5.00000000
20.14194168 -7.74849016 5.00000000
20.60795629 -7.86223302 5.00000000
21.03795685 -8.02552439 5.00000000
21.41884434 -8.22694219 5.00000000
21.74098781 -8.45204243 5.00000000
21.99889836 -8.68437949 5.00000000
22.19161063 -8.90666799 5.00000000
22.32274471 -9.10200403 5.00000000
22.40024417 -9.25505960 5.00000000
22.43580877 -9.35316582 5.00000000
22.44406184 -9.38720851 5.00000000
22.54187458 -9.53467941 5.00000000
22.96332441 -9.72112605 5.00000000
23.52054562 -9.60368423 5.00000000
23.83089576 -9.26300094 5.00000000
23.86086915 -9.08859740 5.00000000
23.85468061 -9.05411959 5.00000000
23.84762444 -8.95000483 5.00000000
23.85675851 -8.77869009 5.00000000
23.89790050 -8.54704456 5.00000000
23.98450465 -8.26588638 5.00000000
24.12670548 -7.94922049 5.00000000
24.33059610 -7.61325153 5.00000000
24.59779196 -7.27524149 5.00000000
24.92531091 -6.95229274 5.00000000
25.30577811 -6.66014251 5.00000000
25.72794125 -6.41205382 5.00000000
26.17745964 -6.21788140 5.00000000
26.63791156 -6.08337830 5.00000000
27.09194865 -6.00979250 5.00000000
27.52251580 -5.99378168 5.00000000
27.91405034 -6.02765247 5.00000000
28.25357597 -6.09990699 5.00000000
28.53161394 -6.19605834 5.00000000
28.74284740 -6.29965728 5.00000000
28.88649168 -6.39345756 5.00000000
28.96634465 -6.46063774 5.00000000
28.99051335 -6.48599304 5.00000000
29.14895713 -6.56480021 5.00000000
29.60716671 -6.51554283 5.00000000
30.03101351 -6.13522462 5.00000000
30.12944298 -5.68500917 5.00000000
30.06819893 -5.51898457 5.00000000
30.04560058 -5.49222019 5.00000000
29.98743238 -5.40558225 5.00000000
29.90968535 -5.25265229 5.00000000
29.82949260 -5.03147038 5.00000000
29.76391490 -4.74467819 5.00000000
29.72873149 -4.39933706 5.00000000
29.73732147 -4.00643410 5.00000000
29.79971484 -3.58011089 5.00000000
29.92188020 -3.13666959 5.00000000
30.10529935 -2.69342646 5.00000000
30.34685901 -2.26749379 5.00000000
30.63906713 -1.87457635 5.00000000
30.97057865 -1.52786729 5.00000000
31.32699340 -1.23712156 5.00000000
31.69187008 -1.00797222 5.00000000
32.04788434 -0.84153791 5.00000000
32.37804941 -0.73434935 5.00000000
32.66691304 -0.67859988 5.00000000
32.90164605 -0.66270246 5.00000000
33.07294578 -0.67211374 5.00000000
33.17569057 -0.69036700 5.00000000
33.20929894 -0.70024098 5.00000000
33.38591886 -0.68926811 5.00000000
33.75811130 -0.41750517 5.00000000
33.93501430 0.12378346 5.00000000
33.79514899 0.56289621 5.00000000
33.65909779 0.67605570 5.00000000
33.62614486 0.68793517 5.00000000
33.53245074 0.73388173 5.00000000
33.38865486 0.82744944 5.00000000
33.20861495 0.97890221 5.00000000
33.00842690 1.19448269 5.00000000
32.80528661 1.47596517 5.00000000
32.61627426 1.82052411 5.00000000
32.45714691 2.22092753 5.00000000
32.34122456 2.66604163 5.00000000
32.27844864 3.14161101 5.00000000
32.27467911 3.63125936 5.00000000
32.33128004 4.11763991 5.00000000
32.44502291 4.58365452 5.00000000
32.60831428 5.01365508 5.00000000
32.80973208 5.39454258 5.00000000
33.03483231 5.71668604 5.00000000
33.26716937 5.97459660 5.00000000
33.48945788 6.16730887 5.00000000
33.68479392 6.29844294 5.00000000
33.83784948 6.37594240 5.00000000
33.93595571 6.41150701 5.00000000
33.96999839 6.41976007 5.00000000
