7.22061372 -17.58249249 5.00000000
7.36808462 -17.48467974 5.00000000
7.55453127 -17.06322992 5.00000000
7.43708944 -16.50600871 5.00000000
7.09640616 -16.19565857 5.00000000
6.92200261 -16.16568517 5.00000000
6.88752480 -16.17187372 5.00000000
6.78341004 -16.17892989 5.00000000
6.61209530 -16.16979582 5.00000000
6.38044978 -16.12865383 5.00000000
6.09929160 -16.04204968 5.00000000
5.78262571 -15.89984885 5.00000000
5.44665675 -15.69595822 5.00000000
5.10864670 -15.42876237 5.00000000
4.78569796 -15.10124342 5.00000000
4.49354772 -14.72077621 5.00000000
4.24545904 -14.29861308 5.00000000
4.05128661 -13.84909469 5.00000000
3.91678351 -13.38864277 5.00000000
3.84319771 -12.93460568 5.00000000
3.82718690 -12.50403853 5.00000000
3.86105768 -12.11250399 5.00000000
3.93331220 -11.77297836 5.00000000
4.02946356 -11.49494039 5.00000000
4.13306249 -11.28370693 5.00000000
4.22686277 -11.14006265 5.00000000
4.29404295 -11.06020968 5.00000000
4.31939825 -11.03604097 5.00000000
4.39820543 -10.87759720 5.00000000
4.34894804 -10.41938762 5.00000000
3.96862983 -9.99554081 5.00000000
3.51841439 -9.89711135 5.00000000
3.35238979 -9.95835540 5.00000000
3.32562540 -9.98095374 5.00000000
3.23898746 -10.03912195 5.00000000
3.08605750 -10.11686898 5.00000000
2.86487560 -10.19706173 5.00000000
2.57808340 -10.26263943 5.00000000
2.23274228 -10.29782284 5.00000000
1.83983931 -10.28923286 5.00000000
1.41351610 -10.22683948 5.00000000
0.97007481 -10.10467413 5.00000000
0.52683168 -9.92125498 5.00000000
0.10089901 -9.67969532 5.00000000
-0.29201844 -9.38748719 5.00000000
-0.63872750 -9.05597568 5.00000000
-0.92947322 -8.69956092 5.00000000
-1.15862257 -8.33468424 5.00000000
-1.32505688 -7.97866999 5.00000000
-1.43224544 -7.64850492 5.00000000
-1.48799491 -7.35964129 5.00000000
-1.50389233 -7.12490828 5.00000000
-1.49448104 -6.95360854 5.00000000
-1.47622779 -6.85086376 5.00000000
-1.46635381 -6.81725539 5.00000000
-1.47732668 -6.64063547 5.00000000
-1.74908961 -6.26844303 5.00000000
-2.29037825 -6.09154003 5.00000000
-2.72949099 -6.23140534 5.00000000
-2.84265049 -6.36745654 5.00000000
-2.85452996 -6.40040947 5.00000000
-2.90047651 -6.49410359 5.00000000
-2.99404422 -6.63789947 5.00000000
-3.14549700 -6.81793938 5.00000000
-3.36107747 -7.01812743 5.00000000
-3.64255995 -7.22126772 5.00000000
-3.98711889 -7.41028006 5.00000000
-4.38752231 -7.56940742 5.00000000
-4.83263642 -7.68532977 5.00000000
-5.30820580 -7.74810569 5.00000000
-5.79785414 -7.75187522 5.00000000
-6.28423470 -7.69527428 5.00000000
-6.75024931 -7.58153142 5.00000000
-7.18024987 -7.41824005 5.00000000
-7.56113736 -7.21682225 5.00000000
-7.88328083 -6.99172202 5.00000000
-8.14119138 -6.75938495 5.00000000
-8.33390366 -6.53709645 5.00000000
-8.46503773 -6.34176041 5.00000000
-8.54253719 -6.18870485 5.00000000
-8.57810179 -6.09059862 5.00000000
-8.58635486 -6.05655593 5.00000000
-8.68416761 -5.90908503 5.00000000
-9.10561743 -5.72263839 5.00000000
-9.66283864 -5.84008022 5.00000000
-9.97318878 -6.18076350 5.00000000
-10.00316217 -6.35516704 5.00000000
-9.99697363 -6.38964485 5.00000000
-9.98991746 -6.49375961 5.00000000
-9.99905153 -6.66507435 5.00000000
-10.04019352 -6.89671988 5.00000000
-10.12679767 -7.17787806 5.00000000
-10.26899850 -7.49454395 5.00000000
-10.47288913 -7.83051291 5.00000000
-10.74008498 -8.16852295 5.00000000
-11.06760393 -8.49147170 5.00000000
-11.44807113 -8.78362193 5.00000000
-11.87023427 -9.03171062 5.00000000
-12.31975266 -9.22588304 5.00000000
-12.78020458 -9.36038614 5.00000000
-13.23424167 -9.43397195 5.00000000
-13.66480882 -9.44998276 5.00000000
-14.05634336 -9.41611197 5.00000000
-14.39586899 -9.34385745 5.00000000
-14.67390696 -9.24770610 5.00000000
-14.88514042 -9.14410716 5.00000000
-15.02878470 -9.05030688 5.00000000
-15.10863767 -8.98312670 5.00000000
-15.13280638 -8.95777141 5.00000000
-15.29125015 -8.87896423 5.00000000
-15.74945973 -8.92822161 5.00000000
-16.17330653 -9.30853982 5.00000000
-16.27173600 -9.75875527 5.00000000
-16.21049195 -9.92477987 5.00000000
-16.18789361 -9.95154426 5.00000000
-16.12972540 -10.03818220 5.00000000
-16.05197837 -10.19111215 5.00000000
-15.97178562 -10.41229406 5.00000000
-15.90620792 -10.69908625 5.00000000
-15.87102451 -11.04442738 5.00000000
-15.87961449 -11.43733034 5.00000000
-15.94200786 -11.86365355 5.00000000
-16.06417322 -12.30709485 5.00000000
-16.24759237 -12.75033798 5.00000000
-16.48915203 -13.17627065 5.00000000
-16.78136016 -13.56918809 5.00000000
-17.11287167 -13.91589715 5.00000000
-17.46928642 -14.20664288 5.00000000
-17.83416311 -14.43579222 5.00000000
-18.19017736 -14.60222653 5.00000000
-18.52034243 -14.70941509 5.00000000
-18.80920606 -14.76516456 5.00000000
-19.04393907 -14.78106198 5.00000000
-19.21523881 -14.77165070 5.00000000
-19.31798359 -14.75339744 5.00000000
-19.35159196 -14.74352346 5.00000000
-19.52821188 -14.75449633 5.00000000
-19.90040432 -15.02625927 5.00000000
-20.07730732 -15.56754790 5.00000000
-19.93744201 -16.00666065 5.00000000
-19.80139081 -16.11982014 5.00000000
-19.76843788 -16.13169961 5.00000000
-19.67474376 -16.17764617 5.00000000
-19.53094788 -16.27121388 5.00000000
-19.35090797 -16.42266665 5.00000000
-19.15071992 -16.63824713 5.00000000
-18.94757963 -16.91972961 5.00000000
-18.75856729 -17.26428855 5.00000000
-18.59943993 -17.66469197 5.00000000
-18.48351758 -18.10980607 5.00000000
-18.42074166 -18.58537546 5.00000000
-18.41697213 -19.07502380 5.00000000
-18.47357307 -19.56140435 5.00000000
-18.58731593 -20.02741896 5.00000000
-18.75060730 -20.45741952 5.00000000
-18.95202510 -20.83830702 5.00000000
-19.17712533 -21.16045049 5.00000000
-19.40946239 -21.41836104 5.00000000
-19.63175090 -21.61107331 5.00000000
-19.82708694 -21.74220738 5.00000000
-19.98014250 -21.81970684 5.00000000
-20.07824873 -21.85527145 5.00000000
-20.11229141 -21.86352452 5.00000000
-20.25976232 -21.96133726 5.00000000
-20.44620896 -22.38278709 5.00000000
-20.32876713 -22.94000830 5.00000000
-19.98808385 -23.25035843 5.00000000
-19.81368031 -23.28033183 5.00000000
-19.77920250 -23.27414329 5.00000000
-19.67508774 -23.26708711 5.00000000
-19.50377299 -23.27622119 5.00000000
-19.27212747 -23.31736318 5.00000000
-18.99096929 -23.40396732 5.00000000
-18.67430340 -23.54616816 5.00000000
-18.33833444 -23.75005878 5.00000000
-18.00032440 -24.01725464 5.00000000
-17.67737565 -24.34477358 5.00000000
-17.38522541 -24.72524079 5.00000000
-17.13713673 -25.14740393 5.00000000
-16.94296431 -25.59692231 5.00000000
-16.80846121 -26.05737423 5.00000000
-16.73487540 -26.51141133 5.00000000
-16.71886459 -26.94197848 5.00000000
-16.75273538 -27.33351302 5.00000000
-16.82498990 -27.67303864 5.00000000
-16.92114125 -27.95107662 5.00000000
-17.02474019 -28.16231007 5.00000000
-17.11854047 -28.30595436 5.00000000
-17.18572065 -28.38580732 5.00000000
-17.21107594 -28.40997603 5.00000000
-17.28988312 -28.56841981 5.00000000
-17.24062574 -29.02662938 5.00000000
-16.86030753 -29.45047619 5.00000000
-16.41009208 -29.54890565 5.00000000
-16.24406748 -29.48766160 5.00000000
-16.21730309 -29.46506326 5.00000000
-16.13066515 -29.40689506 5.00000000
-15.97773520 -29.32914803 5.00000000
-15.75655329 -29.24895527 5.00000000
-15.46976110 -29.18337757 5.00000000
-15.12441997 -29.14819416 5.00000000
-14.73151701 -29.15678414 5.00000000
-14.30519379 -29.21917752 5.00000000
-13.86175250 -29.34134287 5.00000000
-13.41850937 -29.52476202 5.00000000
-12.99257670 -29.76632168 5.00000000
-12.59965926 -30.05852981 5.00000000
-12.25295020 -30.39004132 5.00000000
-11.96220447 -30.74645608 5.00000000
-11.73305513 -31.11133276 5.00000000
-11.56662082 -31.46734702 5.00000000
-11.45943226 -31.79751209 5.00000000
-11.40368278 -32.08637572 5.00000000
-11.38778537 -32.32110872 5.00000000
-11.39719665 -32.49240846 5.00000000
-11.41544991 -32.59515325 5.00000000
-11.42532389 -32.62876161 5.00000000
-11.41435102 -32.80538153 5.00000000
-11.14258808 -33.17757398 5.00000000
-10.60129945 -33.35447697 5.00000000
-10.16218670 -33.21461167 5.00000000
-10.04902721 -33.07856047 5.00000000
-10.03714774 -33.04560753 5.00000000
-9.99120118 -32.95191342 5.00000000
-9.89763347 -32.80811754 5.00000000
-9.74618070 -32.62807762 5.00000000
-9.53060022 -32.42788957 5.00000000
-9.24911774 -32.22474928 5.00000000
-8.90455880 -32.03573694 5.00000000
-8.50415538 -31.87660958 5.00000000
-8.05904128 -31.76068724 5.00000000
-7.58347189 -31.69791132 5.00000000
-7.09382355 -31.69414178 5.00000000
-6.60744300 -31.75074272 5.00000000
-6.14142839 -31.86448558 5.00000000
-5.71142783 -32.02777695 5.00000000
-5.33054033 -32.22919476 5.00000000
-5.00839686 -32.45429499 5.00000000
-4.75048631 -32.68663205 5.00000000
-4.55777404 -32.90892056 5.00000000
-4.42663997 -33.10425659 5.00000000
-4.34914051 -33.25731216 5.00000000
-4.31357590 -33.35541838 5.00000000
-4.30532283 -33.38946107 5.00000000
-4.20751009 -33.53693197 5.00000000
-3.78606026 -33.72337862 5.00000000
-3.22883905 -33.60593679 5.00000000
-2.91848892 -33.26525351 5.00000000
-2.88851552 -33.09084996 5.00000000
-2.89470406 -33.05637215 5.00000000
-2.90176024 -32.95225739 5.00000000
-2.89262616 -32.78094265 5.00000000
-2.85148417 -32.54929713 5.00000000
-2.76488003 -32.26813895 5.00000000
-2.62267919 -31.95147306 5.00000000
-2.41878857 -31.61550410 5.00000000
-2.15159271 -31.27749405 5.00000000
-1.82407377 -30.95454531 5.00000000
-1.44360656 -30.66239507 5.00000000
-1.02144342 -30.41430639 5.00000000
-0.57192504 -30.22013396 5.00000000
-0.11147312 -30.08563086 5.00000000
0.34256398 -30.01204506 5.00000000
0.77313113 -29.99603425 5.00000000
1.16466567 -30.02990503 5.00000000
1.50419129 -30.10215955 5.00000000
1.78222927 -30.19831091 5.00000000
1.99346272 -30.30190984 5.00000000
2.13710701 -30.39571012 5.00000000
2.21695997 -30.46289030 5.00000000
2.24112868 -30.48824560 5.00000000
2.39957246 -30.56705278 5.00000000
2.85778203 -30.51779539 5.00000000
3.28162884 -30.13747718 5.00000000
3.38005830 -29.68726174 5.00000000
3.31881426 -29.52123714 5.00000000
3.29621591 -29.49447275 5.00000000
3.23804771 -29.40783481 5.00000000
3.16030068 -29.25490485 5.00000000
3.08010792 -29.03372295 5.00000000
3.01453022 -28.74693075 5.00000000
2.97934681 -28.40158963 5.00000000
2.98793679 -28.00868666 5.00000000
3.05033017 -27.58236345 5.00000000
3.17249553 -27.13892216 5.00000000
3.35591467 -26.69567903 5.00000000
3.59747433 -26.26974636 5.00000000
3.88968246 -25.87682891 5.00000000
4.22119397 -25.53011985 5.00000000
4.57760873 -25.23937413 5.00000000
4.94248541 -25.01022478 5.00000000
5.29849967 -24.84379047 5.00000000
5.62866474 -24.73660191 5.00000000
5.91752837 -24.68085244 5.00000000
6.15226137 -24.66495502 5.00000000
6.32356111 -24.67436630 5.00000000
6.42630590 -24.69261956 5.00000000
6.45991426 -24.70249354 5.00000000
6.63653418 -24.69152067 5.00000000
7.00872663 -24.41975774 5.00000000
7.18562963 -23.87846910 5.00000000
7.04576432 -23.43935636 5.00000000
6.90971312 -23.32619686 5.00000000
6.87676018 -23.31431739 5.00000000
6.78306607 -23.26837084 5.00000000
6.63927019 -23.17480313 5.00000000
6.45923028 -23.02335035 5.00000000
6.25904222 -22.80776988 5.00000000
6.05590193 -22.52628740 5.00000000
5.86688959 -22.18172846 5.00000000
5.70776223 -21.78132504 5.00000000
5.59183989 -21.33621093 5.00000000
5.52906397 -20.86064155 5.00000000
5.52529443 -20.37099321 5.00000000
5.58189537 -19.88461265 5.00000000
5.69563823 -19.41859804 5.00000000
5.85892961 -18.98859748 5.00000000
6.06034741 -18.60770999 5.00000000
6.28544764 -18.28556652 5.00000000
6.51778470 -18.02765597 5.00000000
6.74007321 -17.83494369 5.00000000
6.93540924 -17.70380962 5.00000000
7.08846481 -17.62631016 5.00000000
7.18657103 -17.59074556 5.00000000
7.22061372 -17.58249249 5.00000000
