34.30983098 -2.46841356 5.00000000
34.48123393 -2.42485455 5.00000000
34.79580132 -2.08960224 5.00000000
34.86807084 -1.52675805 5.00000000
34.64840439 -1.12290980 5.00000000
34.49356609 -1.03746123 5.00000000
34.45897184 -1.03196624 5.00000000
34.35833124 -1.00443038 5.00000000
34.19955638 -0.93960946 5.00000000
33.99433821 -0.82488590 5.00000000
33.75732223 -0.65116728 5.00000000
33.50507603 -0.41353386 5.00000000
33.25492099 -0.11158887 5.00000000
33.02370952 0.25051282 5.00000000
32.82663323 0.66435845 5.00000000
32.67614571 1.11786999 5.00000000
32.58107726 1.59615090 5.00000000
32.54600672 2.08252595 5.00000000
32.57093773 2.55970270 5.00000000
32.65130313 3.01097720 5.00000000
32.77829511 3.42140310 5.00000000
32.93949444 3.77884273 5.00000000
33.11975220 4.07482403 5.00000000
33.30226109 4.30513956 5.00000000
33.46974210 4.47014290 5.00000000
33.60566388 4.57472051 5.00000000
33.69540989 4.62794088 5.00000000
33.72731129 4.64240661 5.00000000
33.85397110 4.76583129 5.00000000
33.95876830 5.21345201 5.00000000
33.73993345 5.73702413 5.00000000
33.34777260 5.97693375 5.00000000
33.17095441 5.97351523 5.00000000
33.13824741 5.96097691 5.00000000
33.03732217 5.93450336 5.00000000
32.86740865 5.91125250 5.00000000
32.63232272 5.90799693 5.00000000
32.34020154 5.93993367 5.00000000
32.00293322 6.01960716 5.00000000
31.63532010 6.15602167 5.00000000
31.25403425 6.35400520 5.00000000
30.87643836 6.61386788 5.00000000
30.51935658 6.93137663 5.00000000
30.19788444 7.29804582 5.00000000
29.92432493 7.70172371 5.00000000
29.70732744 8.12743640 5.00000000
29.55128867 8.55843428 5.00000000
29.45605400 8.97736952 5.00000000
29.41693690 9.36752099 5.00000000
29.42505404 9.71397719 5.00000000
29.46795362 10.00469073 5.00000000
29.53049475 10.23132833 5.00000000
29.59591767 10.38985609 5.00000000
29.64702980 10.48081928 5.00000000
29.66742437 10.50929767 5.00000000
29.71540264 10.67951649 5.00000000
29.58234932 11.11956600 5.00000000
29.13104671 11.46357533 5.00000000
28.67147064 11.47526273 5.00000000
28.52005086 11.38389311 5.00000000
28.49799493 11.35668111 5.00000000
28.42382788 11.28329172 5.00000000
28.28830389 11.17819912 5.00000000
28.08634128 11.05783675 5.00000000
27.81738855 10.93943420 5.00000000
27.48546887 10.83979929 5.00000000
27.09889932 10.77413117 5.00000000
26.66970433 10.75494701 5.00000000
26.21276535 10.79119675 5.00000000
25.74476908 10.88762650 5.00000000
25.28303144 11.04443527 5.00000000
24.84428302 11.25725081 5.00000000
24.44350133 11.51743008 5.00000000
24.09286885 11.81266581 5.00000000
23.80092559 12.12785703 5.00000000
23.57197345 12.44617957 5.00000000
23.40577500 12.75027801 5.00000000
23.29757035 13.02349311 5.00000000
23.23841377 13.25103759 5.00000000
23.21580779 13.42103811 5.00000000
23.21459061 13.52537062 5.00000000
23.21801362 13.56023091 5.00000000
23.17445461 13.73163386 5.00000000
22.83920230 14.04620126 5.00000000
22.27635811 14.11847078 5.00000000
21.87250987 13.89880433 5.00000000
21.78706129 13.74396603 5.00000000
21.78156630 13.70937177 5.00000000
21.75403045 13.60873117 5.00000000
21.68920953 13.44995632 5.00000000
21.57448597 13.24473815 5.00000000
21.40076735 13.00772216 5.00000000
21.16313392 12.75547596 5.00000000
20.86118893 12.50532093 5.00000000
20.49908724 12.27410946 5.00000000
20.08524161 12.07703316 5.00000000
19.63173008 11.92654565 5.00000000
19.15344917 11.83147720 5.00000000
18.66707411 11.79640666 5.00000000
18.18989736 11.82133767 5.00000000
17.73862287 11.90170307 5.00000000
17.32819697 12.02869504 5.00000000
16.97075733 12.18989438 5.00000000
16.67477603 12.37015213 5.00000000
16.44446051 12.55266102 5.00000000
16.27945716 12.72014203 5.00000000
16.17487955 12.85606381 5.00000000
16.12165919 12.94580982 5.00000000
16.10719345 12.97771123 5.00000000
15.98376877 13.10437104 5.00000000
15.53614806 13.20916824 5.00000000
15.01257593 12.99033338 5.00000000
14.77266632 12.59817253 5.00000000
14.77608483 12.42135434 5.00000000
14.78862315 12.38864734 5.00000000
14.81509671 12.28772210 5.00000000
14.83834757 12.11780858 5.00000000
14.84160314 11.88272265 5.00000000
14.80966639 11.59060148 5.00000000
14.72999291 11.25333315 5.00000000
14.59357840 10.88572004 5.00000000
14.39559487 10.50443419 5.00000000
14.13573219 10.12683830 5.00000000
13.81822343 9.76975652 5.00000000
13.45155424 9.44828437 5.00000000
13.04787636 9.17472486 5.00000000
12.62216367 8.95772738 5.00000000
12.19116579 8.80168861 5.00000000
11.77223055 8.70645393 5.00000000
11.38207907 8.66733683 5.00000000
11.03562287 8.67545398 5.00000000
10.74490933 8.71835355 5.00000000
10.51827173 8.78089469 5.00000000
10.35974398 8.84631760 5.00000000
10.26878079 8.89742974 5.00000000
10.24030239 8.91782430 5.00000000
10.07008358 8.96580257 5.00000000
9.63003407 8.83274925 5.00000000
9.28602473 8.38144665 5.00000000
9.27433734 7.92187058 5.00000000
9.36570695 7.77045079 5.00000000
9.39291896 7.74839486 5.00000000
9.46630835 7.67422782 5.00000000
9.57140094 7.53870382 5.00000000
9.69176331 7.33674122 5.00000000
9.81016587 7.06778849 5.00000000
9.90980077 6.73586881 5.00000000
9.97546889 6.34929926 5.00000000
9.99465305 5.92010426 5.00000000
9.95840332 5.46316529 5.00000000
9.86197356 4.99516902 5.00000000
9.70516480 4.53343138 5.00000000
9.49234925 4.09468295 5.00000000
9.23216999 3.69390127 5.00000000
8.93693426 3.34326879 5.00000000
8.62174304 3.05132552 5.00000000
8.30342050 2.82237339 5.00000000
7.99932205 2.65617494 5.00000000
7.72610696 2.54797029 5.00000000
7.49856247 2.48881370 5.00000000
7.32856195 2.46620773 5.00000000
7.22422945 2.46499054 5.00000000
7.18936915 2.46841356 5.00000000
7.01796620 2.42485455 5.00000000
6.70339881 2.08960224 5.00000000
6.63112928 1.52675805 5.00000000
6.85079574 1.12290980 5.00000000
7.00563404 1.03746123 5.00000000
7.04022829 1.03196624 5.00000000
7.14086889 1.00443038 5.00000000
7.29964375 0.93960946 5.00000000
7.50486192 0.82488590 5.00000000
7.74187790 0.65116728 5.00000000
7.99412410 0.41353386 5.00000000
8.24427914 0.11158887 5.00000000
8.47549061 -0.25051282 5.00000000
8.67256690 -0.66435845 5.00000000
8.82305442 -1.11786999 5.00000000
8.91812286 -1.59615090 5.00000000
8.95319341 -2.08252595 5.00000000
8.92826240 -2.55970270 5.00000000
8.84789700 -3.01097720 5.00000000
8.72090502 -3.42140310 5.00000000
8.55970569 -3.77884273 5.00000000
8.37944793 -4.07482403 5.00000000
8.19693904 -4.30513956 5.00000000
8.02945803 -4.47014290 5.00000000
7.89353625 -4.57472051 5.00000000
7.80379024 -4.62794088 5.00000000
7.77188883 -4.64240661 5.00000000
7.64522903 -4.76583129 5.00000000
7.54043183 -5.21345201 5.00000000
7.75926668 -5.73702413 5.00000000
8.15142753 -5.97693375 5.00000000
8.32824572 -5.97351523 5.00000000
8.36095272 -5.96097691 5.00000000
8.46187796 -5.93450336 5.00000000
8.63179148 -5.91125250 5.00000000
8.86687741 -5.90799693 5.00000000
9.15899859 -5.93993367 5.00000000
9.49626691 -6.01960716 5.00000000
9.86388003 -6.15602167 5.00000000
10.24516588 -6.35400520 5.00000000
10.62276177 -6.61386788 5.00000000
10.97984355 -6.93137663 5.00000000
11.30131569 -7.29804582 5.00000000
11.57487520 -7.70172371 5.00000000
11.79187269 -8.12743640 5.00000000
11.94791146 -8.55843428 5.00000000
12.04314613 -8.97736952 5.00000000
12.08226323 -9.36752099 5.00000000
12.07414609 -9.71397719 5.00000000
12.03124651 -10.00469073 5.00000000
11.96870538 -10.23132833 5.00000000
11.90328246 -10.38985609 5.00000000
11.85217032 -10.48081928 5.00000000
11.83177576 -10.50929767 5.00000000
11.78379749 -10.67951649 5.00000000
11.91685081 -11.11956600 5.00000000
12.36815342 -11.46357533 5.00000000
12.82772949 -11.47526273 5.00000000
12.97914927 -11.38389311 5.00000000
13.00120520 -11.35668111 5.00000000
13.07537225 -11.28329172 5.00000000
13.21089624 -11.17819912 5.00000000
13.41285885 -11.05783675 5.00000000
13.68181157 -10.93943420 5.00000000
14.01373126 -10.83979929 5.00000000
14.40030081 -10.77413117 5.00000000
14.82949580 -10.75494701 5.00000000
15.28643478 -10.79119675 5.00000000
15.75443105 -10.88762650 5.00000000
16.21616869 -11.04443527 5.00000000
16.65491711 -11.25725081 5.00000000
17.05569880 -11.51743008 5.00000000
17.40633127 -11.81266581 5.00000000
17.69827454 -12.12785703 5.00000000
17.92722668 -12.44617957 5.00000000
18.09342513 -12.75027801 5.00000000
18.20162978 -13.02349311 5.00000000
18.26078636 -13.25103759 5.00000000
18.28339233 -13.42103811 5.00000000
18.28460952 -13.52537062 5.00000000
18.28118651 -13.56023091 5.00000000
18.32474552 -13.73163386 5.00000000
18.65999782 -14.04620126 5.00000000
19.22284202 -14.11847078 5.00000000
19.62669026 -13.89880433 5.00000000
19.71213884 -13.74396603 5.00000000
19.71763383 -13.70937177 5.00000000
19.74516968 -13.60873117 5.00000000
19.80999060 -13.44995632 5.00000000
19.92471416 -13.24473815 5.00000000
20.09843278 -13.00772216 5.00000000
20.33606621 -12.75547596 5.00000000
20.63801120 -12.50532093 5.00000000
21.00011289 -12.27410946 5.00000000
21.41395851 -12.07703316 5.00000000
21.86747005 -11.92654565 5.00000000
22.34575096 -11.83147720 5.00000000
22.83212602 -11.79640666 5.00000000
23.30930277 -11.82133767 5.00000000
23.76057726 -11.90170307 5.00000000
24.17100316 -12.02869504 5.00000000
24.52844280 -12.18989438 5.00000000
24.82442410 -12.37015213 5.00000000
25.05473962 -12.55266102 5.00000000
25.21974297 -12.72014203 5.00000000
25.32432058 -12.85606381 5.00000000
25.37754094 -12.94580982 5.00000000
25.39200668 -12.97771123 5.00000000
25.51543136 -13.10437104 5.00000000
25.96305207 -13.20916824 5.00000000
26.48662420 -12.99033338 5.00000000
26.72653381 -12.59817253 5.00000000
26.72311530 -12.42135434 5.00000000
26.71057697 -12.38864734 5.00000000
26.68410342 -12.28772210 5.00000000
26.66085256 -12.11780858 5.00000000
26.65759699 -11.88272265 5.00000000
26.68953374 -11.59060148 5.00000000
26.76920722 -11.25333315 5.00000000
26.90562173 -10.88572004 5.00000000
27.10360526 -10.50443419 5.00000000
27.36346794 -10.12683830 5.00000000
27.68097669 -9.76975652 5.00000000
28.04764589 -9.44828437 5.00000000
28.45132377 -9.17472486 5.00000000
28.87703646 -8.95772738 5.00000000
29.30803434 -8.80168861 5.00000000
29.72696958 -8.70645393 5.00000000
30.11712106 -8.66733683 5.00000000
30.46357726 -8.67545398 5.00000000
30.75429080 -8.71835355 5.00000000
30.98092839 -8.78089469 5.00000000
31.13945615 -8.84631760 5.00000000
31.23041934 -8.89742974 5.00000000
31.25889774 -8.91782430 5.00000000
31.42911655 -8.96580257 5.00000000
31.86916606 -8.83274925 5.00000000
32.21317540 -8.38144665 5.00000000
32.22486279 -7.92187058 5.00000000
32.13349318 -7.77045079 5.00000000
32.10628117 -7.74839486 5.00000000
32.03289178 -7.67422782 5.00000000
31.92779918 -7.53870382 5.00000000
31.80743682 -7.33674122 5.00000000
31.68903426 -7.06778849 5.00000000
31.58939936 -6.73586881 5.00000000
31.52373123 -6.34929926 5.00000000
31.50454707 -5.92010426 5.00000000
31.54079681 -5.46316529 5.00000000
31.63722657 -4.99516902 5.00000000
31.79403533 -4.53343138 5.00000000
32.00685088 -4.09468295 5.00000000
32.26703014 -3.69390127 5.00000000
32.56226587 -3.34326879 5.00000000
32.87745709 -3.05132552 5.00000000
33.19577963 -2.82237339 5.00000000
33.49987808 -2.65617494 5.00000000
33.77309317 -2.54797029 5.00000000
34.00063766 -2.48881370 5.00000000
34.17063818 -2.46620773 5.00000000
34.27497068 -2.46499054 5.00000000
34.30983098 -2.46841356 5.00000000
