3.18543088 -20.43809433 -5.00000000
3.35683383 -20.39453532 -5.00000000
3.67140123 -20.05928301 -5.00000000
3.74367075 -19.49643882 -5.00000000
3.52400430 -19.09259058 -5.00000000
3.36916599 -19.00714200 -5.00000000
3.33457174 -19.00164701 -5.00000000
3.23393114 -18.97411116 -5.00000000
3.07515629 -18.90929024 -5.00000000
2.86993812 -18.79456668 -5.00000000
2.63292213 -18.62084806 -5.00000000
2.38067593 -18.38321463 -5.00000000
2.13052089 -18.08126964 -5.00000000
1.89930942 -17.71916795 -5.00000000
1.70223313 -17.30532232 -5.00000000
1.55174561 -16.85181079 -5.00000000
1.45667717 -16.37352988 -5.00000000
1.42160663 -15.88715482 -5.00000000
1.44653763 -15.40997807 -5.00000000
1.52690304 -14.95870358 -5.00000000
1.65389501 -14.54827768 -5.00000000
1.81509435 -14.19083804 -5.00000000
1.99535210 -13.89485674 -5.00000000
2.17786099 -13.66454122 -5.00000000
2.34534200 -13.49953787 -5.00000000
2.48126378 -13.39496026 -5.00000000
2.57100979 -13.34173990 -5.00000000
2.60291120 -13.32727416 -5.00000000
2.72957100 -13.20384948 -5.00000000
2.83436820 -12.75622877 -5.00000000
2.61553335 -12.23265664 -5.00000000
2.22337250 -11.99274703 -5.00000000
2.04655431 -11.99616554 -5.00000000
2.01384731 -12.00870386 -5.00000000
1.91292207 -12.03517742 -5.00000000
1.74300855 -12.05842828 -5.00000000
1.50792262 -12.06168385 -5.00000000
1.21580145 -12.02974710 -5.00000000
0.87853312 -11.95007362 -5.00000000
0.51092001 -11.81365911 -5.00000000
0.12963416 -11.61567558 -5.00000000
-0.24796174 -11.35581290 -5.00000000
-0.60504352 -11.03830414 -5.00000000
-0.92651566 -10.67163495 -5.00000000
-1.20007517 -10.26795707 -5.00000000
-1.41707266 -9.84224438 -5.00000000
-1.57311143 -9.41124650 -5.00000000
-1.66834610 -8.99231126 -5.00000000
-1.70746320 -8.60215978 -5.00000000
-1.69934605 -8.25570358 -5.00000000
-1.65644648 -7.96499004 -5.00000000
-1.59390534 -7.73835244 -5.00000000
-1.52848243 -7.57982469 -5.00000000
-1.47737029 -7.48886150 -5.00000000
-1.45697573 -7.46038310 -5.00000000
-1.40899746 -7.29016429 -5.00000000
-1.54205078 -6.85011478 -5.00000000
-1.99335339 -6.50610544 -5.00000000
-2.45292945 -6.49441805 -5.00000000
-2.60434924 -6.58578766 -5.00000000
-2.62640517 -6.61299967 -5.00000000
-2.70057222 -6.68638906 -5.00000000
-2.83609621 -6.79148165 -5.00000000
-3.03805881 -6.91184402 -5.00000000
-3.30701154 -7.03024658 -5.00000000
-3.63893122 -7.12988148 -5.00000000
-4.02550077 -7.19554960 -5.00000000
-4.45469577 -7.21473376 -5.00000000
-4.91163475 -7.17848403 -5.00000000
-5.37963102 -7.08205427 -5.00000000
-5.84136866 -6.92524551 -5.00000000
-6.28011708 -6.71242996 -5.00000000
-6.68089876 -6.45225070 -5.00000000
-7.03153124 -6.15701497 -5.00000000
-7.32347451 -5.84182375 -5.00000000
-7.55242665 -5.52350121 -5.00000000
-7.71862510 -5.21940276 -5.00000000
-7.82682975 -4.94618767 -5.00000000
-7.88598633 -4.71864318 -5.00000000
-7.90859230 -4.54864266 -5.00000000
-7.90980949 -4.44431016 -5.00000000
-7.90638648 -4.40944986 -5.00000000
-7.94994548 -4.23804691 -5.00000000
-8.28519779 -3.92347952 -5.00000000
-8.84804198 -3.85120999 -5.00000000
-9.25189023 -4.07087645 -5.00000000
-9.33733880 -4.22571475 -5.00000000
-9.34283380 -4.26030900 -5.00000000
-9.37036965 -4.36094960 -5.00000000
-9.43519057 -4.51972446 -5.00000000
-9.54991413 -4.72494263 -5.00000000
-9.72363275 -4.96195861 -5.00000000
-9.96126617 -5.21420481 -5.00000000
-10.26321116 -5.46435985 -5.00000000
-10.62531285 -5.69557132 -5.00000000
-11.03915848 -5.89264761 -5.00000000
-11.49267002 -6.04313513 -5.00000000
-11.97095093 -6.13820357 -5.00000000
-12.45732598 -6.17327412 -5.00000000
-12.93450273 -6.14834311 -5.00000000
-13.38577723 -6.06797770 -5.00000000
-13.79620313 -5.94098573 -5.00000000
-14.15364276 -5.77978640 -5.00000000
-14.44962407 -5.59952864 -5.00000000
-14.67993959 -5.41701975 -5.00000000
-14.84494294 -5.24953874 -5.00000000
-14.94952054 -5.11361696 -5.00000000
-15.00274091 -5.02387095 -5.00000000
-15.01720664 -4.99196954 -5.00000000
-15.14063132 -4.86530974 -5.00000000
-15.58825204 -4.76051254 -5.00000000
-16.11182417 -4.97934739 -5.00000000
-16.35173378 -5.37150824 -5.00000000
-16.34831527 -5.54832643 -5.00000000
-16.33577694 -5.58103343 -5.00000000
-16.30930339 -5.68195867 -5.00000000
-16.28605253 -5.85187219 -5.00000000
-16.28279696 -6.08695812 -5.00000000
-16.31473370 -6.37907930 -5.00000000
-16.39440719 -6.71634762 -5.00000000
-16.53082170 -7.08396074 -5.00000000
-16.72880523 -7.46524659 -5.00000000
-16.98866791 -7.84284248 -5.00000000
-17.30617666 -8.19992426 -5.00000000
-17.67284586 -8.52139640 -5.00000000
-18.07652374 -8.79495591 -5.00000000
-18.50223643 -9.01195340 -5.00000000
-18.93323431 -9.16799217 -5.00000000
-19.35216955 -9.26322684 -5.00000000
-19.74232102 -9.30234394 -5.00000000
-20.08877723 -9.29422680 -5.00000000
-20.37949077 -9.25132722 -5.00000000
-20.60612836 -9.18878609 -5.00000000
-20.76465612 -9.12336317 -5.00000000
-20.85561931 -9.07225103 -5.00000000
-20.88409771 -9.05185647 -5.00000000
-21.05431652 -9.00387820 -5.00000000
-21.49436603 -9.13693152 -5.00000000
-21.83837537 -9.58823413 -5.00000000
-21.85006276 -10.04781020 -5.00000000
-21.75869314 -10.19922998 -5.00000000
-21.73148114 -10.22128591 -5.00000000
-21.65809175 -10.29545296 -5.00000000
-21.55299915 -10.43097695 -5.00000000
-21.43263678 -10.63293955 -5.00000000
-21.31423423 -10.90189228 -5.00000000
-21.21459933 -11.23381197 -5.00000000
-21.14893120 -11.62038152 -5.00000000
-21.12974704 -12.04957651 -5.00000000
-21.16599678 -12.50651549 -5.00000000
-21.26242653 -12.97451176 -5.00000000
-21.41923530 -13.43624940 -5.00000000
-21.63205085 -13.87499782 -5.00000000
-21.89223011 -14.27577951 -5.00000000
-22.18746584 -14.62641198 -5.00000000
-22.50265706 -14.91835525 -5.00000000
-22.82097960 -15.14730739 -5.00000000
-23.12507804 -15.31350584 -5.00000000
-23.39829314 -15.42171049 -5.00000000
-23.62583762 -15.48086707 -5.00000000
-23.79583814 -15.50347304 -5.00000000
-23.90017065 -15.50469023 -5.00000000
-23.93503095 -15.50126722 -5.00000000
-24.10643390 -15.54482622 -5.00000000
-24.42100129 -15.88007853 -5.00000000
-24.49327081 -16.44292273 -5.00000000
-24.27360436 -16.84677097 -5.00000000
-24.11876606 -16.93221955 -5.00000000
-24.08417181 -16.93771454 -5.00000000
-23.98353121 -16.96525039 -5.00000000
-23.82475635 -17.03007131 -5.00000000
-23.61953818 -17.14479487 -5.00000000
-23.38252219 -17.31851349 -5.00000000
-23.13027600 -17.55614692 -5.00000000
-22.88012096 -17.85809191 -5.00000000
-22.64890949 -18.22019360 -5.00000000
-22.45183319 -18.63403922 -5.00000000
-22.30134568 -19.08755076 -5.00000000
-22.20627723 -19.56583167 -5.00000000
-22.17120669 -20.05220673 -5.00000000
-22.19613770 -20.52938348 -5.00000000
-22.27650310 -20.98065797 -5.00000000
-22.40349507 -21.39108387 -5.00000000
-22.56469441 -21.74852351 -5.00000000
-22.74495216 -22.04450481 -5.00000000
-22.92746105 -22.27482033 -5.00000000
-23.09494206 -22.43982368 -5.00000000
-23.23086385 -22.54440129 -5.00000000
-23.32060985 -22.59762165 -5.00000000
-23.35251126 -22.61208738 -5.00000000
-23.47917107 -22.73551207 -5.00000000
-23.58396827 -23.18313278 -5.00000000
-23.36513341 -23.70670491 -5.00000000
-22.97297256 -23.94661452 -5.00000000
-22.79615437 -23.94319601 -5.00000000
-22.76344738 -23.93065768 -5.00000000
-22.66252213 -23.90418413 -5.00000000
-22.49260862 -23.88093327 -5.00000000
-22.25752268 -23.87767770 -5.00000000
-21.96540151 -23.90961445 -5.00000000
-21.62813318 -23.98928793 -5.00000000
-21.26052007 -24.12570244 -5.00000000
-20.87923422 -24.32368597 -5.00000000
-20.50163833 -24.58354865 -5.00000000
-20.14455655 -24.90105740 -5.00000000
-19.82308440 -25.26772660 -5.00000000
-19.54952490 -25.67140448 -5.00000000
-19.33252741 -26.09711717 -5.00000000
-19.17648864 -26.52811505 -5.00000000
-19.08125396 -26.94705029 -5.00000000
-19.04213687 -27.33720177 -5.00000000
-19.05025401 -27.68365797 -5.00000000
-19.09315358 -27.97437151 -5.00000000
-19.15569472 -28.20100910 -5.00000000
-19.22111763 -28.35953686 -5.00000000
-19.27222977 -28.45050005 -5.00000000
-19.29262434 -28.47897845 -5.00000000
-19.34060260 -28.64919726 -5.00000000
-19.20754929 -29.08924677 -5.00000000
-18.75624668 -29.43325611 -5.00000000
-18.29667061 -29.44494350 -5.00000000
-18.14525082 -29.35357389 -5.00000000
-18.12319490 -29.32636188 -5.00000000
-18.04902785 -29.25297249 -5.00000000
-17.91350386 -29.14787989 -5.00000000
-17.71154125 -29.02751753 -5.00000000
-17.44258852 -28.90911497 -5.00000000
-17.11066884 -28.80948007 -5.00000000
-16.72409929 -28.74381194 -5.00000000
-16.29490429 -28.72462778 -5.00000000
-15.83796532 -28.76087752 -5.00000000
-15.36996905 -28.85730728 -5.00000000
-14.90823141 -29.01411604 -5.00000000
-14.46948298 -29.22693159 -5.00000000
-14.06870130 -29.48711085 -5.00000000
-13.71806882 -29.78234658 -5.00000000
-13.42612556 -30.09753780 -5.00000000
-13.19717342 -30.41586034 -5.00000000
-13.03097497 -30.71995879 -5.00000000
-12.92277032 -30.99317388 -5.00000000
-12.86361373 -31.22071837 -5.00000000
-12.84100776 -31.39071889 -5.00000000
-12.83979058 -31.49505139 -5.00000000
-12.84321359 -31.52991169 -5.00000000
-12.79965458 -31.70131464 -5.00000000
-12.46440227 -32.01588203 -5.00000000
-11.90155808 -32.08815155 -5.00000000
-11.49770983 -31.86848510 -5.00000000
-11.41226126 -31.71364680 -5.00000000
-11.40676627 -31.67905255 -5.00000000
-11.37923042 -31.57841195 -5.00000000
-11.31440949 -31.41963709 -5.00000000
-11.19968593 -31.21441892 -5.00000000
-11.02596731 -30.97740294 -5.00000000
-10.78833389 -30.72515674 -5.00000000
-10.48638890 -30.47500170 -5.00000000
-10.12428721 -30.24379023 -5.00000000
-9.71044158 -30.04671394 -5.00000000
-9.25693005 -29.89622642 -5.00000000
-8.77864914 -29.80115797 -5.00000000
-8.29227408 -29.76608743 -5.00000000
-7.81509733 -29.79101844 -5.00000000
-7.36382283 -29.87138384 -5.00000000
-6.95339694 -29.99837582 -5.00000000
-6.59595730 -30.15957515 -5.00000000
-6.29997600 -30.33983291 -5.00000000
-6.06966047 -30.52234180 -5.00000000
-5.90465713 -30.68982281 -5.00000000
-5.80007952 -30.82574459 -5.00000000
-5.74685915 -30.91549060 -5.00000000
-5.73239342 -30.94739200 -5.00000000
-5.60896874 -31.07405181 -5.00000000
-5.16134803 -31.17884901 -5.00000000
-4.63777590 -30.96001416 -5.00000000
-4.39786628 -30.56785331 -5.00000000
-4.40128480 -30.39103512 -5.00000000
-4.41382312 -30.35832812 -5.00000000
-4.44029667 -30.25740288 -5.00000000
-4.46354754 -30.08748936 -5.00000000
-4.46680310 -29.85240343 -5.00000000
-4.43486636 -29.56028225 -5.00000000
-4.35519288 -29.22301392 -5.00000000
-4.21877836 -28.85540081 -5.00000000
-4.02079484 -28.47411496 -5.00000000
-3.76093216 -28.09651907 -5.00000000
-3.44342340 -27.73943729 -5.00000000
-3.07675421 -27.41796515 -5.00000000
-2.67307633 -27.14440564 -5.00000000
-2.24736363 -26.92740815 -5.00000000
-1.81636575 -26.77136938 -5.00000000
-1.39743051 -26.67613471 -5.00000000
-1.00727904 -26.63701761 -5.00000000
-0.66082284 -26.64513475 -5.00000000
-0.37010930 -26.68803433 -5.00000000
-0.14347170 -26.75057546 -5.00000000
0.01505605 -26.81599837 -5.00000000
0.10601925 -26.86711051 -5.00000000
0.13449764 -26.88750508 -5.00000000
0.30471645 -26.93548335 -5.00000000
0.74476596 -26.80243003 -5.00000000
1.08877530 -26.35112742 -5.00000000
1.10046270 -25.89155135 -5.00000000
1.00909308 -25.74013157 -5.00000000
0.98188107 -25.71807564 -5.00000000
0.90849169 -25.64390859 -5.00000000
0.80339909 -25.50838460 -5.00000000
0.68303672 -25.30642199 -5.00000000
0.56463416 -25.03746926 -5.00000000
0.46499926 -24.70554958 -5.00000000
0.39933114 -24.31898003 -5.00000000
0.38014698 -23.88978503 -5.00000000
0.41639671 -23.43284606 -5.00000000
0.51282647 -22.96484979 -5.00000000
0.66963524 -22.50311215 -5.00000000
0.88245078 -22.06436372 -5.00000000
1.14263004 -21.66358204 -5.00000000
1.43786577 -21.31294956 -5.00000000
1.75305700 -21.02100630 -5.00000000
2.07137953 -20.79205416 -5.00000000
2.37547798 -20.62585571 -5.00000000
2.64869308 -20.51765106 -5.00000000
2.87623756 -20.45849448 -5.00000000
3.04623808 -20.43588850 -5.00000000
3.15057059 -20.43467132 -5.00000000
3.18543088 -20.43809433 -5.00000000
