3.38937746 -18.69103075 0.00000000
3.55383725 -18.62599741 0.00000000
3.82314711 -18.25341325 0.00000000
3.82314711 -17.68594830 0.00000000
3.55383725 -17.31336414 0.00000000
3.38937746 -17.24833080 0.00000000
3.35436509 -17.24728630 0.00000000
3.25103716 -17.23279176 0.00000000
3.08529990 -17.18871944 0.00000000
2.86714216 -17.10106562 0.00000000
2.60993221 -16.95894674 0.00000000
2.32947619 -16.75537314 0.00000000
2.04290390 -16.48774533 0.00000000
1.76745966 -16.15803811 0.00000000
1.51928280 -15.77266101 0.00000000
1.31226369 -15.34200767 0.00000000
1.15705788 -14.87972876 0.00000000
1.06033060 -14.40178057 0.00000000
1.02428773 -13.92531429 0.00000000
1.04652665 -13.46747949 0.00000000
1.12021475 -13.04422255 0.00000000
1.23457973 -12.66916392 0.00000000
1.37567497 -12.35263601 0.00000000
1.52736588 -12.10095247 0.00000000
1.67246912 -11.91596316 0.00000000
1.79396563 -11.79492679 0.00000000
1.87620297 -11.73071018 0.00000000
1.90600233 -11.71229943 0.00000000
2.01591201 -11.57374901 0.00000000
2.06284912 -11.11642673 0.00000000
1.77911664 -10.62498767 0.00000000
1.35959538 -10.43697525 0.00000000
1.18465235 -10.46288462 0.00000000
1.15380850 -10.47948625 0.00000000
1.05707661 -10.51859757 0.00000000
0.89150778 -10.56329845 0.00000000
0.65875072 -10.59646688 0.00000000
0.36494093 -10.60199330 0.00000000
0.02027209 -10.56592140 0.00000000
-0.36172069 -10.47743507 0.00000000
-0.76511601 -10.32962236 0.00000000
-1.17273203 -10.11996443 0.00000000
-1.56734250 -9.85051726 0.00000000
-1.93289413 -9.52777487 0.00000000
-2.25563651 -9.16222325 0.00000000
-2.52508369 -8.76761277 0.00000000
-2.73474162 -8.35999675 0.00000000
-2.88255433 -7.95660143 0.00000000
-2.97104066 -7.57460865 0.00000000
-3.00711256 -7.22993981 0.00000000
-3.00158614 -6.93613002 0.00000000
-2.96841771 -6.70337296 0.00000000
-2.92371683 -6.53780413 0.00000000
-2.88460551 -6.44107224 0.00000000
-2.86800388 -6.41022839 0.00000000
-2.84209451 -6.23528536 0.00000000
-3.03010693 -5.81576410 0.00000000
-3.52154599 -5.53203163 0.00000000
-3.97886827 -5.57896873 0.00000000
-4.11741869 -5.68887841 0.00000000
-4.13582944 -5.71867777 0.00000000
-4.20004605 -5.80091511 0.00000000
-4.32108242 -5.92241162 0.00000000
-4.50607173 -6.06751486 0.00000000
-4.75775527 -6.21920577 0.00000000
-5.07428318 -6.36030101 0.00000000
-5.44934180 -6.47466599 0.00000000
-5.87259875 -6.54835409 0.00000000
-6.33043355 -6.57059301 0.00000000
-6.80689983 -6.53455015 0.00000000
-7.28484802 -6.43782286 0.00000000
-7.74712693 -6.28261705 0.00000000
-8.17778027 -6.07559795 0.00000000
-8.56315737 -5.82742108 0.00000000
-8.89286459 -5.55197684 0.00000000
-9.16049240 -5.26540455 0.00000000
-9.36406599 -4.98494853 0.00000000
-9.50618487 -4.72773858 0.00000000
-9.59383870 -4.50958084 0.00000000
-9.63791102 -4.34384358 0.00000000
-9.65240556 -4.24051565 0.00000000
-9.65345006 -4.20550328 0.00000000
-9.71848340 -4.04104349 0.00000000
-10.09106756 -3.77173363 0.00000000
-10.65853251 -3.77173363 0.00000000
-11.03111666 -4.04104349 0.00000000
-11.09615001 -4.20550328 0.00000000
-11.09719450 -4.24051565 0.00000000
-11.11168905 -4.34384358 0.00000000
-11.15576137 -4.50958084 0.00000000
-11.24341519 -4.72773858 0.00000000
-11.38553407 -4.98494853 0.00000000
-11.58910767 -5.26540455 0.00000000
-11.85673547 -5.55197684 0.00000000
-12.18644269 -5.82742108 0.00000000
-12.57181980 -6.07559795 0.00000000
-13.00247313 -6.28261705 0.00000000
-13.46475205 -6.43782286 0.00000000
-13.94270024 -6.53455015 0.00000000
-14.41916652 -6.57059301 0.00000000
-14.87700131 -6.54835409 0.00000000
-15.30025826 -6.47466599 0.00000000
-15.67531688 -6.36030101 0.00000000
-15.99184480 -6.21920577 0.00000000
-16.24352834 -6.06751486 0.00000000
-16.42851764 -5.92241162 0.00000000
-16.54955402 -5.80091511 0.00000000
-16.61377063 -5.71867777 0.00000000
-16.63218138 -5.68887841 0.00000000
-16.77073180 -5.57896873 0.00000000
-17.22805407 -5.53203163 0.00000000
-17.71949314 -5.81576410 0.00000000
-17.90750555 -6.23528536 0.00000000
-17.88159618 -6.41022839 0.00000000
-17.86499456 -6.44107224 0.00000000
-17.82588324 -6.53780413 0.00000000
-17.78118236 -6.70337296 0.00000000
-17.74801392 -6.93613002 0.00000000
-17.74248751 -7.22993981 0.00000000
-17.77855940 -7.57460865 0.00000000
-17.86704573 -7.95660143 0.00000000
-18.01485845 -8.35999675 0.00000000
-18.22451638 -8.76761277 0.00000000
-18.49396355 -9.16222325 0.00000000
-18.81670593 -9.52777487 0.00000000
-19.18225756 -9.85051726 0.00000000
-19.57686803 -10.11996443 0.00000000
-19.98448406 -10.32962236 0.00000000
-20.38787937 -10.47743507 0.00000000
-20.76987216 -10.56592140 0.00000000
-21.11454099 -10.60199330 0.00000000
-21.40835079 -10.59646688 0.00000000
-21.64110785 -10.56329845 0.00000000
-21.80667668 -10.51859757 0.00000000
-21.90340856 -10.47948625 0.00000000
-21.93425242 -10.46288462 0.00000000
-22.10919545 -10.43697525 0.00000000
-22.52871671 -10.62498767 0.00000000
-22.81244918 -11.11642673 0.00000000
-22.76551208 -11.57374901 0.00000000
-22.65560239 -11.71229943 0.00000000
-22.62580304 -11.73071018 0.00000000
-22.54356570 -11.79492679 0.00000000
-22.42206918 -11.91596316 0.00000000
-22.27696595 -12.10095247 0.00000000
-22.12527503 -12.35263601 0.00000000
-21.98417979 -12.66916392 0.00000000
-21.86981481 -13.04422255 0.00000000
-21.79612672 -13.46747949 0.00000000
-21.77388780 -13.92531429 0.00000000
-21.80993066 -14.40178057 0.00000000
-21.90665795 -14.87972876 0.00000000
-22.06186375 -15.34200767 0.00000000
-22.26888286 -15.77266101 0.00000000
-22.51705973 -16.15803811 0.00000000
-22.79250396 -16.48774533 0.00000000
-23.07907625 -16.75537314 0.00000000
-23.35953227 -16.95894674 0.00000000
-23.61674223 -17.10106562 0.00000000
-23.83489997 -17.18871944 0.00000000
-24.00063722 -17.23279176 0.00000000
-24.10396515 -17.24728630 0.00000000
-24.13897753 -17.24833080 0.00000000
-24.30343732 -17.31336414 0.00000000
-24.57274718 -17.68594830 0.00000000
-24.57274718 -18.25341325 0.00000000
-24.30343732 -18.62599741 0.00000000
-24.13897753 -18.69103075 0.00000000
-24.10396515 -18.69207525 0.00000000
-24.00063722 -18.70656979 0.00000000
-23.83489997 -18.75064211 0.00000000
-23.61674223 -18.83829593 0.00000000
-23.35953227 -18.98041481 0.00000000
-23.07907625 -19.18398841 0.00000000
-22.79250396 -19.45161621 0.00000000
-22.51705973 -19.78132344 0.00000000
-22.26888286 -20.16670054 0.00000000
-22.06186375 -20.59735387 0.00000000
-21.90665795 -21.05963279 0.00000000
-21.80993066 -21.53758098 0.00000000
-21.77388780 -22.01404726 0.00000000
-21.79612672 -22.47188205 0.00000000
-21.86981481 -22.89513900 0.00000000
-21.98417979 -23.27019762 0.00000000
-22.12527503 -23.58672554 0.00000000
-22.27696595 -23.83840908 0.00000000
-22.42206918 -24.02339839 0.00000000
-22.54356570 -24.14443476 0.00000000
-22.62580304 -24.20865137 0.00000000
-22.65560239 -24.22706212 0.00000000
-22.76551208 -24.36561254 0.00000000
-22.81244918 -24.82293482 0.00000000
-22.52871671 -25.31437388 0.00000000
-22.10919545 -25.50238629 0.00000000
-21.93425242 -25.47647693 0.00000000
-21.90340856 -25.45987530 0.00000000
-21.80667668 -25.42076398 0.00000000
-21.64110785 -25.37606310 0.00000000
-21.40835079 -25.34289466 0.00000000
-21.11454099 -25.33736825 0.00000000
-20.76987216 -25.37344014 0.00000000
-20.38787937 -25.46192648 0.00000000
-19.98448406 -25.60973919 0.00000000
-19.57686803 -25.81939712 0.00000000
-19.18225756 -26.08884429 0.00000000
-18.81670593 -26.41158667 0.00000000
-18.49396355 -26.77713830 0.00000000
-18.22451638 -27.17174878 0.00000000
-18.01485845 -27.57936480 0.00000000
-17.86704573 -27.98276011 0.00000000
-17.77855940 -28.36475290 0.00000000
-17.74248751 -28.70942174 0.00000000
-17.74801392 -29.00323153 0.00000000
-17.78118236 -29.23598859 0.00000000
-17.82588324 -29.40155742 0.00000000
-17.86499456 -29.49828931 0.00000000
-17.88159618 -29.52913316 0.00000000
-17.90750555 -29.70407619 0.00000000
-17.71949314 -30.12359745 0.00000000
-17.22805407 -30.40732992 0.00000000
-16.77073180 -30.36039282 0.00000000
-16.63218138 -30.25048314 0.00000000
-16.61377063 -30.22068378 0.00000000
-16.54955402 -30.13844644 0.00000000
-16.42851764 -30.01694992 0.00000000
-16.24352834 -29.87184669 0.00000000
-15.99184480 -29.72015577 0.00000000
-15.67531688 -29.57906054 0.00000000
-15.30025826 -29.46469555 0.00000000
-14.87700131 -29.39100746 0.00000000
-14.41916652 -29.36876854 0.00000000
-13.94270024 -29.40481140 0.00000000
-13.46475205 -29.50153869 0.00000000
-13.00247313 -29.65674450 0.00000000
-12.57181980 -29.86376360 0.00000000
-12.18644269 -30.11194047 0.00000000
-11.85673547 -30.38738470 0.00000000
-11.58910767 -30.67395699 0.00000000
-11.38553407 -30.95441301 0.00000000
-11.24341519 -31.21162297 0.00000000
-11.15576137 -31.42978071 0.00000000
-11.11168905 -31.59551796 0.00000000
-11.09719450 -31.69884590 0.00000000
-11.09615001 -31.73385827 0.00000000
-11.03111666 -31.89831806 0.00000000
-10.65853251 -32.16762792 0.00000000
-10.09106756 -32.16762792 0.00000000
-9.71848340 -31.89831806 0.00000000
-9.65345006 -31.73385827 0.00000000
-9.65240556 -31.69884590 0.00000000
-9.63791102 -31.59551796 0.00000000
-9.59383870 -31.42978071 0.00000000
-9.50618487 -31.21162297 0.00000000
-9.36406599 -30.95441301 0.00000000
-9.16049240 -30.67395699 0.00000000
-8.89286459 -30.38738470 0.00000000
-8.56315737 -30.11194047 0.00000000
-8.17778027 -29.86376360 0.00000000
-7.74712693 -29.65674450 0.00000000
-7.28484802 -29.50153869 0.00000000
-6.80689983 -29.40481140 0.00000000
-6.33043355 -29.36876854 0.00000000
-5.87259875 -29.39100746 0.00000000
-5.44934180 -29.46469555 0.00000000
-5.07428318 -29.57906054 0.00000000
-4.75775527 -29.72015577 0.00000000
-4.50607173 -29.87184669 0.00000000
-4.32108242 -30.01694992 0.00000000
-4.20004605 -30.13844644 0.00000000
-4.13582944 -30.22068378 0.00000000
-4.11741869 -30.25048314 0.00000000
-3.97886827 -30.36039282 0.00000000
-3.52154599 -30.40732992 0.00000000
-3.03010693 -30.12359745 0.00000000
-2.84209451 -29.70407619 0.00000000
-2.86800388 -29.52913316 0.00000000
-2.88460551 -29.49828931 0.00000000
-2.92371683 -29.40155742 0.00000000
-2.96841771 -29.23598859 0.00000000
-3.00158614 -29.00323153 0.00000000
-3.00711256 -28.70942174 0.00000000
-2.97104066 -28.36475290 0.00000000
-2.88255433 -27.98276011 0.00000000
-2.73474162 -27.57936480 0.00000000
-2.52508369 -27.17174878 0.00000000
-2.25563651 -26.77713830 0.00000000
-1.93289413 -26.41158667 0.00000000
-1.56734250 -26.08884429 0.00000000
-1.17273203 -25.81939712 0.00000000
-0.76511601 -25.60973919 0.00000000
-0.36172069 -25.46192648 0.00000000
0.02027209 -25.37344014 0.00000000
0.36494093 -25.33736825 0.00000000
0.65875072 -25.34289466 0.00000000
0.89150778 -25.37606310 0.00000000
1.05707661 -25.42076398 0.00000000
1.15380850 -25.45987530 0.00000000
1.18465235 -25.47647693 0.00000000
1.35959538 -25.50238629 0.00000000
1.77911664 -25.31437388 0.00000000
2.06284912 -24.82293482 0.00000000
2.01591201 -24.36561254 0.00000000
1.90600233 -24.22706212 0.00000000
1.87620297 -24.20865137 0.00000000
1.79396563 -24.14443476 0.00000000
1.67246912 -24.02339839 0.00000000
1.52736588 -23.83840908 0.00000000
1.37567497 -23.58672554 0.00000000
1.23457973 -23.27019762 0.00000000
1.12021475 -22.89513900 0.00000000
1.04652665 -22.47188205 0.00000000
1.02428773 -22.01404726 0.00000000
1.06033060 -21.53758098 0.00000000
1.15705788 -21.05963279 0.00000000
1.31226369 -20.59735387 0.00000000
1.51928280 -20.16670054 0.00000000
1.76745966 -19.78132344 0.00000000
2.04290390 -19.45161621 0.00000000
2.32947619 -19.18398841 0.00000000
2.60993221 -18.98041481 0.00000000
2.86714216 -18.83829593 0.00000000
3.08529990 -18.75064211 0.00000000
3.25103716 -18.70656979 0.00000000
3.35436509 -18.69207525 0.00000000
3.38937746 -18.69103075 0.00000000
