34.51377756 -0.72134998 0.00000000
34.67823735 -0.65631663 0.00000000
34.94754721 -0.28373247 0.00000000
34.94754721 0.28373247 0.00000000
34.67823735 0.65631663 0.00000000
34.51377756 0.72134998 0.00000000
34.47876519 0.72239447 0.00000000
34.37543725 0.73688902 0.00000000
34.20970000 0.78096134 0.00000000
33.99154226 0.86861516 0.00000000
33.73433230 1.01073404 0.00000000
33.45387628 1.21430764 0.00000000
33.16730399 1.48193544 0.00000000
32.89185976 1.81164266 0.00000000
32.64368289 2.19701976 0.00000000
32.43666379 2.62767310 0.00000000
32.28145798 3.08995202 0.00000000
32.18473069 3.56790020 0.00000000
32.14868783 4.04436648 0.00000000
32.17092675 4.50220128 0.00000000
32.24461484 4.92545823 0.00000000
32.35897983 5.30051685 0.00000000
32.50007507 5.61704477 0.00000000
32.65176598 5.86872830 0.00000000
32.79686922 6.05371761 0.00000000
32.91836573 6.17475399 0.00000000
33.00060307 6.23897060 0.00000000
33.03040243 6.25738134 0.00000000
33.14031211 6.39593177 0.00000000
33.18724921 6.85325404 0.00000000
32.90351674 7.34469310 0.00000000
32.48399548 7.53270552 0.00000000
32.30905245 7.50679615 0.00000000
32.27820860 7.49019453 0.00000000
32.18147671 7.45108320 0.00000000
32.01590788 7.40638232 0.00000000
31.78315082 7.37321389 0.00000000
31.48934103 7.36768747 0.00000000
31.14467219 7.40375937 0.00000000
30.76267940 7.49224570 0.00000000
30.35928409 7.64005841 0.00000000
29.95166807 7.84971634 0.00000000
29.55705759 8.11916352 0.00000000
29.19150596 8.44190590 0.00000000
28.86876358 8.80745753 0.00000000
28.59931641 9.20206800 0.00000000
28.38965848 9.60968403 0.00000000
28.24184577 10.01307934 0.00000000
28.15335944 10.39507213 0.00000000
28.11728754 10.73974096 0.00000000
28.12281395 11.03355076 0.00000000
28.15598239 11.26630781 0.00000000
28.20068327 11.43187665 0.00000000
28.23979459 11.52860853 0.00000000
28.25639622 11.55945239 0.00000000
28.28230558 11.73439541 0.00000000
28.09429317 12.15391667 0.00000000
27.60285411 12.43764915 0.00000000
27.14553183 12.39071205 0.00000000
27.00698141 12.28080236 0.00000000
26.98857066 12.25100300 0.00000000
26.92435405 12.16876566 0.00000000
26.80331768 12.04726915 0.00000000
26.61832837 11.90216591 0.00000000
26.36664483 11.75047500 0.00000000
26.05011691 11.60937976 0.00000000
25.67505829 11.49501478 0.00000000
25.25180135 11.42132669 0.00000000
24.79396655 11.39908777 0.00000000
24.31750027 11.43513063 0.00000000
23.83955208 11.53185791 0.00000000
23.37727317 11.68706372 0.00000000
22.94661983 11.89408283 0.00000000
22.56124273 12.14225970 0.00000000
22.23153550 12.41770393 0.00000000
21.96390770 12.70427622 0.00000000
21.76033410 12.98473224 0.00000000
21.61821522 13.24194219 0.00000000
21.53056140 13.46009994 0.00000000
21.48648908 13.62583719 0.00000000
21.47199454 13.72916512 0.00000000
21.47095004 13.76417750 0.00000000
21.40591670 13.92863729 0.00000000
21.03333254 14.19794715 0.00000000
20.46586759 14.19794715 0.00000000
20.09328343 13.92863729 0.00000000
20.02825009 13.76417750 0.00000000
20.02720559 13.72916512 0.00000000
20.01271105 13.62583719 0.00000000
19.96863873 13.46009994 0.00000000
19.88098491 13.24194219 0.00000000
19.73886603 12.98473224 0.00000000
19.53529243 12.70427622 0.00000000
19.26766462 12.41770393 0.00000000
18.93795740 12.14225970 0.00000000
18.55258030 11.89408283 0.00000000
18.12192696 11.68706372 0.00000000
17.65964805 11.53185791 0.00000000
17.18169986 11.43513063 0.00000000
16.70523358 11.39908777 0.00000000
16.24739878 11.42132669 0.00000000
15.82414184 11.49501478 0.00000000
15.44908321 11.60937976 0.00000000
15.13255530 11.75047500 0.00000000
14.88087176 11.90216591 0.00000000
14.69588245 12.04726915 0.00000000
14.57484608 12.16876566 0.00000000
14.51062947 12.25100300 0.00000000
14.49221872 12.28080236 0.00000000
14.35366830 12.39071205 0.00000000
13.89634602 12.43764915 0.00000000
13.40490696 12.15391667 0.00000000
13.21689454 11.73439541 0.00000000
13.24280391 11.55945239 0.00000000
13.25940554 11.52860853 0.00000000
13.29851686 11.43187665 0.00000000
13.34321774 11.26630781 0.00000000
13.37638618 11.03355076 0.00000000
13.38191259 10.73974096 0.00000000
13.34584069 10.39507213 0.00000000
13.25735436 10.01307934 0.00000000
13.10954165 9.60968403 0.00000000
12.89988372 9.20206800 0.00000000
12.63043655 8.80745753 0.00000000
12.30769417 8.44190590 0.00000000
11.94214254 8.11916352 0.00000000
11.54753206 7.84971634 0.00000000
11.13991604 7.64005841 0.00000000
10.73652072 7.49224570 0.00000000
10.35452794 7.40375937 0.00000000
10.00985910 7.36768747 0.00000000
9.71604931 7.37321389 0.00000000
9.48329225 7.40638232 0.00000000
9.31772342 7.45108320 0.00000000
9.22099153 7.49019453 0.00000000
9.19014768 7.50679615 0.00000000
9.01520465 7.53270552 0.00000000
8.59568339 7.34469310 0.00000000
8.31195092 6.85325404 0.00000000
8.35888802 6.39593177 0.00000000
8.46879770 6.25738134 0.00000000
8.49859706 6.23897060 0.00000000
8.58083440 6.17475399 0.00000000
8.70233091 6.05371761 0.00000000
8.84743415 5.86872830 0.00000000
8.99912506 5.61704477 0.00000000
9.14022030 5.30051685 0.00000000
9.25458528 4.92545823 0.00000000
9.32827338 4.50220128 0.00000000
9.35051230 4.04436648 0.00000000
9.31446944 3.56790020 0.00000000
9.21774215 3.08995202 0.00000000
9.06253634 2.62767310 0.00000000
8.85551724 2.19701976 0.00000000
8.60734037 1.81164266 0.00000000
8.33189613 1.48193544 0.00000000
8.04532384 1.21430764 0.00000000
7.76486782 1.01073404 0.00000000
7.50765787 0.86861516 0.00000000
7.28950013 0.78096134 0.00000000
7.12376287 0.73688902 0.00000000
7.02043494 0.72239447 0.00000000
6.98542257 0.72134998 0.00000000
6.82096278 0.65631663 0.00000000
6.55165292 0.28373247 0.00000000
6.55165292 -0.28373247 0.00000000
6.82096278 -0.65631663 0.00000000
6.98542257 -0.72134998 0.00000000
7.02043494 -0.72239447 0.00000000
7.12376287 -0.73688902 0.00000000
7.28950013 -0.78096134 0.00000000
7.50765787 -0.86861516 0.00000000
7.76486782 -1.01073404 0.00000000
8.04532384 -1.21430764 0.00000000
8.33189613 -1.48193544 0.00000000
8.60734037 -1.81164266 0.00000000
8.85551724 -2.19701976 0.00000000
9.06253634 -2.62767310 0.00000000
9.21774215 -3.08995202 0.00000000
9.31446944 -3.56790020 0.00000000
9.35051230 -4.04436648 0.00000000
9.32827338 -4.50220128 0.00000000
9.25458528 -4.92545823 0.00000000
9.14022030 -5.30051685 0.00000000
8.99912506 -5.61704477 0.00000000
8.84743415 -5.86872830 0.00000000
8.70233091 -6.05371761 0.00000000
8.58083440 -6.17475399 0.00000000
8.49859706 -6.23897060 0.00000000
8.46879770 -6.25738134 0.00000000
8.35888802 -6.39593177 0.00000000
8.31195092 -6.85325404 0.00000000
8.59568339 -7.34469310 0.00000000
9.01520465 -7.53270552 0.00000000
9.19014768 -7.50679615 0.00000000
9.22099153 -7.49019453 0.00000000
9.31772342 -7.45108320 0.00000000
9.48329225 -7.40638232 0.00000000
9.71604931 -7.37321389 0.00000000
10.00985910 -7.36768747 0.00000000
10.35452794 -7.40375937 0.00000000
10.73652072 -7.49224570 0.00000000
11.13991604 -7.64005841 0.00000000
11.54753206 -7.84971634 0.00000000
11.94214254 -8.11916352 0.00000000
12.30769417 -8.44190590 0.00000000
12.63043655 -8.80745753 0.00000000
12.89988372 -9.20206800 0.00000000
13.10954165 -9.60968403 0.00000000
13.25735436 -10.01307934 0.00000000
13.34584069 -10.39507213 0.00000000
13.38191259 -10.73974096 0.00000000
13.37638618 -11.03355076 0.00000000
13.34321774 -11.26630781 0.00000000
13.29851686 -11.43187665 0.00000000
13.25940554 -11.52860853 0.00000000
13.24280391 -11.55945239 0.00000000
13.21689454 -11.73439541 0.00000000
13.40490696 -12.15391667 0.00000000
13.89634602 -12.43764915 0.00000000
14.35366830 -12.39071205 0.00000000
14.49221872 -12.28080236 0.00000000
14.51062947 -12.25100300 0.00000000
14.57484608 -12.16876566 0.00000000
14.69588245 -12.04726915 0.00000000
14.88087176 -11.90216591 0.00000000
15.13255530 -11.75047500 0.00000000
15.44908321 -11.60937976 0.00000000
15.82414184 -11.49501478 0.00000000
16.24739878 -11.42132669 0.00000000
16.70523358 -11.39908777 0.00000000
17.18169986 -11.43513063 0.00000000
17.65964805 -11.53185791 0.00000000
18.12192696 -11.68706372 0.00000000
18.55258030 -11.89408283 0.00000000
18.93795740 -12.14225970 0.00000000
19.26766462 -12.41770393 0.00000000
19.53529243 -12.70427622 0.00000000
19.73886603 -12.98473224 0.00000000
19.88098491 -13.24194219 0.00000000
19.96863873 -13.46009994 0.00000000
20.01271105 -13.62583719 0.00000000
20.02720559 -13.72916512 0.00000000
20.02825009 -13.76417750 0.00000000
20.09328343 -13.92863729 0.00000000
20.46586759 -14.19794715 0.00000000
21.03333254 -14.19794715 0.00000000
21.40591670 -13.92863729 0.00000000
21.47095004 -13.76417750 0.00000000
21.47199454 -13.72916512 0.00000000
21.48648908 -13.62583719 0.00000000
21.53056140 -13.46009994 0.00000000
21.61821522 -13.24194219 0.00000000
21.76033410 -12.98473224 0.00000000
21.96390770 -12.70427622 0.00000000
22.23153550 -12.41770393 0.00000000
22.56124273 -12.14225970 0.00000000
22.94661983 -11.89408283 0.00000000
23.37727317 -11.68706372 0.00000000
23.83955208 -11.53185791 0.00000000
24.31750027 -11.43513063 0.00000000
24.79396655 -11.39908777 0.00000000
25.25180135 -11.42132669 0.00000000
25.67505829 -11.49501478 0.00000000
26.05011691 -11.60937976 0.00000000
26.36664483 -11.75047500 0.00000000
26.61832837 -11.90216591 0.00000000
26.80331768 -12.04726915 0.00000000
26.92435405 -12.16876566 0.00000000
26.98857066 -12.25100300 0.00000000
27.00698141 -12.28080236 0.00000000
27.14553183 -12.39071205 0.00000000
27.60285411 -12.43764915 0.00000000
28.09429317 -12.15391667 0.00000000
28.28230558 -11.73439541 0.00000000
28.25639622 -11.55945239 0.00000000
28.23979459 -11.52860853 0.00000000
28.20068327 -11.43187665 0.00000000
28.15598239 -11.26630781 0.00000000
28.12281395 -11.03355076 0.00000000
28.11728754 -10.73974096 0.00000000
28.15335944 -10.39507213 0.00000000
28.24184577 -10.01307934 0.00000000
28.38965848 -9.60968403 0.00000000
28.59931641 -9.20206800 0.00000000
28.86876358 -8.80745753 0.00000000
29.19150596 -8.44190590 0.00000000
29.55705759 -8.11916352 0.00000000
29.95166807 -7.84971634 0.00000000
30.35928409 -7.64005841 0.00000000
30.76267940 -7.49224570 0.00000000
31.14467219 -7.40375937 0.00000000
31.48934103 -7.36768747 0.00000000
31.78315082 -7.37321389 0.00000000
32.01590788 -7.40638232 0.00000000
32.18147671 -7.45108320 0.00000000
32.27820860 -7.49019453 0.00000000
32.30905245 -7.50679615 0.00000000
32.48399548 -7.53270552 0.00000000
32.90351674 -7.34469310 0.00000000
33.18724921 -6.85325404 0.00000000
33.14031211 -6.39593177 0.00000000
33.03040243 -6.25738134 0.00000000
33.00060307 -6.23897060 0.00000000
32.91836573 -6.17475399 0.00000000
32.79686922 -6.05371761 0.00000000
32.65176598 -5.86872830 0.00000000
32.50007507 -5.61704477 0.00000000
32.35897983 -5.30051685 0.00000000
32.24461484 -4.92545823 0.00000000
32.17092675 -4.50220128 0.00000000
32.14868783 -4.04436648 0.00000000
32.18473069 -3.56790020 0.00000000
32.28145798 -3.08995202 0.00000000
32.43666379 -2.62767310 0.00000000
32.64368289 -2.19701976 0.00000000
32.89185976 -1.81164266 0.00000000
33.16730399 -1.48193544 0.00000000
33.45387628 -1.21430764 0.00000000
33.73433230 -1.01073404 0.00000000
33.99154226 -0.86861516 0.00000000
34.20970000 -0.78096134 0.00000000
34.37543725 -0.73688902 0.00000000
34.47876519 -0.72239447 0.00000000
34.51377756 -0.72134998 0.00000000
