34.62507126 -0.72529185 0.00000000
34.78646637 -0.65676268 0.00000000
35.04886134 -0.28252251 0.00000000
35.04886134 0.28252251 0.00000000
34.78646637 0.65676268 0.00000000
34.62507126 0.72529185 0.00000000
34.58863141 0.72782047 0.00000000
34.48176015 0.74832158 0.00000000
34.31202564 0.80490774 0.00000000
34.09167260 0.91291647 0.00000000
33.83668187 1.08373153 0.00000000
33.56554324 1.32390748 0.00000000
33.29783578 1.63466464 0.00000000
33.05272475 2.01179340 0.00000000
32.84749057 2.44597559 0.00000000
32.69620276 2.92349839 0.00000000
32.60864037 3.42730621 0.00000000
32.58954177 3.93830987 0.00000000
32.63824101 4.43685215 0.00000000
32.74871878 4.90421700 0.00000000
32.91006406 5.32406604 0.00000000
33.10731143 5.68369192 0.00000000
33.32258964 5.97499234 0.00000000
33.53649377 6.19509024 0.00000000
33.72957529 6.34655269 0.00000000
33.88383576 6.43719210 0.00000000
33.98410921 6.47946499 0.00000000
34.01922703 6.48951463 0.00000000
34.16284725 6.59010220 0.00000000
34.34169936 7.01071930 0.00000000
34.22421989 7.56341674 0.00000000
33.88974998 7.87492387 0.00000000
33.71763372 7.90839959 0.00000000
33.68146445 7.90329669 0.00000000
33.57266615 7.90113001 0.00000000
33.39487583 7.92118984 0.00000000
33.15688175 7.98102434 0.00000000
32.87194873 8.09509113 0.00000000
32.55679974 8.27364578 0.00000000
32.23033229 8.52195263 0.00000000
31.91216804 8.83987878 0.00000000
31.62114717 9.22190246 0.00000000
31.37388279 9.65753573 0.00000000
31.18348631 10.13212890 0.00000000
31.05856143 10.62799508 0.00000000
31.00254371 11.12576816 0.00000000
31.01343665 11.60588958 0.00000000
31.08396463 12.05010949 0.00000000
31.20213124 12.44288671 0.00000000
31.35214035 12.77258038 0.00000000
31.51560923 13.03234178 0.00000000
31.67298064 13.22063832 0.00000000
31.80502516 13.34136959 0.00000000
31.89431837 13.40356675 0.00000000
31.92657934 13.42069818 0.00000000
32.04614778 13.54894800 0.00000000
32.13364033 13.99755905 0.00000000
31.90381581 14.51375336 0.00000000
31.51188889 14.74891311 0.00000000
31.33657380 14.74587232 0.00000000
31.30225586 14.73336091 0.00000000
31.19628555 14.70862115 0.00000000
31.01820970 14.69127794 0.00000000
30.77297607 14.70032316 0.00000000
30.47055370 14.75265641 0.00000000
30.12516787 14.86178605 0.00000000
29.75420862 15.03679040 0.00000000
29.37689646 15.28161903 0.00000000
29.01280791 15.59478794 0.00000000
28.68037359 15.96949242 0.00000000
28.39546427 16.39412894 0.00000000
28.17017292 16.85318591 0.00000000
28.01188648 17.32843471 0.00000000
27.92271852 17.80032910 0.00000000
27.89934679 18.24950533 0.00000000
27.93326820 18.65826765 0.00000000
28.01145207 19.01194536 0.00000000
28.11734134 19.30001745 0.00000000
28.23212476 19.51691861 0.00000000
28.33618234 19.66246522 0.00000000
28.41059276 19.74186831 0.00000000
28.43858693 19.76533281 0.00000000
28.52887788 19.91563974 0.00000000
28.52118702 20.37263829 0.00000000
28.18906189 20.82976932 0.00000000
27.75680705 20.97830407 0.00000000
27.58595523 20.93887968 0.00000000
27.55498849 20.91950657 0.00000000
27.45647757 20.87327496 0.00000000
27.28589896 20.81928669 0.00000000
27.04414367 20.77714732 0.00000000
26.73744925 20.76545981 0.00000000
26.37692161 20.80039495 0.00000000
25.97768325 20.89444828 0.00000000
25.55771354 21.05547920 0.00000000
25.13646971 21.28610636 0.00000000
24.73339445 21.58350567 0.00000000
24.36642418 21.93962688 0.00000000
24.05061268 22.34181164 0.00000000
23.79697539 22.77376552 0.00000000
23.61164361 23.21680882 0.00000000
23.49539361 23.65131022 0.00000000
23.44358729 24.05819275 0.00000000
23.44652893 24.42039711 0.00000000
23.49021071 24.72418974 0.00000000
23.55738955 24.96021590 0.00000000
23.62891238 25.12421676 0.00000000
23.68518793 25.21735550 0.00000000
23.70769181 25.24612756 0.00000000
23.76475912 25.41192247 0.00000000
23.66222098 25.85733548 0.00000000
23.24231070 26.23542440 0.00000000
22.78861955 26.29084248 0.00000000
22.62969804 26.21675751 0.00000000
22.60343589 26.19136941 0.00000000
22.51668977 26.12566650 0.00000000
22.36106350 26.03739271 0.00000000
22.13335241 25.94591043 0.00000000
21.83578998 25.87071298 0.00000000
21.47587730 25.82992679 0.00000000
21.06580848 25.83891850 0.00000000
20.62153590 25.90911390 0.00000000
20.16154718 26.04711978 0.00000000
19.70544728 26.25421614 0.00000000
19.27245443 26.52625784 0.00000000
18.87992525 26.85399300 0.00000000
18.54202229 27.22377349 0.00000000
18.26862657 27.61860259 0.00000000
18.06457899 28.01943935 0.00000000
17.92930913 28.40665939 0.00000000
17.85687997 28.76156031 0.00000000
17.83644515 29.06779630 0.00000000
17.85308337 29.31263199 0.00000000
17.88894557 29.48791947 0.00000000
17.92462672 29.59072325 0.00000000
17.94065680 29.62354539 0.00000000
17.96200634 29.79758224 0.00000000
17.76910234 30.21194304 0.00000000
17.27975900 30.49446555 0.00000000
16.82446002 30.45434492 0.00000000
16.68441446 30.34883724 0.00000000
16.66400469 30.31854372 0.00000000
16.59281458 30.23624104 0.00000000
16.45894227 30.11753973 0.00000000
16.25522745 29.98071276 0.00000000
15.97980190 29.84529184 0.00000000
15.63623411 29.73056688 0.00000000
15.23325678 29.65410399 0.00000000
14.78409818 29.63039599 0.00000000
14.30546829 29.66974908 0.00000000
13.81627751 29.77749139 0.00000000
13.33618594 29.95356405 0.00000000
12.88409449 30.19252601 0.00000000
12.47669384 30.48397193 0.00000000
12.12718288 30.81333090 0.00000000
11.84425559 31.16298454 0.00000000
11.63143413 31.51361871 0.00000000
11.48679966 31.84570532 0.00000000
11.40314135 32.14100068 0.00000000
11.36851179 32.38394541 0.00000000
11.36714599 32.56285860 0.00000000
11.38067332 32.67083440 0.00000000
11.38952899 32.70627214 0.00000000
11.37422770 32.88094469 0.00000000
11.09938866 33.24614371 0.00000000
10.56199891 33.42075222 0.00000000
10.12499086 33.28684634 0.00000000
10.00994191 33.15452715 0.00000000
9.99627652 33.12065219 0.00000000
9.94375377 33.02534677 0.00000000
9.83748628 32.88140575 0.00000000
9.66667105 32.70521408 0.00000000
9.42541980 32.51548824 0.00000000
9.11321245 32.33183853 0.00000000
8.73493867 32.17326285 0.00000000
8.30052443 32.05668760 0.00000000
7.82417178 31.99566798 0.00000000
7.32327011 31.99934738 0.00000000
6.81706213 32.07175578 0.00000000
6.32516699 32.21150074 0.00000000
5.86607399 32.41187451 0.00000000
5.45572311 32.66136879 0.00000000
5.10628138 32.94455777 0.00000000
4.82520963 33.24328166 0.00000000
4.61469109 33.53804019 0.00000000
4.47146556 33.80948910 0.00000000
4.38708168 34.03992501 0.00000000
4.34854759 34.21464455 0.00000000
4.33932988 34.32307332 0.00000000
4.34062411 34.35957785 0.00000000
4.28934073 34.52725207 0.00000000
3.94457844 34.82732836 0.00000000
3.38262879 34.88639165 0.00000000
2.98301101 34.66455286 0.00000000
2.89798686 34.51120514 0.00000000
2.89166309 34.47522923 0.00000000
2.86010321 34.37108636 0.00000000
2.78608494 34.20819655 0.00000000
2.65563473 34.00034061 0.00000000
2.45910162 33.76460177 0.00000000
2.19189967 33.52005369 0.00000000
1.85486183 33.28629573 0.00000000
1.45417794 33.08194813 0.00000000
1.00092143 32.92322265 0.00000000
0.51020067 32.82267833 0.00000000
0.00000000 32.78825788 0.00000000
-0.51020067 32.82267833 0.00000000
-1.00092143 32.92322265 0.00000000
-1.45417794 33.08194813 0.00000000
-1.85486183 33.28629573 0.00000000
-2.19189967 33.52005369 0.00000000
-2.45910162 33.76460177 0.00000000
-2.65563473 34.00034061 0.00000000
-2.78608494 34.20819655 0.00000000
-2.86010321 34.37108636 0.00000000
-2.89166309 34.47522923 0.00000000
-2.89798686 34.51120514 0.00000000
-2.98301101 34.66455286 0.00000000
-3.38262879 34.88639165 0.00000000
-3.94457844 34.82732836 0.00000000
-4.28934073 34.52725207 0.00000000
-4.34062411 34.35957785 0.00000000
-4.33932988 34.32307332 0.00000000
-4.34854759 34.21464455 0.00000000
-4.38708168 34.03992501 0.00000000
-4.47146556 33.80948910 0.00000000
-4.61469109 33.53804019 0.00000000
-4.82520963 33.24328166 0.00000000
-5.10628138 32.94455777 0.00000000
-5.45572311 32.66136879 0.00000000
-5.86607399 32.41187451 0.00000000
-6.32516699 32.21150074 0.00000000
-6.81706213 32.07175578 0.00000000
-7.32327011 31.99934738 0.00000000
-7.82417178 31.99566798 0.00000000
-8.30052443 32.05668760 0.00000000
-8.73493867 32.17326285 0.00000000
-9.11321245 32.33183853 0.00000000
-9.42541980 32.51548824 0.00000000
-9.66667105 32.70521408 0.00000000
-9.83748628 32.88140575 0.00000000
-9.94375377 33.02534677 0.00000000
-9.99627652 33.12065219 0.00000000
-10.00994191 33.15452715 0.00000000
-10.12499086 33.28684634 0.00000000
-10.56199891 33.42075222 0.00000000
-11.09938866 33.24614371 0.00000000
-11.37422770 32.88094469 0.00000000
-11.38952899 32.70627214 0.00000000
-11.38067332 32.67083440 0.00000000
-11.36714599 32.56285860 0.00000000
-11.36851179 32.38394541 0.00000000
-11.40314135 32.14100068 0.00000000
-11.48679966 31.84570532 0.00000000
-11.63143413 31.51361871 0.00000000
-11.84425559 31.16298454 0.00000000
-12.12718288 30.81333090 0.00000000
-12.47669384 30.48397193 0.00000000
-12.88409449 30.19252601 0.00000000
-13.33618594 29.95356405 0.00000000
-13.81627751 29.77749139 0.00000000
-14.30546829 29.66974908 0.00000000
-14.78409818 29.63039599 0.00000000
-15.23325678 29.65410399 0.00000000
-15.63623411 29.73056688 0.00000000
-15.97980190 29.84529184 0.00000000
-16.25522745 29.98071276 0.00000000
-16.45894227 30.11753973 0.00000000
-16.59281458 30.23624104 0.00000000
-16.66400469 30.31854372 0.00000000
-16.68441446 30.34883724 0.00000000
-16.82446002 30.45434492 0.00000000
-17.27975900 30.49446555 0.00000000
-17.76910234 30.21194304 0.00000000
-17.96200634 29.79758224 0.00000000
-17.94065680 29.62354539 0.00000000
-17.92462672 29.59072325 0.00000000
-17.88894557 29.48791947 0.00000000
-17.85308337 29.31263199 0.00000000
-17.83644515 29.06779630 0.00000000
-17.85687997 28.76156031 0.00000000
-17.92930913 28.40665939 0.00000000
-18.06457899 28.01943935 0.00000000
-18.26862657 27.61860259 0.00000000
-18.54202229 27.22377349 0.00000000
-18.87992525 26.85399300 0.00000000
-19.27245443 26.52625784 0.00000000
-19.70544728 26.25421614 0.00000000
-20.16154718 26.04711978 0.00000000
-20.62153590 25.90911390 0.00000000
-21.06580848 25.83891850 0.00000000
-21.47587730 25.82992679 0.00000000
-21.83578998 25.87071298 0.00000000
-22.13335241 25.94591043 0.00000000
-22.36106350 26.03739271 0.00000000
-22.51668977 26.12566650 0.00000000
-22.60343589 26.19136941 0.00000000
-22.62969804 26.21675751 0.00000000
-22.78861955 26.29084248 0.00000000
-23.24231070 26.23542440 0.00000000
-23.66222098 25.85733548 0.00000000
-23.76475912 25.41192247 0.00000000
-23.70769181 25.24612756 0.00000000
-23.68518793 25.21735550 0.00000000
-23.62891238 25.12421676 0.00000000
-23.55738955 24.96021590 0.00000000
-23.49021071 24.72418974 0.00000000
-23.44652893 24.42039711 0.00000000
-23.44358729 24.05819275 0.00000000
-23.49539361 23.65131022 0.00000000
-23.61164361 23.21680882 0.00000000
-23.79697539 22.77376552 0.00000000
-24.05061268 22.34181164 0.00000000
-24.36642418 21.93962688 0.00000000
-24.73339445 21.58350567 0.00000000
-25.13646971 21.28610636 0.00000000
-25.55771354 21.05547920 0.00000000
-25.97768325 20.89444828 0.00000000
-26.37692161 20.80039495 0.00000000
-26.73744925 20.76545981 0.00000000
-27.04414367 20.77714732 0.00000000
-27.28589896 20.81928669 0.00000000
-27.45647757 20.87327496 0.00000000
-27.55498849 20.91950657 0.00000000
-27.58595523 20.93887968 0.00000000
-27.75680705 20.97830407 0.00000000
-28.18906189 20.82976932 0.00000000
-28.52118702 20.37263829 0.00000000
-28.52887788 19.91563974 0.00000000
-28.43858693 19.76533281 0.00000000
-28.41059276 19.74186831 0.00000000
-28.33618234 19.66246522 0.00000000
-28.23212476 19.51691861 0.00000000
-28.11734134 19.30001745 0.00000000
-28.01145207 19.01194536 0.00000000
-27.93326820 18.65826765 0.00000000
-27.89934679 18.24950533 0.00000000
-27.92271852 17.80032910 0.00000000
-28.01188648 17.32843471 0.00000000
-28.17017292 16.85318591 0.00000000
-28.39546427 16.39412894 0.00000000
-28.68037359 15.96949242 0.00000000
-29.01280791 15.59478794 0.00000000
-29.37689646 15.28161903 0.00000000
-29.75420862 15.03679040 0.00000000
-30.12516787 14.86178605 0.00000000
-30.47055370 14.75265641 0.00000000
-30.77297607 14.70032316 0.00000000
-31.01820970 14.69127794 0.00000000
-31.19628555 14.70862115 0.00000000
-31.30225586 14.73336091 0.00000000
-31.33657380 14.74587232 0.00000000
-31.51188889 14.74891311 0.00000000
-31.90381581 14.51375336 0.00000000
-32.13364033 13.99755905 0.00000000
-32.04614778 13.54894800 0.00000000
-31.92657934 13.42069818 0.00000000
-31.89431837 13.40356675 0.00000000
-31.80502516 13.34136959 0.00000000
-31.67298064 13.22063832 0.00000000
-31.51560923 13.03234178 0.00000000
-31.35214035 12.77258038 0.00000000
-31.20213124 12.44288671 0.00000000
-31.08396463 12.05010949 0.00000000
-31.01343665 11.60588958 0.00000000
-31.00254371 11.12576816 0.00000000
-31.05856143 10.62799508 0.00000000
-31.18348631 10.13212890 0.00000000
-31.37388279 9.65753573 0.00000000
-31.62114717 9.22190246 0.00000000
-31.91216804 8.83987878 0.00000000
-32.23033229 8.52195263 0.00000000
-32.55679974 8.27364578 0.00000000
-32.87194873 8.09509113 0.00000000
-33.15688175 7.98102434 0.00000000
-33.39487583 7.92118984 0.00000000
-33.57266615 7.90113001 0.00000000
-33.68146445 7.90329669 0.00000000
-33.71763372 7.90839959 0.00000000
-33.88974998 7.87492387 0.00000000
-34.22421989 7.56341674 0.00000000
-34.34169936 7.01071930 0.00000000
-34.16284725 6.59010220 0.00000000
-34.01922703 6.48951463 0.00000000
-33.98410921 6.47946499 0.00000000
-33.88383576 6.43719210 0.00000000
-33.72957529 6.34655269 0.00000000
-33.53649377 6.19509024 0.00000000
-33.32258964 5.97499234 0.00000000
-33.10731143 5.68369192 0.00000000
-32.91006406 5.32406604 0.00000000
-32.74871878 4.90421700 0.00000000
-32.63824101 4.43685215 0.00000000
-32.58954177 3.93830987 0.00000000
-32.60864037 3.42730621 0.00000000
-32.69620276 2.92349839 0.00000000
-32.84749057 2.44597559 0.00000000
-33.05272475 2.01179340 0.00000000
-33.29783578 1.63466464 0.00000000
-33.56554324 1.32390748 0.00000000
-33.83668187 1.08373153 0.00000000
-34.09167260 0.91291647 0.00000000
-34.31202564 0.80490774 0.00000000
-34.48176015 0.74832158 0.00000000
-34.58863141 0.72782047 0.00000000
-34.62507126 0.72529185 0.00000000
-34.78646637 0.65676268 0.00000000
-35.04886134 0.28252251 0.00000000
-35.04886134 -0.28252251 0.00000000
-34.78646637 -0.65676268 0.00000000
-34.62507126 -0.72529185 0.00000000
-34.58863141 -0.72782047 0.00000000
-34.48176015 -0.74832158 0.00000000
-34.31202564 -0.80490774 0.00000000
-34.09167260 -0.91291647 0.00000000
-33.83668187 -1.08373153 0.00000000
-33.56554324 -1.32390748 0.00000000
-33.29783578 -1.63466464 0.00000000
-33.05272475 -2.01179340 0.00000000
-32.84749057 -2.44597559 0.00000000
-32.69620276 -2.92349839 0.00000000
-32.60864037 -3.42730621 0.00000000
-32.58954177 -3.93830987 0.00000000
-32.63824101 -4.43685215 0.00000000
-32.74871878 -4.90421700 0.00000000
-32.91006406 -5.32406604 0.00000000
-33.10731143 -5.68369192 0.00000000
-33.32258964 -5.97499234 0.00000000
-33.53649377 -6.19509024 0.00000000
-33.72957529 -6.34655269 0.00000000
-33.88383576 -6.43719210 0.00000000
-33.98410921 -6.47946499 0.00000000
-34.01922703 -6.48951463 0.00000000
-34.16284725 -6.59010220 0.00000000
-34.34169936 -7.01071930 0.00000000
-34.22421989 -7.56341674 0.00000000
-33.88974998 -7.87492387 0.00000000
-33.71763372 -7.90839959 0.00000000
-33.68146445 -7.90329669 0.00000000
-33.57266615 -7.90113001 0.00000000
-33.39487583 -7.92118984 0.00000000
-33.15688175 -7.98102434 0.00000000
-32.87194873 -8.09509113 0.00000000
-32.55679974 -8.27364578 0.00000000
-32.23033229 -8.52195263 0.00000000
-31.91216804 -8.83987878 0.00000000
-31.62114717 -9.22190246 0.00000000
-31.37388279 -9.65753573 0.00000000
-31.18348631 -10.13212890 0.00000000
-31.05856143 -10.62799508 0.00000000
-31.00254371 -11.12576816 0.00000000
-31.01343665 -11.60588958 0.00000000
-31.08396463 -12.05010949 0.00000000
-31.20213124 -12.44288671 0.00000000
-31.35214035 -12.77258038 0.00000000
-31.51560923 -13.03234178 0.00000000
-31.67298064 -13.22063832 0.00000000
-31.80502516 -13.34136959 0.00000000
-31.89431837 -13.40356675 0.00000000
-31.92657934 -13.42069818 0.00000000
-32.04614778 -13.54894800 0.00000000
-32.13364033 -13.99755905 0.00000000
-31.90381581 -14.51375336 0.00000000
-31.51188889 -14.74891311 0.00000000
-31.33657380 -14.74587232 0.00000000
-31.30225586 -14.73336091 0.00000000
-31.19628555 -14.70862115 0.00000000
-31.01820970 -14.69127794 0.00000000
-30.77297607 -14.70032316 0.00000000
-30.47055370 -14.75265641 0.00000000
-30.12516787 -14.86178605 0.00000000
-29.75420862 -15.03679040 0.00000000
-29.37689646 -15.28161903 0.00000000
-29.01280791 -15.59478794 0.00000000
-28.68037359 -15.96949242 0.00000000
-28.39546427 -16.39412894 0.00000000
-28.17017292 -16.85318591 0.00000000
-28.01188648 -17.32843471 0.00000000
-27.92271852 -17.80032910 0.00000000
-27.89934679 -18.24950533 0.00000000
-27.93326820 -18.65826765 0.00000000
-28.01145207 -19.01194536 0.00000000
-28.11734134 -19.30001745 0.00000000
-28.23212476 -19.51691861 0.00000000
-28.33618234 -19.66246522 0.00000000
-28.41059276 -19.74186831 0.00000000
-28.43858693 -19.76533281 0.00000000
-28.52887788 -19.91563974 0.00000000
-28.52118702 -20.37263829 0.00000000
-28.18906189 -20.82976932 0.00000000
-27.75680705 -20.97830407 0.00000000
-27.58595523 -20.93887968 0.00000000
-27.55498849 -20.91950657 0.00000000
-27.45647757 -20.87327496 0.00000000
-27.28589896 -20.81928669 0.00000000
-27.04414367 -20.77714732 0.00000000
-26.73744925 -20.76545981 0.00000000
-26.37692161 -20.80039495 0.00000000
-25.97768325 -20.89444828 0.00000000
-25.55771354 -21.05547920 0.00000000
-25.13646971 -21.28610636 0.00000000
-24.73339445 -21.58350567 0.00000000
-24.36642418 -21.93962688 0.00000000
-24.05061268 -22.34181164 0.00000000
-23.79697539 -22.77376552 0.00000000
-23.61164361 -23.21680882 0.00000000
-23.49539361 -23.65131022 0.00000000
-23.44358729 -24.05819275 0.00000000
-23.44652893 -24.42039711 0.00000000
-23.49021071 -24.72418974 0.00000000
-23.55738955 -24.96021590 0.00000000
-23.62891238 -25.12421676 0.00000000
-23.68518793 -25.21735550 0.00000000
-23.70769181 -25.24612756 0.00000000
-23.76475912 -25.41192247 0.00000000
-23.66222098 -25.85733548 0.00000000
-23.24231070 -26.23542440 0.00000000
-22.78861955 -26.29084248 0.00000000
-22.62969804 -26.21675751 0.00000000
-22.60343589 -26.19136941 0.00000000
-22.51668977 -26.12566650 0.00000000
-22.36106350 -26.03739271 0.00000000
-22.13335241 -25.94591043 0.00000000
-21.83578998 -25.87071298 0.00000000
-21.47587730 -25.82992679 0.00000000
-21.06580848 -25.83891850 0.00000000
-20.62153590 -25.90911390 0.00000000
-20.16154718 -26.04711978 0.00000000
-19.70544728 -26.25421614 0.00000000
-19.27245443 -26.52625784 0.00000000
-18.87992525 -26.85399300 0.00000000
-18.54202229 -27.22377349 0.00000000
-18.26862657 -27.61860259 0.00000000
-18.06457899 -28.01943935 0.00000000
-17.92930913 -28.40665939 0.00000000
-17.85687997 -28.76156031 0.00000000
-17.83644515 -29.06779630 0.00000000
-17.85308337 -29.31263199 0.00000000
-17.88894557 -29.48791947 0.00000000
-17.92462672 -29.59072325 0.00000000
-17.94065680 -29.62354539 0.00000000
-17.96200634 -29.79758224 0.00000000
-17.76910234 -30.21194304 0.00000000
-17.27975900 -30.49446555 0.00000000
-16.82446002 -30.45434492 0.00000000
-16.68441446 -30.34883724 0.00000000
-16.66400469 -30.31854372 0.00000000
-16.59281458 -30.23624104 0.00000000
-16.45894227 -30.11753973 0.00000000
-16.25522745 -29.98071276 0.00000000
-15.97980190 -29.84529184 0.00000000
-15.63623411 -29.73056688 0.00000000
-15.23325678 -29.65410399 0.00000000
-14.78409818 -29.63039599 0.00000000
-14.30546829 -29.66974908 0.00000000
-13.81627751 -29.77749139 0.00000000
-13.33618594 -29.95356405 0.00000000
-12.88409449 -30.19252601 0.00000000
-12.47669384 -30.48397193 0.00000000
-12.12718288 -30.81333090 0.00000000
-11.84425559 -31.16298454 0.00000000
-11.63143413 -31.51361871 0.00000000
-11.48679966 -31.84570532 0.00000000
-11.40314135 -32.14100068 0.00000000
-11.36851179 -32.38394541 0.00000000
-11.36714599 -32.56285860 0.00000000
-11.38067332 -32.67083440 0.00000000
-11.38952899 -32.70627214 0.00000000
-11.37422770 -32.88094469 0.00000000
-11.09938866 -33.24614371 0.00000000
-10.56199891 -33.42075222 0.00000000
-10.12499086 -33.28684634 0.00000000
-10.00994191 -33.15452715 0.00000000
-9.99627652 -33.12065219 0.00000000
-9.94375377 -33.02534677 0.00000000
-9.83748628 -32.88140575 0.00000000
-9.66667105 -32.70521408 0.00000000
-9.42541980 -32.51548824 0.00000000
-9.11321245 -32.33183853 0.00000000
-8.73493867 -32.17326285 0.00000000
-8.30052443 -32.05668760 0.00000000
-7.82417178 -31.99566798 0.00000000
-7.32327011 -31.99934738 0.00000000
-6.81706213 -32.07175578 0.00000000
-6.32516699 -32.21150074 0.00000000
-5.86607399 -32.41187451 0.00000000
-5.45572311 -32.66136879 0.00000000
-5.10628138 -32.94455777 0.00000000
-4.82520963 -33.24328166 0.00000000
-4.61469109 -33.53804019 0.00000000
-4.47146556 -33.80948910 0.00000000
-4.38708168 -34.03992501 0.00000000
-4.34854759 -34.21464455 0.00000000
-4.33932988 -34.32307332 0.00000000
-4.34062411 -34.35957785 0.00000000
-4.28934073 -34.52725207 0.00000000
-3.94457844 -34.82732836 0.00000000
-3.38262879 -34.88639165 0.00000000
-2.98301101 -34.66455286 0.00000000
-2.89798686 -34.51120514 0.00000000
-2.89166309 -34.47522923 0.00000000
-2.86010321 -34.37108636 0.00000000
-2.78608494 -34.20819655 0.00000000
-2.65563473 -34.00034061 0.00000000
-2.45910162 -33.76460177 0.00000000
-2.19189967 -33.52005369 0.00000000
-1.85486183 -33.28629573 0.00000000
-1.45417794 -33.08194813 0.00000000
-1.00092143 -32.92322265 0.00000000
-0.51020067 -32.82267833 0.00000000
-0.00000000 -32.78825788 0.00000000
0.51020067 -32.82267833 0.00000000
1.00092143 -32.92322265 0.00000000
1.45417794 -33.08194813 0.00000000
1.85486183 -33.28629573 0.00000000
2.19189967 -33.52005369 0.00000000
2.45910162 -33.76460177 0.00000000
2.65563473 -34.00034061 0.00000000
2.78608494 -34.20819655 0.00000000
2.86010321 -34.37108636 0.00000000
2.89166309 -34.47522923 0.00000000
2.89798686 -34.51120514 0.00000000
2.98301101 -34.66455286 0.00000000
3.38262879 -34.88639165 0.00000000
3.94457844 -34.82732836 0.00000000
4.28934073 -34.52725207 0.00000000
4.34062411 -34.35957785 0.00000000
4.33932988 -34.32307332 0.00000000
4.34854759 -34.21464455 0.00000000
4.38708168 -34.03992501 0.00000000
4.47146556 -33.80948910 0.00000000
4.61469109 -33.53804019 0.00000000
4.82520963 -33.24328166 0.00000000
5.10628138 -32.94455777 0.00000000
5.45572311 -32.66136879 0.00000000
5.86607399 -32.41187451 0.00000000
6.32516699 -32.21150074 0.00000000
6.81706213 -32.07175578 0.00000000
7.32327011 -31.99934738 0.00000000
7.82417178 -31.99566798 0.00000000
8.30052443 -32.05668760 0.00000000
8.73493867 -32.17326285 0.00000000
9.11321245 -32.33183853 0.00000000
9.42541980 -32.51548824 0.00000000
9.66667105 -32.70521408 0.00000000
9.83748628 -32.88140575 0.00000000
9.94375377 -33.02534677 0.00000000
9.99627652 -33.12065219 0.00000000
10.00994191 -33.15452715 0.00000000
10.12499086 -33.28684634 0.00000000
10.56199891 -33.42075222 0.00000000
11.09938866 -33.24614371 0.00000000
11.37422770 -32.88094469 0.00000000
11.38952899 -32.70627214 0.00000000
11.38067332 -32.67083440 0.00000000
11.36714599 -32.56285860 0.00000000
11.36851179 -32.38394541 0.00000000
11.40314135 -32.14100068 0.00000000
11.48679966 -31.84570532 0.00000000
11.63143413 -31.51361871 0.00000000
11.84425559 -31.16298454 0.00000000
12.12718288 -30.81333090 0.00000000
12.47669384 -30.48397193 0.00000000
12.88409449 -30.19252601 0.00000000
13.33618594 -29.95356405 0.00000000
13.81627751 -29.77749139 0.00000000
14.30546829 -29.66974908 0.00000000
14.78409818 -29.63039599 0.00000000
15.23325678 -29.65410399 0.00000000
15.63623411 -29.73056688 0.00000000
15.97980190 -29.84529184 0.00000000
16.25522745 -29.98071276 0.00000000
16.45894227 -30.11753973 0.00000000
16.59281458 -30.23624104 0.00000000
16.66400469 -30.31854372 0.00000000
16.68441446 -30.34883724 0.00000000
16.82446002 -30.45434492 0.00000000
17.27975900 -30.49446555 0.00000000
17.76910234 -30.21194304 0.00000000
17.96200634 -29.79758224 0.00000000
17.94065680 -29.62354539 0.00000000
17.92462672 -29.59072325 0.00000000
17.88894557 -29.48791947 0.00000000
17.85308337 -29.31263199 0.00000000
17.83644515 -29.06779630 0.00000000
17.85687997 -28.76156031 0.00000000
17.92930913 -28.40665939 0.00000000
18.06457899 -28.01943935 0.00000000
18.26862657 -27.61860259 0.00000000
18.54202229 -27.22377349 0.00000000
18.87992525 -26.85399300 0.00000000
19.27245443 -26.52625784 0.00000000
19.70544728 -26.25421614 0.00000000
20.16154718 -26.04711978 0.00000000
20.62153590 -25.90911390 0.00000000
21.06580848 -25.83891850 0.00000000
21.47587730 -25.82992679 0.00000000
21.83578998 -25.87071298 0.00000000
22.13335241 -25.94591043 0.00000000
22.36106350 -26.03739271 0.00000000
22.51668977 -26.12566650 0.00000000
22.60343589 -26.19136941 0.00000000
22.62969804 -26.21675751 0.00000000
22.78861955 -26.29084248 0.00000000
23.24231070 -26.23542440 0.00000000
23.66222098 -25.85733548 0.00000000
23.76475912 -25.41192247 0.00000000
23.70769181 -25.24612756 0.00000000
23.68518793 -25.21735550 0.00000000
23.62891238 -25.12421676 0.00000000
23.55738955 -24.96021590 0.00000000
23.49021071 -24.72418974 0.00000000
23.44652893 -24.42039711 0.00000000
23.44358729 -24.05819275 0.00000000
23.49539361 -23.65131022 0.00000000
23.61164361 -23.21680882 0.00000000
23.79697539 -22.77376552 0.00000000
24.05061268 -22.34181164 0.00000000
24.36642418 -21.93962688 0.00000000
24.73339445 -21.58350567 0.00000000
25.13646971 -21.28610636 0.00000000
25.55771354 -21.05547920 0.00000000
25.97768325 -20.89444828 0.00000000
26.37692161 -20.80039495 0.00000000
26.73744925 -20.76545981 0.00000000
27.04414367 -20.77714732 0.00000000
27.28589896 -20.81928669 0.00000000
27.45647757 -20.87327496 0.00000000
27.55498849 -20.91950657 0.00000000
27.58595523 -20.93887968 0.00000000
27.75680705 -20.97830407 0.00000000
28.18906189 -20.82976932 0.00000000
28.52118702 -20.37263829 0.00000000
28.52887788 -19.91563974 0.00000000
28.43858693 -19.76533281 0.00000000
28.41059276 -19.74186831 0.00000000
28.33618234 -19.66246522 0.00000000
28.23212476 -19.51691861 0.00000000
28.11734134 -19.30001745 0.00000000
28.01145207 -19.01194536 0.00000000
27.93326820 -18.65826765 0.00000000
27.89934679 -18.24950533 0.00000000
27.92271852 -17.80032910 0.00000000
28.01188648 -17.32843471 0.00000000
28.17017292 -16.85318591 0.00000000
28.39546427 -16.39412894 0.00000000
28.68037359 -15.96949242 0.00000000
29.01280791 -15.59478794 0.00000000
29.37689646 -15.28161903 0.00000000
29.75420862 -15.03679040 0.00000000
30.12516787 -14.86178605 0.00000000
30.47055370 -14.75265641 0.00000000
30.77297607 -14.70032316 0.00000000
31.01820970 -14.69127794 0.00000000
31.19628555 -14.70862115 0.00000000
31.30225586 -14.73336091 0.00000000
31.33657380 -14.74587232 0.00000000
31.51188889 -14.74891311 0.00000000
31.90381581 -14.51375336 0.00000000
32.13364033 -13.99755905 0.00000000
32.04614778 -13.54894800 0.00000000
31.92657934 -13.42069818 0.00000000
31.89431837 -13.40356675 0.00000000
31.80502516 -13.34136959 0.00000000
31.67298064 -13.22063832 0.00000000
31.51560923 -13.03234178 0.00000000
31.35214035 -12.77258038 0.00000000
31.20213124 -12.44288671 0.00000000
31.08396463 -12.05010949 0.00000000
31.01343665 -11.60588958 0.00000000
31.00254371 -11.12576816 0.00000000
31.05856143 -10.62799508 0.00000000
31.18348631 -10.13212890 0.00000000
31.37388279 -9.65753573 0.00000000
31.62114717 -9.22190246 0.00000000
31.91216804 -8.83987878 0.00000000
32.23033229 -8.52195263 0.00000000
32.55679974 -8.27364578 0.00000000
32.87194873 -8.09509113 0.00000000
33.15688175 -7.98102434 0.00000000
33.39487583 -7.92118984 0.00000000
33.57266615 -7.90113001 0.00000000
33.68146445 -7.90329669 0.00000000
33.71763372 -7.90839959 0.00000000
33.88974998 -7.87492387 0.00000000
34.22421989 -7.56341674 0.00000000
34.34169936 -7.01071930 0.00000000
34.16284725 -6.59010220 0.00000000
34.01922703 -6.48951463 0.00000000
33.98410921 -6.47946499 0.00000000
33.88383576 -6.43719210 0.00000000
33.72957529 -6.34655269 0.00000000
33.53649377 -6.19509024 0.00000000
33.32258964 -5.97499234 0.00000000
33.10731143 -5.68369192 0.00000000
32.91006406 -5.32406604 0.00000000
32.74871878 -4.90421700 0.00000000
32.63824101 -4.43685215 0.00000000
32.58954177 -3.93830987 0.00000000
32.60864037 -3.42730621 0.00000000
32.69620276 -2.92349839 0.00000000
32.84749057 -2.44597559 0.00000000
33.05272475 -2.01179340 0.00000000
33.29783578 -1.63466464 0.00000000
33.56554324 -1.32390748 0.00000000
33.83668187 -1.08373153 0.00000000
34.09167260 -0.91291647 0.00000000
34.31202564 -0.80490774 0.00000000
34.48176015 -0.74832158 0.00000000
34.58863141 -0.72782047 0.00000000
34.62507126 -0.72529185 0.00000000
