34.54032491 -2.52736280 -5.00000000
34.70506961 -2.46733104 -5.00000000
34.98659664 -2.10726251 -5.00000000
35.01602062 -1.54298411 -5.00000000
34.77346972 -1.15558783 -5.00000000
34.61586215 -1.07874719 -5.00000000
34.57960342 -1.07432444 -5.00000000
34.47394472 -1.04828597 -5.00000000
34.30738715 -0.98293788 -5.00000000
34.09295749 -0.86360110 -5.00000000
33.84720768 -0.67973949 -5.00000000
33.58894377 -0.42577020 -5.00000000
33.33778179 -0.10149416 -5.00000000
33.11264180 0.28788677 -5.00000000
32.93029554 0.73216718 -5.00000000
32.80407936 1.21692021 -5.00000000
32.74287091 1.72460418 -5.00000000
32.75040806 2.23590907 -5.00000000
32.82500216 2.73123900 -5.00000000
32.95966744 3.19221677 -5.00000000
33.14265691 3.60309433 -5.00000000
33.35836370 3.95196089 -5.00000000
33.58851892 4.23165576 -5.00000000
33.81359414 4.44031627 -5.00000000
34.01430091 4.58151875 -5.00000000
34.17307201 4.66400227 -5.00000000
34.27541073 4.70099621 -5.00000000
34.31100422 4.70920349 -5.00000000
34.45966755 4.80217576 -5.00000000
34.66018008 5.21290870 -5.00000000
34.57164099 5.77097385 -5.00000000
34.25384619 6.09947543 -5.00000000
34.08370666 6.14186845 -5.00000000
34.04732073 6.13865594 -5.00000000
33.93855722 6.14215773 -5.00000000
33.76205271 6.17144854 -5.00000000
33.52749734 6.24359509 -5.00000000
33.24889077 6.37234463 -5.00000000
32.94346736 6.56706799 -5.00000000
32.63037310 6.83203832 -5.00000000
32.32919611 7.16610110 -5.00000000
32.05846346 7.56276100 -5.00000000
31.83421959 8.01067919 -5.00000000
31.66879525 8.49454309 -5.00000000
31.56986144 8.99624180 -5.00000000
31.53984059 9.49625657 -5.00000000
31.57572044 9.97515936 -5.00000000
31.66928490 10.41510391 -5.00000000
31.80774455 10.80119486 -5.00000000
31.97471849 11.12262969 -5.00000000
32.15149232 11.37352623 -5.00000000
32.31845551 11.55337239 -5.00000000
32.45660780 11.66706382 -5.00000000
32.54901870 11.72452676 -5.00000000
32.58212799 11.73995500 -5.00000000
32.70821265 11.86180444 -5.00000000
32.81894732 12.30525078 -5.00000000
32.61631476 12.83271256 -5.00000000
32.23716522 13.08796233 -5.00000000
32.06192964 13.09405497 -5.00000000
32.02700675 13.08334760 -5.00000000
31.91989192 13.06415966 -5.00000000
31.74115455 13.05611305 -5.00000000
31.49672467 13.07791622 -5.00000000
31.19743779 13.14592671 -5.00000000
30.85820335 13.27289380 -5.00000000
30.49686052 13.46697793 -5.00000000
30.13280941 13.73112242 -5.00000000
29.78552269 14.06282587 -5.00000000
29.47305165 14.45433305 -5.00000000
29.21064127 14.89322971 -5.00000000
29.00956037 15.36339561 -5.00000000
28.87623664 15.84624217 -5.00000000
28.81176295 16.32213962 -5.00000000
28.81181318 16.77192348 -5.00000000
28.86697433 17.17836479 -5.00000000
28.96346943 17.52749133 -5.00000000
29.08421600 17.80965853 -5.00000000
29.21013853 18.02028821 -5.00000000
29.32163408 18.16021869 -5.00000000
29.40007836 18.23563923 -5.00000000
29.42925643 18.25761413 -5.00000000
29.52725191 18.40301535 -5.00000000
29.54336908 18.85979436 -5.00000000
29.23549906 19.33360015 -5.00000000
28.81156544 19.50444248 -5.00000000
28.63889244 19.47396846 -5.00000000
28.60695889 19.45623419 -5.00000000
28.50617418 19.41519513 -5.00000000
28.33301563 19.37016276 -5.00000000
28.08939399 19.34066965 -5.00000000
27.78250708 19.34496871 -5.00000000
27.42428778 19.39863046 -5.00000000
27.03048879 19.51334598 -5.00000000
26.61947435 19.69602780 -5.00000000
26.21081166 19.94827777 -5.00000000
25.82376994 20.26626319 -5.00000000
25.47584210 20.64101073 -5.00000000
25.18140232 21.05909530 -5.00000000
24.95060259 21.50367094 -5.00000000
24.78859315 21.95576406 -5.00000000
24.69512697 22.39572950 -5.00000000
24.66457881 22.80475775 -5.00000000
24.68637777 23.16631750 -5.00000000
24.74581988 23.46742328 -5.00000000
24.82519833 23.69963097 -5.00000000
24.90516425 23.85968486 -5.00000000
24.96621352 23.94976676 -5.00000000
24.99018514 23.97732792 -5.00000000
25.05580857 24.13992618 -5.00000000
24.97660385 24.59007442 -5.00000000
24.57695177 24.98951664 -5.00000000
24.12676199 25.06848490 -5.00000000
23.96419822 25.00277607 -5.00000000
23.93664966 24.97878998 -5.00000000
23.84659983 24.91769340 -5.00000000
23.68658797 24.83764342 -5.00000000
23.45442201 24.75814301 -5.00000000
23.15334748 24.69854275 -5.00000000
22.79179924 24.67655388 -5.00000000
22.38275500 24.70688719 -5.00000000
21.94274052 24.80012226 -5.00000000
21.49056237 24.96189420 -5.00000000
21.04586556 25.19246039 -5.00000000
20.62762639 25.48668053 -5.00000000
20.25269615 25.83441147 -5.00000000
19.93450747 26.22128611 -5.00000000
19.68204289 26.62981625 -5.00000000
19.49914521 27.04073468 -5.00000000
19.38422285 27.43447336 -5.00000000
19.33037295 27.79266442 -5.00000000
19.32591269 28.09954903 -5.00000000
19.35527784 28.34318613 -5.00000000
19.40021924 28.51636831 -5.00000000
19.44120536 28.61717456 -5.00000000
19.45892285 28.64911743 -5.00000000
19.48930617 28.82180640 -5.00000000
19.31824118 29.24565023 -5.00000000
18.84427375 29.55327134 -5.00000000
18.38750327 29.53691424 -5.00000000
18.24215355 29.43884240 -5.00000000
18.22019397 29.40965279 -5.00000000
18.14481464 29.33116891 -5.00000000
18.00494275 29.21959987 -5.00000000
17.79437924 29.09356673 -5.00000000
17.51227551 28.97267196 -5.00000000
17.16319970 28.87599349 -5.00000000
16.75678741 28.82061886 -5.00000000
16.30700365 28.82033237 -5.00000000
15.83107239 28.88455609 -5.00000000
15.34815587 29.01762618 -5.00000000
14.87788442 29.21846009 -5.00000000
14.43884998 29.48063990 -5.00000000
14.04717873 29.79290525 -5.00000000
13.71529291 30.14001769 -5.00000000
13.45095723 30.50393000 -5.00000000
13.25668333 30.86517084 -5.00000000
13.12953807 31.20433854 -5.00000000
13.06137038 31.50358965 -5.00000000
13.03943882 31.74800805 -5.00000000
13.04739155 31.92674963 -5.00000000
13.06652322 32.03387452 -5.00000000
13.07721225 32.06880303 -5.00000000
13.07102757 32.24403538 -5.00000000
12.81557868 32.62305080 -5.00000000
12.28801054 32.82540627 -5.00000000
11.84462243 32.71443869 -5.00000000
11.72283923 32.58829005 -5.00000000
11.70742838 32.55517265 -5.00000000
11.65001399 32.46273159 -5.00000000
11.53639514 32.32451960 -5.00000000
11.35663671 32.15746196 -5.00000000
11.10583306 31.98055637 -5.00000000
10.78448598 31.81341362 -5.00000000
10.39846781 31.67475119 -5.00000000
9.95857246 31.58095566 -5.00000000
9.47968859 31.54482426 -5.00000000
8.97965812 31.57458246 -5.00000000
8.47790751 31.67325274 -5.00000000
7.99395678 31.83842290 -5.00000000
7.54592086 32.06243147 -5.00000000
7.14911881 32.33295573 -5.00000000
6.81489788 32.63395720 -5.00000000
6.54976313 32.94691225 -5.00000000
6.35487937 33.25223334 -5.00000000
6.22598351 33.53077223 -5.00000000
6.15371377 33.76528968 -5.00000000
6.12433025 33.94177878 -5.00000000
6.12077133 34.05054044 -5.00000000
6.12396473 34.08692805 -5.00000000
6.08148234 34.25704529 -5.00000000
5.75281388 34.57466750 -5.00000000
5.19470231 34.66291344 -5.00000000
4.78407475 34.46218519 -5.00000000
4.69118058 34.31347305 -5.00000000
4.68299199 34.27787525 -5.00000000
4.64605182 34.17551712 -5.00000000
4.56365170 34.01670271 -5.00000000
4.42255466 33.81592181 -5.00000000
4.21401241 33.59073702 -5.00000000
3.93443847 33.36043492 -5.00000000
3.58568526 33.14454491 -5.00000000
3.17490387 32.96133965 -5.00000000
2.71399690 32.82643225 -5.00000000
2.21870621 32.75157798 -5.00000000
1.70740536 32.74377226 -5.00000000
1.19968930 32.80471404 -5.00000000
0.71487005 32.93067558 -5.00000000
0.27049392 33.11278845 -5.00000000
-0.11900521 33.33772388 -5.00000000
-0.44341314 33.58871550 -5.00000000
-0.69751804 33.84684597 -5.00000000
-0.88150872 34.09249917 -5.00000000
-1.00095811 34.30686612 -5.00000000
-1.06639368 34.47338934 -5.00000000
-1.09248765 34.57903435 -5.00000000
-1.09692944 34.61529075 -5.00000000
-1.17385285 34.77285793 -5.00000000
-1.56137648 35.01520532 -5.00000000
-2.12563934 34.98548495 -5.00000000
-2.48555996 34.70376883 -5.00000000
-2.54550517 34.53899262 -5.00000000
-2.54611362 34.50247022 -5.00000000
-2.56096511 34.39466857 -5.00000000
-2.60854521 34.22219268 -5.00000000
-2.70481425 33.99646360 -5.00000000
-2.86198080 33.73284126 -5.00000000
-3.08756288 33.44944513 -5.00000000
-3.38380894 33.16576296 -5.00000000
-3.74752326 32.90115492 -5.00000000
-4.17030948 32.67336763 -5.00000000
-4.63921380 32.49717238 -5.00000000
-5.13771860 32.38323181 -5.00000000
-5.64701035 32.33728176 -5.00000000
-6.14742402 32.35969115 -5.00000000
-6.61995286 32.44543342 -5.00000000
-7.04770720 32.58447206 -5.00000000
-7.41721013 32.76253070 -5.00000000
-7.71943058 32.96218903 -5.00000000
-7.95047478 33.16422030 -5.00000000
-8.11188332 33.34906789 -5.00000000
-8.21051109 33.49834736 -5.00000000
-8.25799967 33.59625853 -5.00000000
-8.26988253 33.63079914 -5.00000000
-8.37788503 33.76892983 -5.00000000
-8.80732720 33.92541065 -5.00000000
-9.35308035 33.77902290 -5.00000000
-9.64656376 33.42863125 -5.00000000
-9.67094013 33.25499248 -5.00000000
-9.66394185 33.21914167 -5.00000000
-9.65605558 33.11060795 -5.00000000
-9.66673618 32.93200862 -5.00000000
-9.71396980 32.69119680 -5.00000000
-9.81289172 32.40065848 -5.00000000
-9.97462292 32.07655408 -5.00000000
-10.20541445 31.73747803 -5.00000000
-10.50616563 31.40303185 -5.00000000
-10.87235332 31.09232006 -5.00000000
-11.29437790 30.82248441 -5.00000000
-11.75829960 30.60738874 -5.00000000
-12.24690855 30.45655510 -5.00000000
-12.74104616 30.37443294 -5.00000000
-13.22107593 30.36005727 -5.00000000
-13.66839057 30.40712244 -5.00000000
-14.06683945 30.50446610 -5.00000000
-14.40396695 30.63692625 -5.00000000
-14.67196695 30.78650586 -5.00000000
-14.86828030 30.93375537 -5.00000000
-14.99578976 31.05926686 -5.00000000
-15.06259748 31.14516500 -5.00000000
-15.08140206 31.17648023 -5.00000000
-15.21576344 31.28913745 -5.00000000
-15.66835546 31.35291274 -5.00000000
-16.17174687 31.09625545 -5.00000000
-16.38596645 30.69250207 -5.00000000
-16.37370860 30.51758959 -5.00000000
-16.35940945 30.48397724 -5.00000000
-16.32913008 30.37945488 -5.00000000
-16.30244440 30.20253775 -5.00000000
-16.29857825 29.95716783 -5.00000000
-16.33493218 29.65241145 -5.00000000
-16.42574407 29.30176369 -5.00000000
-16.58099438 28.92211302 -5.00000000
-16.80563815 28.53244560 -5.00000000
-17.09922315 28.15238891 -5.00000000
-17.45592349 27.80070597 -5.00000000
-17.86498649 27.49385591 -5.00000000
-18.31155808 27.24473083 -5.00000000
-18.77782344 27.06166625 -5.00000000
-19.24437454 26.94780092 -5.00000000
-19.69169968 26.90083567 -5.00000000
-20.10168038 26.91320995 -5.00000000
-20.45898085 26.97268278 -5.00000000
-20.75222376 27.06327339 -5.00000000
-20.97486208 27.16648930 -5.00000000
-21.12568046 27.26274735 -5.00000000
-21.20888750 27.33287831 -5.00000000
-21.23379196 27.35959954 -5.00000000
-21.38863998 27.44185962 -5.00000000
-21.84460140 27.41014210 -5.00000000
-22.28363045 27.05443243 -5.00000000
-22.40922376 26.61496327 -5.00000000
-22.36086744 26.44642160 -5.00000000
-22.33989235 26.41651672 -5.00000000
-22.28854324 26.32057386 -5.00000000
-22.22565757 26.15307106 -5.00000000
-22.17086063 25.91386687 -5.00000000
-22.14305772 25.60821174 -5.00000000
-22.15898139 25.24634563 -5.00000000
-22.23190529 24.84271288 -5.00000000
-22.37062365 24.41485456 -5.00000000
-22.57877488 23.98206327 -5.00000000
-22.85456147 23.56390328 -5.00000000
-23.19088774 23.17870964 -5.00000000
-23.57590466 22.84218109 -5.00000000
-23.99391973 22.56617490 -5.00000000
-24.42660163 22.35779637 -5.00000000
-24.85438703 22.21885329 -5.00000000
-25.25798142 22.14571739 -5.00000000
-25.61983912 22.12960364 -5.00000000
-25.92550881 22.15724600 -5.00000000
-26.16474175 22.21191729 -5.00000000
-26.33227755 22.27471497 -5.00000000
-26.42824737 22.32601368 -5.00000000
-26.45816326 22.34697305 -5.00000000
-26.62673031 22.39524084 -5.00000000
-27.06613344 22.26941671 -5.00000000
-27.42161245 21.83020088 -5.00000000
-27.45309047 21.37422286 -5.00000000
-27.37074906 21.21941808 -5.00000000
-27.34401476 21.19452765 -5.00000000
-27.27384011 21.11135746 -5.00000000
-27.17750285 20.96058967 -5.00000000
-27.07417001 20.73800559 -5.00000000
-26.98342538 20.44481031 -5.00000000
-26.92376489 20.08754112 -5.00000000
-26.91117526 19.67756698 -5.00000000
-26.95790554 19.23021723 -5.00000000
-27.07152580 18.76360638 -5.00000000
-27.25434544 18.29724494 -5.00000000
-27.50323591 17.85054254 -5.00000000
-27.80987107 17.44131843 -5.00000000
-28.16136659 17.08443341 -5.00000000
-28.54126903 16.79064883 -5.00000000
-28.93081839 16.56580041 -5.00000000
-29.31038747 16.41035070 -5.00000000
-29.66098747 16.31935464 -5.00000000
-29.96572472 16.28284064 -5.00000000
-30.21109664 16.28657791 -5.00000000
-30.38802776 16.31317065 -5.00000000
-30.49256601 16.34339512 -5.00000000
-30.52618587 16.35767662 -5.00000000
-30.70110476 16.36984258 -5.00000000
-31.10474556 16.15541096 -5.00000000
-31.36113840 15.65188481 -5.00000000
-31.29712539 15.19932635 -5.00000000
-31.18439762 15.06502416 -5.00000000
-31.15307251 15.04623603 -5.00000000
-31.06713929 14.97947344 -5.00000000
-30.94156084 14.85202992 -5.00000000
-30.79420824 14.65579395 -5.00000000
-30.64448788 14.38787255 -5.00000000
-30.51185066 14.05081467 -5.00000000
-30.41429773 13.65241698 -5.00000000
-30.36699761 13.20512712 -5.00000000
-30.38112113 12.72508986 -5.00000000
-30.46298373 12.23090919 -5.00000000
-30.61356070 11.74222108 -5.00000000
-30.82841267 11.27818646 -5.00000000
-31.09802660 10.85602021 -5.00000000
-31.40854601 10.48966936 -5.00000000
-31.74283417 10.18874255 -5.00000000
-32.08178894 9.95777295 -5.00000000
-32.40580835 9.79587153 -5.00000000
-32.69629467 9.69679701 -5.00000000
-32.93708165 9.64943692 -5.00000000
-33.11567534 9.63866250 -5.00000000
-33.22421319 9.64649177 -5.00000000
-33.26006767 9.65347122 -5.00000000
-33.43369361 9.62900365 -5.00000000
-33.78393105 9.33533623 -5.00000000
-33.93003212 8.78950626 -5.00000000
-33.77332575 8.36014634 -5.00000000
-33.63513836 8.25221641 -5.00000000
-33.60059151 8.24035169 -5.00000000
-33.50265541 8.19291455 -5.00000000
-33.35332416 8.09436520 -5.00000000
-33.16839181 7.93305378 -5.00000000
-32.96623920 7.70211573 -5.00000000
-32.76642216 7.40000020 -5.00000000
-32.58816945 7.03059085 -5.00000000
-32.44890616 6.60290959 -5.00000000
-32.36291570 6.13042586 -5.00000000
-32.34024346 5.63002403 -5.00000000
-32.38592599 5.12070821 -5.00000000
-32.49960470 4.62214363 -5.00000000
-32.67555363 4.15314683 -5.00000000
-32.90311882 3.73024101 -5.00000000
-33.16753577 3.36638776 -5.00000000
-33.45106229 3.06999274 -5.00000000
-33.73433990 2.84426183 -5.00000000
-33.99787964 2.68695683 -5.00000000
-34.22355813 2.59056924 -5.00000000
-34.39600900 2.54289855 -5.00000000
-34.50380283 2.52799044 -5.00000000
-34.54032491 2.52736280 -5.00000000
-34.70506961 2.46733104 -5.00000000
-34.98659664 2.10726251 -5.00000000
-35.01602062 1.54298411 -5.00000000
-34.77346972 1.15558783 -5.00000000
-34.61586215 1.07874719 -5.00000000
-34.57960342 1.07432444 -5.00000000
-34.47394472 1.04828597 -5.00000000
-34.30738715 0.98293788 -5.00000000
-34.09295749 0.86360110 -5.00000000
-33.84720768 0.67973949 -5.00000000
-33.58894377 0.42577020 -5.00000000
-33.33778179 0.10149416 -5.00000000
-33.11264180 -0.28788677 -5.00000000
-32.93029554 -0.73216718 -5.00000000
-32.80407936 -1.21692021 -5.00000000
-32.74287091 -1.72460418 -5.00000000
-32.75040806 -2.23590907 -5.00000000
-32.82500216 -2.73123900 -5.00000000
-32.95966744 -3.19221677 -5.00000000
-33.14265691 -3.60309433 -5.00000000
-33.35836370 -3.95196089 -5.00000000
-33.58851892 -4.23165576 -5.00000000
-33.81359414 -4.44031627 -5.00000000
-34.01430091 -4.58151875 -5.00000000
-34.17307201 -4.66400227 -5.00000000
-34.27541073 -4.70099621 -5.00000000
-34.31100422 -4.70920349 -5.00000000
-34.45966755 -4.80217576 -5.00000000
-34.66018008 -5.21290870 -5.00000000
-34.57164099 -5.77097385 -5.00000000
-34.25384619 -6.09947543 -5.00000000
-34.08370666 -6.14186845 -5.00000000
-34.04732073 -6.13865594 -5.00000000
-33.93855722 -6.14215773 -5.00000000
-33.76205271 -6.17144854 -5.00000000
-33.52749734 -6.24359509 -5.00000000
-33.24889077 -6.37234463 -5.00000000
-32.94346736 -6.56706799 -5.00000000
-32.63037310 -6.83203832 -5.00000000
-32.32919611 -7.16610110 -5.00000000
-32.05846346 -7.56276100 -5.00000000
-31.83421959 -8.01067919 -5.00000000
-31.66879525 -8.49454309 -5.00000000
-31.56986144 -8.99624180 -5.00000000
-31.53984059 -9.49625657 -5.00000000
-31.57572044 -9.97515936 -5.00000000
-31.66928490 -10.41510391 -5.00000000
-31.80774455 -10.80119486 -5.00000000
-31.97471849 -11.12262969 -5.00000000
-32.15149232 -11.37352623 -5.00000000
-32.31845551 -11.55337239 -5.00000000
-32.45660780 -11.66706382 -5.00000000
-32.54901870 -11.72452676 -5.00000000
-32.58212799 -11.73995500 -5.00000000
-32.70821265 -11.86180444 -5.00000000
-32.81894732 -12.30525078 -5.00000000
-32.61631476 -12.83271256 -5.00000000
-32.23716522 -13.08796233 -5.00000000
-32.06192964 -13.09405497 -5.00000000
-32.02700675 -13.08334760 -5.00000000
-31.91989192 -13.06415966 -5.00000000
-31.74115455 -13.05611305 -5.00000000
-31.49672467 -13.07791622 -5.00000000
-31.19743779 -13.14592671 -5.00000000
-30.85820335 -13.27289380 -5.00000000
-30.49686052 -13.46697793 -5.00000000
-30.13280941 -13.73112242 -5.00000000
-29.78552269 -14.06282587 -5.00000000
-29.47305165 -14.45433305 -5.00000000
-29.21064127 -14.89322971 -5.00000000
-29.00956037 -15.36339561 -5.00000000
-28.87623664 -15.84624217 -5.00000000
-28.81176295 -16.32213962 -5.00000000
-28.81181318 -16.77192348 -5.00000000
-28.86697433 -17.17836479 -5.00000000
-28.96346943 -17.52749133 -5.00000000
-29.08421600 -17.80965853 -5.00000000
-29.21013853 -18.02028821 -5.00000000
-29.32163408 -18.16021869 -5.00000000
-29.40007836 -18.23563923 -5.00000000
-29.42925643 -18.25761413 -5.00000000
-29.52725191 -18.40301535 -5.00000000
-29.54336908 -18.85979436 -5.00000000
-29.23549906 -19.33360015 -5.00000000
-28.81156544 -19.50444248 -5.00000000
-28.63889244 -19.47396846 -5.00000000
-28.60695889 -19.45623419 -5.00000000
-28.50617418 -19.41519513 -5.00000000
-28.33301563 -19.37016276 -5.00000000
-28.08939399 -19.34066965 -5.00000000
-27.78250708 -19.34496871 -5.00000000
-27.42428778 -19.39863046 -5.00000000
-27.03048879 -19.51334598 -5.00000000
-26.61947435 -19.69602780 -5.00000000
-26.21081166 -19.94827777 -5.00000000
-25.82376994 -20.26626319 -5.00000000
-25.47584210 -20.64101073 -5.00000000
-25.18140232 -21.05909530 -5.00000000
-24.95060259 -21.50367094 -5.00000000
-24.78859315 -21.95576406 -5.00000000
-24.69512697 -22.39572950 -5.00000000
-24.66457881 -22.80475775 -5.00000000
-24.68637777 -23.16631750 -5.00000000
-24.74581988 -23.46742328 -5.00000000
-24.82519833 -23.69963097 -5.00000000
-24.90516425 -23.85968486 -5.00000000
-24.96621352 -23.94976676 -5.00000000
-24.99018514 -23.97732792 -5.00000000
-25.05580857 -24.13992618 -5.00000000
-24.97660385 -24.59007442 -5.00000000
-24.57695177 -24.98951664 -5.00000000
-24.12676199 -25.06848490 -5.00000000
-23.96419822 -25.00277607 -5.00000000
-23.93664966 -24.97878998 -5.00000000
-23.84659983 -24.91769340 -5.00000000
-23.68658797 -24.83764342 -5.00000000
-23.45442201 -24.75814301 -5.00000000
-23.15334748 -24.69854275 -5.00000000
-22.79179924 -24.67655388 -5.00000000
-22.38275500 -24.70688719 -5.00000000
-21.94274052 -24.80012226 -5.00000000
-21.49056237 -24.96189420 -5.00000000
-21.04586556 -25.19246039 -5.00000000
-20.62762639 -25.48668053 -5.00000000
-20.25269615 -25.83441147 -5.00000000
-19.93450747 -26.22128611 -5.00000000
-19.68204289 -26.62981625 -5.00000000
-19.49914521 -27.04073468 -5.00000000
-19.38422285 -27.43447336 -5.00000000
-19.33037295 -27.79266442 -5.00000000
-19.32591269 -28.09954903 -5.00000000
-19.35527784 -28.34318613 -5.00000000
-19.40021924 -28.51636831 -5.00000000
-19.44120536 -28.61717456 -5.00000000
-19.45892285 -28.64911743 -5.00000000
-19.48930617 -28.82180640 -5.00000000
-19.31824118 -29.24565023 -5.00000000
-18.84427375 -29.55327134 -5.00000000
-18.38750327 -29.53691424 -5.00000000
-18.24215355 -29.43884240 -5.00000000
-18.22019397 -29.40965279 -5.00000000
-18.14481464 -29.33116891 -5.00000000
-18.00494275 -29.21959987 -5.00000000
-17.79437924 -29.09356673 -5.00000000
-17.51227551 -28.97267196 -5.00000000
-17.16319970 -28.87599349 -5.00000000
-16.75678741 -28.82061886 -5.00000000
-16.30700365 -28.82033237 -5.00000000
-15.83107239 -28.88455609 -5.00000000
-15.34815587 -29.01762618 -5.00000000
-14.87788442 -29.21846009 -5.00000000
-14.43884998 -29.48063990 -5.00000000
-14.04717873 -29.79290525 -5.00000000
-13.71529291 -30.14001769 -5.00000000
-13.45095723 -30.50393000 -5.00000000
-13.25668333 -30.86517084 -5.00000000
-13.12953807 -31.20433854 -5.00000000
-13.06137038 -31.50358965 -5.00000000
-13.03943882 -31.74800805 -5.00000000
-13.04739155 -31.92674963 -5.00000000
-13.06652322 -32.03387452 -5.00000000
-13.07721225 -32.06880303 -5.00000000
-13.07102757 -32.24403538 -5.00000000
-12.81557868 -32.62305080 -5.00000000
-12.28801054 -32.82540627 -5.00000000
-11.84462243 -32.71443869 -5.00000000
-11.72283923 -32.58829005 -5.00000000
-11.70742838 -32.55517265 -5.00000000
-11.65001399 -32.46273159 -5.00000000
-11.53639514 -32.32451960 -5.00000000
-11.35663671 -32.15746196 -5.00000000
-11.10583306 -31.98055637 -5.00000000
-10.78448598 -31.81341362 -5.00000000
-10.39846781 -31.67475119 -5.00000000
-9.95857246 -31.58095566 -5.00000000
-9.47968859 -31.54482426 -5.00000000
-8.97965812 -31.57458246 -5.00000000
-8.47790751 -31.67325274 -5.00000000
-7.99395678 -31.83842290 -5.00000000
-7.54592086 -32.06243147 -5.00000000
-7.14911881 -32.33295573 -5.00000000
-6.81489788 -32.63395720 -5.00000000
-6.54976313 -32.94691225 -5.00000000
-6.35487937 -33.25223334 -5.00000000
-6.22598351 -33.53077223 -5.00000000
-6.15371377 -33.76528968 -5.00000000
-6.12433025 -33.94177878 -5.00000000
-6.12077133 -34.05054044 -5.00000000
-6.12396473 -34.08692805 -5.00000000
-6.08148234 -34.25704529 -5.00000000
-5.75281388 -34.57466750 -5.00000000
-5.19470231 -34.66291344 -5.00000000
-4.78407475 -34.46218519 -5.00000000
-4.69118058 -34.31347305 -5.00000000
-4.68299199 -34.27787525 -5.00000000
-4.64605182 -34.17551712 -5.00000000
-4.56365170 -34.01670271 -5.00000000
-4.42255466 -33.81592181 -5.00000000
-4.21401241 -33.59073702 -5.00000000
-3.93443847 -33.36043492 -5.00000000
-3.58568526 -33.14454491 -5.00000000
-3.17490387 -32.96133965 -5.00000000
-2.71399690 -32.82643225 -5.00000000
-2.21870621 -32.75157798 -5.00000000
-1.70740536 -32.74377226 -5.00000000
-1.19968930 -32.80471404 -5.00000000
-0.71487005 -32.93067558 -5.00000000
-0.27049392 -33.11278845 -5.00000000
0.11900521 -33.33772388 -5.00000000
0.44341314 -33.58871550 -5.00000000
0.69751804 -33.84684597 -5.00000000
0.88150872 -34.09249917 -5.00000000
1.00095811 -34.30686612 -5.00000000
1.06639368 -34.47338934 -5.00000000
1.09248765 -34.57903435 -5.00000000
1.09692944 -34.61529075 -5.00000000
1.17385285 -34.77285793 -5.00000000
1.56137648 -35.01520532 -5.00000000
2.12563934 -34.98548495 -5.00000000
2.48555996 -34.70376883 -5.00000000
2.54550517 -34.53899262 -5.00000000
2.54611362 -34.50247022 -5.00000000
2.56096511 -34.39466857 -5.00000000
2.60854521 -34.22219268 -5.00000000
2.70481425 -33.99646360 -5.00000000
2.86198080 -33.73284126 -5.00000000
3.08756288 -33.44944513 -5.00000000
3.38380894 -33.16576296 -5.00000000
3.74752326 -32.90115492 -5.00000000
4.17030948 -32.67336763 -5.00000000
4.63921380 -32.49717238 -5.00000000
5.13771860 -32.38323181 -5.00000000
5.64701035 -32.33728176 -5.00000000
6.14742402 -32.35969115 -5.00000000
6.61995286 -32.44543342 -5.00000000
7.04770720 -32.58447206 -5.00000000
7.41721013 -32.76253070 -5.00000000
7.71943058 -32.96218903 -5.00000000
7.95047478 -33.16422030 -5.00000000
8.11188332 -33.34906789 -5.00000000
8.21051109 -33.49834736 -5.00000000
8.25799967 -33.59625853 -5.00000000
8.26988253 -33.63079914 -5.00000000
8.37788503 -33.76892983 -5.00000000
8.80732720 -33.92541065 -5.00000000
9.35308035 -33.77902290 -5.00000000
9.64656376 -33.42863125 -5.00000000
9.67094013 -33.25499248 -5.00000000
9.66394185 -33.21914167 -5.00000000
9.65605558 -33.11060795 -5.00000000
9.66673618 -32.93200862 -5.00000000
9.71396980 -32.69119680 -5.00000000
9.81289172 -32.40065848 -5.00000000
9.97462292 -32.07655408 -5.00000000
10.20541445 -31.73747803 -5.00000000
10.50616563 -31.40303185 -5.00000000
10.87235332 -31.09232006 -5.00000000
11.29437790 -30.82248441 -5.00000000
11.75829960 -30.60738874 -5.00000000
12.24690855 -30.45655510 -5.00000000
12.74104616 -30.37443294 -5.00000000
13.22107593 -30.36005727 -5.00000000
13.66839057 -30.40712244 -5.00000000
14.06683945 -30.50446610 -5.00000000
14.40396695 -30.63692625 -5.00000000
14.67196695 -30.78650586 -5.00000000
14.86828030 -30.93375537 -5.00000000
14.99578976 -31.05926686 -5.00000000
15.06259748 -31.14516500 -5.00000000
15.08140206 -31.17648023 -5.00000000
15.21576344 -31.28913745 -5.00000000
15.66835546 -31.35291274 -5.00000000
16.17174687 -31.09625545 -5.00000000
16.38596645 -30.69250207 -5.00000000
16.37370860 -30.51758959 -5.00000000
16.35940945 -30.48397724 -5.00000000
16.32913008 -30.37945488 -5.00000000
16.30244440 -30.20253775 -5.00000000
16.29857825 -29.95716783 -5.00000000
16.33493218 -29.65241145 -5.00000000
16.42574407 -29.30176369 -5.00000000
16.58099438 -28.92211302 -5.00000000
16.80563815 -28.53244560 -5.00000000
17.09922315 -28.15238891 -5.00000000
17.45592349 -27.80070597 -5.00000000
17.86498649 -27.49385591 -5.00000000
18.31155808 -27.24473083 -5.00000000
18.77782344 -27.06166625 -5.00000000
19.24437454 -26.94780092 -5.00000000
19.69169968 -26.90083567 -5.00000000
20.10168038 -26.91320995 -5.00000000
20.45898085 -26.97268278 -5.00000000
20.75222376 -27.06327339 -5.00000000
20.97486208 -27.16648930 -5.00000000
21.12568046 -27.26274735 -5.00000000
21.20888750 -27.33287831 -5.00000000
21.23379196 -27.35959954 -5.00000000
21.38863998 -27.44185962 -5.00000000
21.84460140 -27.41014210 -5.00000000
22.28363045 -27.05443243 -5.00000000
22.40922376 -26.61496327 -5.00000000
22.36086744 -26.44642160 -5.00000000
22.33989235 -26.41651672 -5.00000000
22.28854324 -26.32057386 -5.00000000
22.22565757 -26.15307106 -5.00000000
22.17086063 -25.91386687 -5.00000000
22.14305772 -25.60821174 -5.00000000
22.15898139 -25.24634563 -5.00000000
22.23190529 -24.84271288 -5.00000000
22.37062365 -24.41485456 -5.00000000
22.57877488 -23.98206327 -5.00000000
22.85456147 -23.56390328 -5.00000000
23.19088774 -23.17870964 -5.00000000
23.57590466 -22.84218109 -5.00000000
23.99391973 -22.56617490 -5.00000000
24.42660163 -22.35779637 -5.00000000
24.85438703 -22.21885329 -5.00000000
25.25798142 -22.14571739 -5.00000000
25.61983912 -22.12960364 -5.00000000
25.92550881 -22.15724600 -5.00000000
26.16474175 -22.21191729 -5.00000000
26.33227755 -22.27471497 -5.00000000
26.42824737 -22.32601368 -5.00000000
26.45816326 -22.34697305 -5.00000000
26.62673031 -22.39524084 -5.00000000
27.06613344 -22.26941671 -5.00000000
27.42161245 -21.83020088 -5.00000000
27.45309047 -21.37422286 -5.00000000
27.37074906 -21.21941808 -5.00000000
27.34401476 -21.19452765 -5.00000000
27.27384011 -21.11135746 -5.00000000
27.17750285 -20.96058967 -5.00000000
27.07417001 -20.73800559 -5.00000000
26.98342538 -20.44481031 -5.00000000
26.92376489 -20.08754112 -5.00000000
26.91117526 -19.67756698 -5.00000000
26.95790554 -19.23021723 -5.00000000
27.07152580 -18.76360638 -5.00000000
27.25434544 -18.29724494 -5.00000000
27.50323591 -17.85054254 -5.00000000
27.80987107 -17.44131843 -5.00000000
28.16136659 -17.08443341 -5.00000000
28.54126903 -16.79064883 -5.00000000
28.93081839 -16.56580041 -5.00000000
29.31038747 -16.41035070 -5.00000000
29.66098747 -16.31935464 -5.00000000
29.96572472 -16.28284064 -5.00000000
30.21109664 -16.28657791 -5.00000000
30.38802776 -16.31317065 -5.00000000
30.49256601 -16.34339512 -5.00000000
30.52618587 -16.35767662 -5.00000000
30.70110476 -16.36984258 -5.00000000
31.10474556 -16.15541096 -5.00000000
31.36113840 -15.65188481 -5.00000000
31.29712539 -15.19932635 -5.00000000
31.18439762 -15.06502416 -5.00000000
31.15307251 -15.04623603 -5.00000000
31.06713929 -14.97947344 -5.00000000
30.94156084 -14.85202992 -5.00000000
30.79420824 -14.65579395 -5.00000000
30.64448788 -14.38787255 -5.00000000
30.51185066 -14.05081467 -5.00000000
30.41429773 -13.65241698 -5.00000000
30.36699761 -13.20512712 -5.00000000
30.38112113 -12.72508986 -5.00000000
30.46298373 -12.23090919 -5.00000000
30.61356070 -11.74222108 -5.00000000
30.82841267 -11.27818646 -5.00000000
31.09802660 -10.85602021 -5.00000000
31.40854601 -10.48966936 -5.00000000
31.74283417 -10.18874255 -5.00000000
32.08178894 -9.95777295 -5.00000000
32.40580835 -9.79587153 -5.00000000
32.69629467 -9.69679701 -5.00000000
32.93708165 -9.64943692 -5.00000000
33.11567534 -9.63866250 -5.00000000
33.22421319 -9.64649177 -5.00000000
33.26006767 -9.65347122 -5.00000000
33.43369361 -9.62900365 -5.00000000
33.78393105 -9.33533623 -5.00000000
33.93003212 -8.78950626 -5.00000000
33.77332575 -8.36014634 -5.00000000
33.63513836 -8.25221641 -5.00000000
33.60059151 -8.24035169 -5.00000000
33.50265541 -8.19291455 -5.00000000
33.35332416 -8.09436520 -5.00000000
33.16839181 -7.93305378 -5.00000000
32.96623920 -7.70211573 -5.00000000
32.76642216 -7.40000020 -5.00000000
32.58816945 -7.03059085 -5.00000000
32.44890616 -6.60290959 -5.00000000
32.36291570 -6.13042586 -5.00000000
32.34024346 -5.63002403 -5.00000000
32.38592599 -5.12070821 -5.00000000
32.49960470 -4.62214363 -5.00000000
32.67555363 -4.15314683 -5.00000000
32.90311882 -3.73024101 -5.00000000
33.16753577 -3.36638776 -5.00000000
33.45106229 -3.06999274 -5.00000000
33.73433990 -2.84426183 -5.00000000
33.99787964 -2.68695683 -5.00000000
34.22355813 -2.59056924 -5.00000000
34.39600900 -2.54289855 -5.00000000
34.50380283 -2.52799044 -5.00000000
34.54032491 -2.52736280 -5.00000000
