6.82891777 0.71774818 0.00000000
6.87036184 0.72720817 0.00000000
6.98770095 0.77462840 0.00000000
7.16384948 0.88505947 0.00000000
7.37447896 1.07682874 0.00000000
7.59055972 1.35958585 0.00000000
7.78138820 1.73324131 0.00000000
7.91778608 2.18791816 0.00000000
7.97514121 2.70492643 0.00000000
7.93597613 3.25866002 0.00000000
7.79177767 3.81921725 0.00000000
7.54389728 4.35547112 0.00000000
7.20342799 4.83826878 0.00000000
6.79007042 5.24342693 0.00000000
6.33010561 5.55421167 0.00000000
5.85368575 5.76304481 0.00000000
5.39172511 5.87225920 0.00000000
4.97271574 5.89382462 0.00000000
4.61980053 5.84807175 0.00000000
4.34840872 5.76154591 0.00000000
4.16469835 5.66421233 0.00000000
4.06496167 5.58630380 0.00000000
4.03604704 5.55514218 0.00000000
3.89301858 5.46617009 0.00000000
3.45602416 5.44698873 0.00000000
2.98921853 5.71649908 0.00000000
2.78733287 6.10453803 0.00000000
2.79287073 6.27289036 0.00000000
2.80540017 6.31351197 0.00000000
2.82300260 6.43884074 0.00000000
2.81544076 6.64660537 0.00000000
2.75467844 6.92490049 0.00000000
2.61784398 7.25341047 0.00000000
2.38966309 7.60550052 0.00000000
2.06410033 7.95096297 0.00000000
1.64503560 8.25913811 0.00000000
1.14590571 8.50208694 0.00000000
0.58834968 8.65748603 0.00000000
0.00000000 8.71094225 0.00000000
-0.58834968 8.65748603 0.00000000
-1.14590571 8.50208694 0.00000000
-1.64503560 8.25913811 0.00000000
-2.06410033 7.95096297 0.00000000
-2.38966309 7.60550052 0.00000000
-2.61784398 7.25341047 0.00000000
-2.75467844 6.92490049 0.00000000
-2.81544076 6.64660537 0.00000000
-2.82300260 6.43884074 0.00000000
-2.80540017 6.31351197 0.00000000
-2.79287073 6.27289036 0.00000000
-2.78733287 6.10453803 0.00000000
-2.98921853 5.71649908 0.00000000
-3.45602416 5.44698873 0.00000000
-3.89301858 5.46617009 0.00000000
-4.03604704 5.55514218 0.00000000
-4.06496167 5.58630380 0.00000000
-4.16469835 5.66421233 0.00000000
-4.34840872 5.76154591 0.00000000
-4.61980053 5.84807175 0.00000000
-4.97271574 5.89382462 0.00000000
-5.39172511 5.87225920 0.00000000
-5.85368575 5.76304481 0.00000000
-6.33010561 5.55421167 0.00000000
-6.79007042 5.24342693 0.00000000
-7.20342799 4.83826878 0.00000000
-7.54389728 4.35547112 0.00000000
-7.79177767 3.81921725 0.00000000
-7.93597613 3.25866002 0.00000000
-7.97514121 2.70492643 0.00000000
-7.91778608 2.18791816 0.00000000
-7.78138820 1.73324131 0.00000000
-7.59055972 1.35958585 0.00000000
-7.37447896 1.07682874 0.00000000
-7.16384948 0.88505947 0.00000000
-6.98770095 0.77462840 0.00000000
-6.87036184 0.72720817 0.00000000
-6.82891777 0.71774818 0.00000000
-6.68035145 0.63836794 0.00000000
-6.44524269 0.26951035 0.00000000
-6.44524269 -0.26951035 0.00000000
-6.68035145 -0.63836794 0.00000000
-6.82891777 -0.71774818 0.00000000
-6.87036184 -0.72720817 0.00000000
-6.98770095 -0.77462840 0.00000000
-7.16384948 -0.88505947 0.00000000
-7.37447896 -1.07682874 0.00000000
-7.59055972 -1.35958585 0.00000000
-7.78138820 -1.73324131 0.00000000
-7.91778608 -2.18791816 0.00000000
-7.97514121 -2.70492643 0.00000000
-7.93597613 -3.25866002 0.00000000
-7.79177767 -3.81921725 0.00000000
-7.54389728 -4.35547112 0.00000000
-7.20342799 -4.83826878 0.00000000
-6.79007042 -5.24342693 0.00000000
-6.33010561 -5.55421167 0.00000000
-5.85368575 -5.76304481 0.00000000
-5.39172511 -5.87225920 0.00000000
-4.97271574 -5.89382462 0.00000000
-4.61980053 -5.84807175 0.00000000
-4.34840872 -5.76154591 0.00000000
-4.16469835 -5.66421233 0.00000000
-4.06496167 -5.58630380 0.00000000
-4.03604704 -5.55514218 0.00000000
-3.89301858 -5.46617009 0.00000000
-3.45602416 -5.44698873 0.00000000
-2.98921853 -5.71649908 0.00000000
-2.78733287 -6.10453803 0.00000000
-2.79287073 -6.27289036 0.00000000
-2.80540017 -6.31351197 0.00000000
-2.82300260 -6.43884074 0.00000000
-2.81544076 -6.64660537 0.00000000
-2.75467844 -6.92490049 0.00000000
-2.61784398 -7.25341047 0.00000000
-2.38966309 -7.60550052 0.00000000
-2.06410033 -7.95096297 0.00000000
-1.64503560 -8.25913811 0.00000000
-1.14590571 -8.50208694 0.00000000
-0.58834968 -8.65748603 0.00000000
-0.00000000 -8.71094225 0.00000000
0.58834968 -8.65748603 0.00000000
1.14590571 -8.50208694 0.00000000
1.64503560 -8.25913811 0.00000000
2.06410033 -7.95096297 0.00000000
2.38966309 -7.60550052 0.00000000
2.61784398 -7.25341047 0.00000000
2.75467844 -6.92490049 0.00000000
2.81544076 -6.64660537 0.00000000
2.82300260 -6.43884074 0.00000000
2.80540017 -6.31351197 0.00000000
2.79287073 -6.27289036 0.00000000
2.78733287 -6.10453803 0.00000000
2.98921853 -5.71649908 0.00000000
3.45602416 -5.44698873 0.00000000
3.89301858 -5.46617009 0.00000000
4.03604704 -5.55514218 0.00000000
4.06496167 -5.58630380 0.00000000
4.16469835 -5.66421233 0.00000000
4.34840872 -5.76154591 0.00000000
4.61980053 -5.84807175 0.00000000
4.97271574 -5.89382462 0.00000000
5.39172511 -5.87225920 0.00000000
5.85368575 -5.76304481 0.00000000
6.33010561 -5.55421167 0.00000000
6.79007042 -5.24342693 0.00000000
7.20342799 -4.83826878 0.00000000
7.54389728 -4.35547112 0.00000000
7.79177767 -3.81921725 0.00000000
7.93597613 -3.25866002 0.00000000
7.97514121 -2.70492643 0.00000000
7.91778608 -2.18791816 0.00000000
7.78138820 -1.73324131 0.00000000
7.59055972 -1.35958585 0.00000000
7.37447896 -1.07682874 0.00000000
7.16384948 -0.88505947 0.00000000
6.98770095 -0.77462840 0.00000000
6.87036184 -0.72720817 0.00000000
6.82891777 -0.71774818 0.00000000
6.68035145 -0.63836794 0.00000000
6.44524269 -0.26951035 0.00000000
6.44524269 0.26951035 0.00000000
6.68035145 0.63836794 0.00000000
6.82891777 0.71774818 0.00000000
