6.53409342 2.11066424 -5.00000000
6.57269561 2.12846799 -5.00000000
6.67773268 2.19906798 -5.00000000
6.82732006 2.34345267 -5.00000000
6.99387256 2.57453815 -5.00000000
7.14699450 2.89577972 -5.00000000
7.25666080 3.30075777 -5.00000000
7.29635734 3.77379012 -5.00000000
7.24585555 4.29151276 -5.00000000
7.09333448 4.82526561 -5.00000000
6.83663067 5.34403412 -5.00000000
6.48348593 5.81763913 -5.00000000
6.05076710 6.21984221 -5.00000000
5.56273866 6.53104286 -5.00000000
5.04856777 6.74028693 -5.00000000
4.53932131 6.84637747 -5.00000000
4.06476786 6.85797273 -5.00000000
3.65031845 6.79266117 -5.00000000
3.31442559 6.67510922 -5.00000000
3.06671234 6.53447359 -5.00000000
2.90702455 6.40134533 -5.00000000
2.82549919 6.30454264 -5.00000000
2.80363268 6.26808775 -5.00000000
2.68202785 6.15153117 -5.00000000
2.25838332 6.04263965 -5.00000000
1.74603080 6.21008580 -5.00000000
1.46845879 6.54814767 -5.00000000
1.43915786 6.71402301 -5.00000000
1.44304045 6.75635536 -5.00000000
1.43441761 6.88262013 -5.00000000
1.38417048 7.08435895 -5.00000000
1.26732084 7.34414039 -5.00000000
1.06567844 7.63736866 -5.00000000
0.76979032 7.93483148 -5.00000000
0.37998055 8.20572587 -5.00000000
-0.09363130 8.42085136 -5.00000000
-0.63213536 8.55564066 -5.00000000
-1.20975397 8.59271290 -5.00000000
-1.79648031 8.52368309 -5.00000000
-2.36115781 8.35003913 -5.00000000
-2.87467970 8.08299443 -5.00000000
-3.31297582 7.74233141 -5.00000000
-3.65947616 7.35435630 -5.00000000
-3.90679467 6.94917860 -5.00000000
-4.05745791 6.55759909 -5.00000000
-4.12360137 6.20793137 -5.00000000
-4.12566395 5.92308759 -5.00000000
-4.09021539 5.71822977 -5.00000000
-4.04714449 5.59922540 -5.00000000
-4.02650689 5.56206100 -5.00000000
-3.98636834 5.39846983 -5.00000000
-4.10388778 4.97713715 -5.00000000
-4.50507666 4.61714993 -5.00000000
-4.93663283 4.54579645 -5.00000000
-5.09493556 4.60335877 -5.00000000
-5.12965516 4.62788737 -5.00000000
-5.24331507 4.68355215 -5.00000000
-5.44314958 4.74090628 -5.00000000
-5.72655172 4.76960223 -5.00000000
-6.08131605 4.74158893 -5.00000000
-6.48687048 4.63407371 -5.00000000
-6.91637679 4.43193575 -5.00000000
-7.33948685 4.12933860 -5.00000000
-7.72546984 3.73037505 -5.00000000
-8.04638464 3.24867878 -5.00000000
-8.27996624 2.70604396 -5.00000000
-8.41192491 2.13019692 -5.00000000
-8.43741836 1.55195156 -5.00000000
-8.36154359 1.00204448 -5.00000000
-8.19879746 0.50797883 -5.00000000
-7.97156254 0.09120586 -5.00000000
-7.70777636 -0.23506208 -5.00000000
-7.43802695 -0.46717785 -5.00000000
-7.19237630 -0.61138600 -5.00000000
-6.99723995 -0.68311555 -5.00000000
-6.87264368 -0.70531724 -5.00000000
-6.83013957 -0.70602675 -5.00000000
-6.66839619 -0.75306134 -5.00000000
-6.36227110 -1.06550250 -5.00000000
-6.25110746 -1.59293587 -5.00000000
-6.40509163 -2.00235122 -5.00000000
-6.53409342 -2.11066424 -5.00000000
-6.57269561 -2.12846799 -5.00000000
-6.67773268 -2.19906798 -5.00000000
-6.82732006 -2.34345267 -5.00000000
-6.99387256 -2.57453815 -5.00000000
-7.14699450 -2.89577972 -5.00000000
-7.25666080 -3.30075777 -5.00000000
-7.29635734 -3.77379012 -5.00000000
-7.24585555 -4.29151276 -5.00000000
-7.09333448 -4.82526561 -5.00000000
-6.83663067 -5.34403412 -5.00000000
-6.48348593 -5.81763913 -5.00000000
-6.05076710 -6.21984221 -5.00000000
-5.56273866 -6.53104286 -5.00000000
-5.04856777 -6.74028693 -5.00000000
-4.53932131 -6.84637747 -5.00000000
-4.06476786 -6.85797273 -5.00000000
-3.65031845 -6.79266117 -5.00000000
-3.31442559 -6.67510922 -5.00000000
-3.06671234 -6.53447359 -5.00000000
-2.90702455 -6.40134533 -5.00000000
-2.82549919 -6.30454264 -5.00000000
-2.80363268 -6.26808775 -5.00000000
-2.68202785 -6.15153117 -5.00000000
-2.25838332 -6.04263965 -5.00000000
-1.74603080 -6.21008580 -5.00000000
-1.46845879 -6.54814767 -5.00000000
-1.43915786 -6.71402301 -5.00000000
-1.44304045 -6.75635536 -5.00000000
-1.43441761 -6.88262013 -5.00000000
-1.38417048 -7.08435895 -5.00000000
-1.26732084 -7.34414039 -5.00000000
-1.06567844 -7.63736866 -5.00000000
-0.76979032 -7.93483148 -5.00000000
-0.37998055 -8.20572587 -5.00000000
0.09363130 -8.42085136 -5.00000000
0.63213536 -8.55564066 -5.00000000
1.20975397 -8.59271290 -5.00000000
1.79648031 -8.52368309 -5.00000000
2.36115781 -8.35003913 -5.00000000
2.87467970 -8.08299443 -5.00000000
3.31297582 -7.74233141 -5.00000000
3.65947616 -7.35435630 -5.00000000
3.90679467 -6.94917860 -5.00000000
4.05745791 -6.55759909 -5.00000000
4.12360137 -6.20793137 -5.00000000
4.12566395 -5.92308759 -5.00000000
4.09021539 -5.71822977 -5.00000000
4.04714449 -5.59922540 -5.00000000
4.02650689 -5.56206100 -5.00000000
3.98636834 -5.39846983 -5.00000000
4.10388778 -4.97713715 -5.00000000
4.50507666 -4.61714993 -5.00000000
4.93663283 -4.54579645 -5.00000000
5.09493556 -4.60335877 -5.00000000
5.12965516 -4.62788737 -5.00000000
5.24331507 -4.68355215 -5.00000000
5.44314958 -4.74090628 -5.00000000
5.72655172 -4.76960223 -5.00000000
6.08131605 -4.74158893 -5.00000000
6.48687048 -4.63407371 -5.00000000
6.91637679 -4.43193575 -5.00000000
7.33948685 -4.12933860 -5.00000000
7.72546984 -3.73037505 -5.00000000
8.04638464 -3.24867878 -5.00000000
8.27996624 -2.70604396 -5.00000000
8.41192491 -2.13019692 -5.00000000
8.43741836 -1.55195156 -5.00000000
8.36154359 -1.00204448 -5.00000000
8.19879746 -0.50797883 -5.00000000
7.97156254 -0.09120586 -5.00000000
7.70777636 0.23506208 -5.00000000
7.43802695 0.46717785 -5.00000000
7.19237630 0.61138600 -5.00000000
6.99723995 0.68311555 -5.00000000
6.87264368 0.70531724 -5.00000000
6.83013957 0.70602675 -5.00000000
6.66839619 0.75306134 -5.00000000
6.36227110 1.06550250 -5.00000000
6.25110746 1.59293587 -5.00000000
6.40509163 2.00235122 -5.00000000
6.53409342 2.11066424 -5.00000000
