-24.18890900 18.69364755 0.00000000
-24.35338190 18.62835079 0.00000000
-24.62273720 18.25441225 0.00000000
-24.62273720 17.68494930 0.00000000
-24.35338190 17.31101076 0.00000000
-24.18890900 17.24571400 0.00000000
-24.15389608 17.24465906 0.00000000
-24.05056427 17.23009169 0.00000000
-23.88481602 17.18582328 0.00000000
-23.66663500 17.09779286 0.00000000
-23.40938148 16.95506646 0.00000000
-23.12884940 16.75061569 0.00000000
-22.84215167 16.48182035 0.00000000
-22.56651232 16.15065971 0.00000000
-22.31805109 15.76357888 0.00000000
-22.11064595 15.33103968 0.00000000
-21.95495424 14.86678781 0.00000000
-21.85766128 14.38688803 0.00000000
-21.82100980 13.90859553 0.00000000
-21.84264312 13.44914308 0.00000000
-21.91577348 13.02452988 0.00000000
-22.02966333 12.64839742 0.00000000
-22.17038585 12.33107182 0.00000000
-22.32181073 12.07884037 0.00000000
-22.46674583 11.89351328 0.00000000
-22.58815382 11.77230159 0.00000000
-22.67035811 11.70801997 0.00000000
-22.70015272 11.68959991 0.00000000
-22.80994205 11.55081481 0.00000000
-22.85624131 11.09229688 0.00000000
-22.57150983 10.59912750 0.00000000
-22.15127203 10.40996487 0.00000000
-21.97618595 10.43565267 0.00000000
-21.94533640 10.45224553 0.00000000
-21.84856473 10.49129572 0.00000000
-21.68288834 10.53583228 0.00000000
-21.44992282 10.56868621 0.00000000
-21.15577154 10.57370828 0.00000000
-20.81059825 10.53691476 0.00000000
-20.42791305 10.44748003 0.00000000
-20.02362206 10.29850618 0.00000000
-19.61490791 10.08751496 0.00000000
-19.21902019 9.81662759 0.00000000
-18.85206127 9.49241954 0.00000000
-18.52785321 9.12546062 0.00000000
-18.25696584 8.72957290 0.00000000
-18.04597463 8.32085874 0.00000000
-17.89700077 7.91656775 0.00000000
-17.80756605 7.53388256 0.00000000
-17.77077252 7.18870927 0.00000000
-17.77579460 6.89455798 0.00000000
-17.80864853 6.66159247 0.00000000
-17.85318508 6.49591607 0.00000000
-17.89223528 6.39914441 0.00000000
-17.90882814 6.36829486 0.00000000
-17.93451594 6.19320877 0.00000000
-17.74535331 5.77297098 0.00000000
-17.25218392 5.48823950 0.00000000
-16.79366600 5.53453876 0.00000000
-16.65488090 5.64432809 0.00000000
-16.63646084 5.67412270 0.00000000
-16.57217921 5.75632699 0.00000000
-16.45096753 5.87773498 0.00000000
-16.26564044 6.02267007 0.00000000
-16.01340899 6.17409496 0.00000000
-15.69608339 6.31481747 0.00000000
-15.31995093 6.42870733 0.00000000
-14.89533773 6.50183768 0.00000000
-14.43588528 6.52347101 0.00000000
-13.95759277 6.48681952 0.00000000
-13.47769300 6.38952657 0.00000000
-13.01344113 6.23383485 0.00000000
-12.58090192 6.02642972 0.00000000
-12.19382109 5.77796848 0.00000000
-11.86266046 5.50232914 0.00000000
-11.59386511 5.21563140 0.00000000
-11.38941434 4.93509933 0.00000000
-11.24668794 4.67784580 0.00000000
-11.15865752 4.45966478 0.00000000
-11.11438912 4.29391654 0.00000000
-11.09982175 4.19058472 0.00000000
-11.09876681 4.15557180 0.00000000
-11.03347005 3.99109890 0.00000000
-10.65953151 3.72174361 0.00000000
-10.09006855 3.72174361 0.00000000
-9.71613001 3.99109890 0.00000000
-9.65083326 4.15557180 0.00000000
-9.64977832 4.19058472 0.00000000
-9.63521095 4.29391654 0.00000000
-9.59094254 4.45966478 0.00000000
-9.50291212 4.67784580 0.00000000
-9.36018572 4.93509933 0.00000000
-9.15573495 5.21563140 0.00000000
-8.88693961 5.50232914 0.00000000
-8.55577897 5.77796848 0.00000000
-8.16869814 6.02642972 0.00000000
-7.73615893 6.23383485 0.00000000
-7.27190706 6.38952657 0.00000000
-6.79200729 6.48681952 0.00000000
-6.31371478 6.52347101 0.00000000
-5.85426233 6.50183768 0.00000000
-5.42964914 6.42870733 0.00000000
-5.05351668 6.31481747 0.00000000
-4.73619108 6.17409496 0.00000000
-4.48395963 6.02267007 0.00000000
-4.29863254 5.87773498 0.00000000
-4.17742085 5.75632699 0.00000000
-4.11313923 5.67412270 0.00000000
-4.09471916 5.64432809 0.00000000
-3.95593407 5.53453876 0.00000000
-3.49741614 5.48823950 0.00000000
-3.00424676 5.77297098 0.00000000
-2.81508413 6.19320877 0.00000000
-2.84077193 6.36829486 0.00000000
-2.85736479 6.39914441 0.00000000
-2.89641498 6.49591607 0.00000000
-2.94095154 6.66159247 0.00000000
-2.97380547 6.89455798 0.00000000
-2.97882754 7.18870927 0.00000000
-2.94203402 7.53388256 0.00000000
-2.85259929 7.91656775 0.00000000
-2.70362544 8.32085874 0.00000000
-2.49263422 8.72957290 0.00000000
-2.22174685 9.12546062 0.00000000
-1.89753879 9.49241954 0.00000000
-1.53057988 9.81662759 0.00000000
-1.13469216 10.08751496 0.00000000
-0.72597800 10.29850618 0.00000000
-0.32168701 10.44748003 0.00000000
0.06099818 10.53691476 0.00000000
0.40617147 10.57370828 0.00000000
0.70032276 10.56868621 0.00000000
0.93328828 10.53583228 0.00000000
1.09896467 10.49129572 0.00000000
1.19573633 10.45224553 0.00000000
1.22658588 10.43565267 0.00000000
1.40167197 10.40996487 0.00000000
1.82190977 10.59912750 0.00000000
2.10664124 11.09229688 0.00000000
2.06034199 11.55081481 0.00000000
1.95055266 11.68959991 0.00000000
1.92075805 11.70801997 0.00000000
1.83855375 11.77230159 0.00000000
1.71714576 11.89351328 0.00000000
1.57221067 12.07884037 0.00000000
1.42078578 12.33107182 0.00000000
1.28006327 12.64839742 0.00000000
1.16617341 13.02452988 0.00000000
1.09304306 13.44914308 0.00000000
1.07140973 13.90859553 0.00000000
1.10806122 14.38688803 0.00000000
1.20535417 14.86678781 0.00000000
1.36104589 15.33103968 0.00000000
1.56845103 15.76357888 0.00000000
1.81691226 16.15065971 0.00000000
2.09255160 16.48182035 0.00000000
2.37924934 16.75061569 0.00000000
2.65978142 16.95506646 0.00000000
2.91703494 17.09779286 0.00000000
3.13521596 17.18582328 0.00000000
3.30096420 17.23009169 0.00000000
3.40429602 17.24465906 0.00000000
3.43930894 17.24571400 0.00000000
3.60378184 17.31101076 0.00000000
3.87313713 17.68494930 0.00000000
3.87313713 18.25441225 0.00000000
3.60378184 18.62835079 0.00000000
3.43930894 18.69364755 0.00000000
3.40429602 18.69470249 0.00000000
3.30096420 18.70926986 0.00000000
3.13521596 18.75353826 0.00000000
2.91703494 18.84156869 0.00000000
2.65978142 18.98429508 0.00000000
2.37924934 19.18874586 0.00000000
2.09255160 19.45754120 0.00000000
1.81691226 19.78870183 0.00000000
1.56845103 20.17578267 0.00000000
1.36104589 20.60832187 0.00000000
1.20535417 21.07257374 0.00000000
1.10806122 21.55247351 0.00000000
1.07140973 22.03076602 0.00000000
1.09304306 22.49021847 0.00000000
1.16617341 22.91483167 0.00000000
1.28006327 23.29096413 0.00000000
1.42078578 23.60828973 0.00000000
1.57221067 23.86052118 0.00000000
1.71714576 24.04584827 0.00000000
1.83855375 24.16705995 0.00000000
1.92075805 24.23134158 0.00000000
1.95055266 24.24976164 0.00000000
2.06034199 24.38854674 0.00000000
2.10664124 24.84706466 0.00000000
1.82190977 25.34023405 0.00000000
1.40167197 25.52939668 0.00000000
1.22658588 25.50370888 0.00000000
1.19573633 25.48711602 0.00000000
1.09896467 25.44806583 0.00000000
0.93328828 25.40352927 0.00000000
0.70032276 25.37067534 0.00000000
0.40617147 25.36565327 0.00000000
0.06099818 25.40244679 0.00000000
-0.32168701 25.49188152 0.00000000
-0.72597800 25.64085537 0.00000000
-1.13469216 25.85184659 0.00000000
-1.53057988 26.12273396 0.00000000
-1.89753879 26.44694201 0.00000000
-2.22174685 26.81390093 0.00000000
-2.49263422 27.20978865 0.00000000
-2.70362544 27.61850280 0.00000000
-2.85259929 28.02279380 0.00000000
-2.94203402 28.40547899 0.00000000
-2.97882754 28.75065228 0.00000000
-2.97380547 29.04480356 0.00000000
-2.94095154 29.27776908 0.00000000
-2.89641498 29.44344547 0.00000000
-2.85736479 29.54021714 0.00000000
-2.84077193 29.57106669 0.00000000
-2.81508413 29.74615277 0.00000000
-3.00424676 30.16639057 0.00000000
-3.49741614 30.45112205 0.00000000
-3.95593407 30.40482279 0.00000000
-4.09471916 30.29503346 0.00000000
-4.11313923 30.26523885 0.00000000
-4.17742085 30.18303456 0.00000000
-4.29863254 30.06162657 0.00000000
-4.48395963 29.91669148 0.00000000
-4.73619108 29.76526659 0.00000000
-5.05351668 29.62454407 0.00000000
-5.42964914 29.51065422 0.00000000
-5.85426233 29.43752386 0.00000000
-6.31371478 29.41589054 0.00000000
-6.79200729 29.45254203 0.00000000
-7.27190706 29.54983498 0.00000000
-7.73615893 29.70552670 0.00000000
-8.16869814 29.91293183 0.00000000
-8.55577897 30.16139307 0.00000000
-8.88693961 30.43703241 0.00000000
-9.15573495 30.72373015 0.00000000
-9.36018572 31.00426222 0.00000000
-9.50291212 31.26151574 0.00000000
-9.59094254 31.47969676 0.00000000
-9.63521095 31.64544501 0.00000000
-9.64977832 31.74877682 0.00000000
-9.65083326 31.78378975 0.00000000
-9.71613001 31.94826265 0.00000000
-10.09006855 32.21761794 0.00000000
-10.65953151 32.21761794 0.00000000
-11.03347005 31.94826265 0.00000000
-11.09876681 31.78378975 0.00000000
-11.09982175 31.74877682 0.00000000
-11.11438912 31.64544501 0.00000000
-11.15865752 31.47969676 0.00000000
-11.24668794 31.26151574 0.00000000
-11.38941434 31.00426222 0.00000000
-11.59386511 30.72373015 0.00000000
-11.86266046 30.43703241 0.00000000
-12.19382109 30.16139307 0.00000000
-12.58090192 29.91293183 0.00000000
-13.01344113 29.70552670 0.00000000
-13.47769300 29.54983498 0.00000000
-13.95759277 29.45254203 0.00000000
-14.43588528 29.41589054 0.00000000
-14.89533773 29.43752386 0.00000000
-15.31995093 29.51065422 0.00000000
-15.69608339 29.62454407 0.00000000
-16.01340899 29.76526659 0.00000000
-16.26564044 29.91669148 0.00000000
-16.45096753 30.06162657 0.00000000
-16.57217921 30.18303456 0.00000000
-16.63646084 30.26523885 0.00000000
-16.65488090 30.29503346 0.00000000
-16.79366600 30.40482279 0.00000000
-17.25218392 30.45112205 0.00000000
-17.74535331 30.16639057 0.00000000
-17.93451594 29.74615277 0.00000000
-17.90882814 29.57106669 0.00000000
-17.89223528 29.54021714 0.00000000
-17.85318508 29.44344547 0.00000000
-17.80864853 29.27776908 0.00000000
-17.77579460 29.04480356 0.00000000
-17.77077252 28.75065228 0.00000000
-17.80756605 28.40547899 0.00000000
-17.89700077 28.02279380 0.00000000
-18.04597463 27.61850280 0.00000000
-18.25696584 27.20978865 0.00000000
-18.52785321 26.81390093 0.00000000
-18.85206127 26.44694201 0.00000000
-19.21902019 26.12273396 0.00000000
-19.61490791 25.85184659 0.00000000
-20.02362206 25.64085537 0.00000000
-20.42791305 25.49188152 0.00000000
-20.81059825 25.40244679 0.00000000
-21.15577154 25.36565327 0.00000000
-21.44992282 25.37067534 0.00000000
-21.68288834 25.40352927 0.00000000
-21.84856473 25.44806583 0.00000000
-21.94533640 25.48711602 0.00000000
-21.97618595 25.50370888 0.00000000
-22.15127203 25.52939668 0.00000000
-22.57150983 25.34023405 0.00000000
-22.85624131 24.84706466 0.00000000
-22.80994205 24.38854674 0.00000000
-22.70015272 24.24976164 0.00000000
-22.67035811 24.23134158 0.00000000
-22.58815382 24.16705995 0.00000000
-22.46674583 24.04584827 0.00000000
-22.32181073 23.86052118 0.00000000
-22.17038585 23.60828973 0.00000000
-22.02966333 23.29096413 0.00000000
-21.91577348 22.91483167 0.00000000
-21.84264312 22.49021847 0.00000000
-21.82100980 22.03076602 0.00000000
-21.85766128 21.55247351 0.00000000
-21.95495424 21.07257374 0.00000000
-22.11064595 20.60832187 0.00000000
-22.31805109 20.17578267 0.00000000
-22.56651232 19.78870183 0.00000000
-22.84215167 19.45754120 0.00000000
-23.12884940 19.18874586 0.00000000
-23.40938148 18.98429508 0.00000000
-23.66663500 18.84156869 0.00000000
-23.88481602 18.75353826 0.00000000
-24.05056427 18.70926986 0.00000000
-24.15389608 18.69470249 0.00000000
-24.18890900 18.69364755 0.00000000
