34.49089818 -2.51769423 5.00000000
34.65562498 -2.45773677 5.00000000
34.93705382 -2.09815879 5.00000000
34.96633748 -1.53468024 5.00000000
34.72369817 -1.14786674 5.00000000
34.56607389 -1.07115688 5.00000000
34.52981424 -1.06674521 5.00000000
34.42414999 -1.04075814 5.00000000
34.25757845 -0.97552686 5.00000000
34.04312351 -0.85639334 5.00000000
33.79733571 -0.67283682 5.00000000
33.53902148 -0.41928280 5.00000000
33.28779920 -0.09553212 5.00000000
33.06259302 0.29322259 5.00000000
32.88017980 0.73679445 5.00000000
32.75390116 1.22078330 5.00000000
32.69263908 1.72768024 5.00000000
32.70013404 2.23821072 5.00000000
32.77469788 2.73281333 5.00000000
32.90934351 3.19314052 5.00000000
33.09232137 3.60346619 5.00000000
33.30802170 3.95189194 5.00000000
33.53817308 4.23125949 5.00000000
33.76324539 4.43969915 5.00000000
33.96394941 4.58077223 5.00000000
34.12271793 4.66319648 5.00000000
34.22505466 4.70017560 5.00000000
34.26064736 4.70838439 5.00000000
34.40930863 4.80128026 5.00000000
34.60982711 5.21151294 5.00000000
34.52131707 5.76876655 5.00000000
34.20355697 6.09667970 5.00000000
34.03342828 6.13894134 5.00000000
33.99704376 6.13571779 5.00000000
33.88828551 6.13916815 5.00000000
33.71179160 6.16834180 5.00000000
33.47725377 6.24028428 5.00000000
33.19867348 6.36872749 5.00000000
32.89328718 6.56303420 5.00000000
32.58024317 6.82747810 5.00000000
32.27913163 7.16091459 5.00000000
32.00848081 7.55686750 5.00000000
31.78433472 8.00402523 5.00000000
31.61902156 8.48710815 5.00000000
31.52020748 8.98804060 5.00000000
31.49030826 9.48733765 5.00000000
31.52630415 9.96559999 5.00000000
31.61997200 10.40500230 5.00000000
31.75851698 10.79066073 5.00000000
31.92555522 11.11177459 5.00000000
32.10237212 11.36245451 5.00000000
32.26935953 11.54217351 5.00000000
32.40752161 11.65580642 5.00000000
32.49993364 11.71325447 5.00000000
32.53304186 11.72868401 5.00000000
32.65914039 11.85045830 5.00000000
32.76998488 12.29341656 5.00000000
32.56754946 12.82009057 5.00000000
32.18855620 13.07477199 5.00000000
32.01335854 13.08073836 5.00000000
31.97843932 13.07002049 5.00000000
31.87134033 13.05078334 5.00000000
31.69263770 13.04262432 5.00000000
31.44826740 13.06423153 5.00000000
31.14906991 13.13194785 5.00000000
30.80995840 13.25851511 5.00000000
30.44877417 13.45209477 5.00000000
30.08491730 13.71564026 5.00000000
29.73785761 14.04666918 5.00000000
29.42564032 14.43745285 5.00000000
29.16350107 14.87560871 5.00000000
28.96269660 15.34504998 5.00000000
28.82964106 15.82721980 5.00000000
28.76541402 16.30251493 5.00000000
28.76567813 16.75178988 5.00000000
28.82101267 17.15782587 5.00000000
28.91763740 17.50665182 5.00000000
29.03847114 17.78861608 5.00000000
29.16444379 17.99912643 5.00000000
29.27596108 18.13900170 5.00000000
29.35440957 18.21440791 5.00000000
29.38358631 18.23638387 5.00000000
29.48161099 18.38171446 5.00000000
29.49793707 18.83803888 5.00000000
29.19042366 19.31111510 5.00000000
28.76676107 19.48143399 5.00000000
28.59415142 19.45084434 5.00000000
28.56222364 19.43310057 5.00000000
28.46146465 19.39201666 5.00000000
28.28836345 19.34688158 5.00000000
28.04484084 19.31720918 5.00000000
27.73810252 19.32123907 5.00000000
27.38008660 19.37453529 5.00000000
26.98654763 19.48879034 5.00000000
26.57584771 19.67092664 5.00000000
26.16754733 19.92256401 5.00000000
25.78090425 20.23989450 5.00000000
25.43339564 20.61397378 5.00000000
25.13937690 21.03140704 5.00000000
24.90898020 21.47537649 5.00000000
24.74733726 21.92693173 5.00000000
24.65418609 22.36644385 5.00000000
24.62389181 22.77511168 5.00000000
24.64588006 23.13640436 5.00000000
24.70544962 23.43732977 5.00000000
24.78490191 23.66943115 5.00000000
24.86490058 23.82943556 5.00000000
24.92595695 23.91950432 5.00000000
24.94992705 23.94706624 5.00000000
25.01559372 24.10960148 5.00000000
24.93668786 24.55934850 5.00000000
24.53753628 24.95815124 5.00000000
24.08772044 25.03666385 5.00000000
23.92524267 24.97085510 5.00000000
23.89770173 24.94686091 5.00000000
23.80768638 24.88572581 5.00000000
23.64775198 24.80558727 5.00000000
23.41572015 24.72593209 5.00000000
23.11484694 24.66609944 5.00000000
22.75357362 24.64379530 5.00000000
22.34487947 24.67373226 5.00000000
21.90528606 24.76649913 5.00000000
21.45358967 24.92774720 5.00000000
21.00941895 25.15775564 5.00000000
20.59172878 25.45140929 5.00000000
20.21734580 25.79859070 5.00000000
19.89967738 26.18495618 5.00000000
19.64768312 26.59303639 5.00000000
19.46518781 27.00357691 5.00000000
19.35058871 27.39701582 5.00000000
19.29697950 27.75498501 5.00000000
19.29268141 28.06171969 5.00000000
19.32214088 28.30526816 5.00000000
19.36712461 28.47840874 5.00000000
19.40812040 28.57920362 5.00000000
19.42583625 28.61114690 5.00000000
19.45627497 28.78378323 5.00000000
19.28558573 29.20729675 5.00000000
18.81224081 29.51439641 5.00000000
18.35593084 29.49767136 5.00000000
18.21068601 29.39951966 5.00000000
18.18873557 29.37032371 5.00000000
18.11339798 29.29180933 5.00000000
17.97362027 29.18016978 5.00000000
17.76322014 29.05401312 5.00000000
17.48136164 28.93293289 5.00000000
17.13262030 28.83600321 5.00000000
16.72663285 28.78031369 5.00000000
16.27735830 28.77965676 5.00000000
15.80200719 28.84346822 5.00000000
15.31972123 28.97610213 5.00000000
14.85010456 29.17649608 5.00000000
14.41171968 29.43825214 5.00000000
14.02066318 29.75012763 5.00000000
13.68933094 30.09689776 5.00000000
13.42546742 30.46052407 5.00000000
13.23157204 30.82153891 5.00000000
13.10470833 31.16053963 5.00000000
13.03673045 31.45967780 5.00000000
13.01490959 31.70402912 5.00000000
13.02291235 31.88273881 5.00000000
13.04205586 31.98985458 5.00000000
13.05274319 32.02478316 5.00000000
13.04662364 32.19997553 5.00000000
12.79161095 32.57874597 5.00000000
12.26476015 32.78072083 5.00000000
11.82189898 32.66948909 5.00000000
11.70023499 32.54328414 5.00000000
11.68483440 32.51016244 5.00000000
11.62746718 32.41770021 5.00000000
11.51395511 32.27943883 5.00000000
11.33438217 32.11229435 5.00000000
11.08385694 31.93525835 5.00000000
10.76288925 31.76793941 5.00000000
10.37735211 31.62905730 5.00000000
9.93803186 31.53500530 5.00000000
9.45980118 31.49859127 5.00000000
8.96047818 31.52805392 5.00000000
8.45945952 31.62642999 5.00000000
7.97623225 31.79132071 5.00000000
7.52887871 32.01507575 5.00000000
7.13268931 32.28538028 5.00000000
6.79898968 32.58620017 5.00000000
6.53427217 32.89901285 5.00000000
6.33969853 33.20422914 5.00000000
6.21101181 33.48269703 5.00000000
6.13886429 33.71717187 5.00000000
6.10953634 33.89364020 5.00000000
6.10599089 34.00239539 5.00000000
6.10918262 34.03878272 5.00000000
6.06677226 34.20887439 5.00000000
5.73858141 34.52634767 5.00000000
5.18125062 34.61437046 5.00000000
4.77119341 34.41349338 5.00000000
4.67842755 34.26475094 5.00000000
4.67024989 34.22915107 5.00000000
4.63336026 34.12678205 5.00000000
4.55107486 33.96794152 5.00000000
4.41017731 33.76711424 5.00000000
4.20193452 33.54185977 5.00000000
3.92276830 33.31146422 5.00000000
3.57453128 33.09545933 5.00000000
3.16436575 32.91212278 5.00000000
2.70415646 32.77707473 5.00000000
2.20961923 32.70207847 5.00000000
1.69909550 32.69413714 5.00000000
1.19214519 32.75495601 5.00000000
0.70804611 32.88081144 5.00000000
0.26431494 33.06283675 5.00000000
-0.12463653 33.28770295 5.00000000
-0.44860674 33.53864207 5.00000000
-0.70238651 33.79673451 5.00000000
-0.88615786 34.04236173 5.00000000
-1.00547884 34.25671242 5.00000000
-1.07085573 34.42322687 5.00000000
-1.09693518 34.52886836 5.00000000
-1.10137854 34.56512414 5.00000000
-1.17822619 34.72268129 5.00000000
-1.56525169 34.96498230 5.00000000
-2.12870442 34.93520599 5.00000000
-2.48803621 34.65346287 5.00000000
-2.54784962 34.48868370 5.00000000
-2.54844695 34.45216154 5.00000000
-2.56324674 34.34435974 5.00000000
-2.61070920 34.17188217 5.00000000
-2.70677346 33.94614920 5.00000000
-2.86363261 33.68252097 5.00000000
-3.08879645 33.39911819 5.00000000
-3.38451371 33.11543098 5.00000000
-3.74759833 32.85082257 5.00000000
-4.16967288 32.62304275 5.00000000
-4.63781068 32.44686526 5.00000000
-5.13552715 32.33295362 5.00000000
-5.64404433 32.28704255 5.00000000
-6.14373149 32.30949788 5.00000000
-6.61561127 32.39528861 5.00000000
-7.04281553 32.53437339 5.00000000
-7.41187939 32.71247168 5.00000000
-7.71377390 32.91216041 5.00000000
-7.94459817 33.11421187 5.00000000
-8.10587772 33.29907026 5.00000000
-8.20444627 33.44835335 5.00000000
-8.25191992 33.54626409 5.00000000
-8.26380418 33.58080377 5.00000000
-8.37173050 33.71894039 5.00000000
-8.80067577 33.87547942 5.00000000
-9.34562487 33.72920538 5.00000000
-9.63852670 33.37890975 5.00000000
-9.66277353 33.20529549 5.00000000
-9.65576443 33.16944724 5.00000000
-9.64782755 33.06092412 5.00000000
-9.65839275 32.88234759 5.00000000
-9.70542524 32.64157454 5.00000000
-9.80404525 32.35109437 5.00000000
-9.96536597 32.02707044 5.00000000
-10.19563921 31.68809940 5.00000000
-10.49577438 31.35378377 5.00000000
-10.86126750 31.04322725 5.00000000
-11.28254601 30.77356835 5.00000000
-11.74570262 30.55866488 5.00000000
-12.23356202 30.40803041 5.00000000
-12.72699855 30.32610423 5.00000000
-13.20640352 30.31191090 5.00000000
-13.65318969 30.35913559 5.00000000
-14.05121734 30.45660932 5.00000000
-14.38803235 30.58916697 5.00000000
-14.65582142 30.73881205 5.00000000
-14.85201084 30.88609894 5.00000000
-14.97946313 31.01162628 5.00000000
-15.04625616 31.09752711 5.00000000
-15.06506192 31.12884114 5.00000000
-15.19935001 31.24152000 5.00000000
-15.65146810 31.30545554 5.00000000
-16.15409667 31.04907665 5.00000000
-16.36776733 30.64553810 5.00000000
-16.35538788 30.47067654 5.00000000
-16.34107867 30.43706893 5.00000000
-16.31075201 30.33256747 5.00000000
-16.28395818 30.15569664 5.00000000
-16.27990337 29.91040645 5.00000000
-16.31597407 29.60576972 5.00000000
-16.40640118 29.25528602 5.00000000
-16.56116636 28.87584581 5.00000000
-16.78523472 28.48643417 5.00000000
-17.07817261 28.10667377 5.00000000
-17.43417994 27.75531883 5.00000000
-17.84253452 27.44881584 5.00000000
-18.28841436 27.20004142 5.00000000
-18.75403471 27.01731430 5.00000000
-19.22001257 26.90375724 5.00000000
-19.66685395 26.85705788 5.00000000
-20.07644966 26.86964697 5.00000000
-20.43346475 26.92928014 5.00000000
-20.72651494 27.01997865 5.00000000
-20.94903982 27.12325689 5.00000000
-21.09980558 27.21954233 5.00000000
-21.18299880 27.28967898 5.00000000
-21.20790417 27.31639877 5.00000000
-21.36268499 27.39869527 5.00000000
-21.81821616 27.36723303 5.00000000
-22.25655692 27.01195428 5.00000000
-22.38165799 26.57280938 5.00000000
-22.33319329 26.40434280 5.00000000
-22.31220936 26.37444465 5.00000000
-22.26081833 26.27853206 5.00000000
-22.19783650 26.11109704 5.00000000
-22.14287160 25.87201007 5.00000000
-22.11481653 25.56653086 5.00000000
-22.13039793 25.20490522 5.00000000
-22.20289107 24.80157920 5.00000000
-22.34109976 24.37409071 5.00000000
-22.54867963 23.94172377 5.00000000
-22.82385654 23.52402869 5.00000000
-23.15956204 23.13932184 5.00000000
-23.54397523 22.80328011 5.00000000
-23.96142955 22.52773810 5.00000000
-24.39361483 22.31978028 5.00000000
-24.82098232 22.18119787 5.00000000
-25.22424480 22.10835212 5.00000000
-25.58585668 22.09245456 5.00000000
-25.89136031 22.12024252 5.00000000
-26.13049524 22.17499836 5.00000000
-26.29798527 22.23783377 5.00000000
-26.39394275 22.28914092 5.00000000
-26.42385924 22.31009871 5.00000000
-26.59236813 22.35841609 5.00000000
-27.03140348 22.23293111 5.00000000
-27.38629884 21.79427989 5.00000000
-27.41736279 21.33872139 5.00000000
-27.33493099 21.18401258 5.00000000
-27.30818943 21.15913058 5.00000000
-27.23798007 21.07599871 5.00000000
-27.14156285 20.92531720 5.00000000
-27.03809009 20.70288270 5.00000000
-26.94713539 20.40991192 5.00000000
-26.88719010 20.05294911 5.00000000
-26.87424289 19.64336456 5.00000000
-26.92055154 19.19648252 5.00000000
-27.03370115 18.73040555 5.00000000
-27.21602110 18.26462562 5.00000000
-27.46440557 17.81852844 5.00000000
-27.77055141 17.40990603 5.00000000
-28.12159494 17.05359164 5.00000000
-28.50109908 16.76032183 5.00000000
-28.89031466 16.53591308 5.00000000
-29.26961941 16.38081620 5.00000000
-29.62002391 16.29008269 5.00000000
-29.92462899 16.25374565 5.00000000
-30.16992263 16.25758599 5.00000000
-30.34681682 16.28422517 5.00000000
-30.45134475 16.31446045 5.00000000
-30.48496486 16.32874027 5.00000000
-30.65983718 16.34096683 5.00000000
-31.06318876 16.12694342 5.00000000
-31.31912808 15.62409089 5.00000000
-31.25479727 15.17202887 5.00000000
-31.14200104 15.03783936 5.00000000
-31.11067059 15.01906097 5.00000000
-31.02471139 14.95234308 5.00000000
-30.89907266 14.82500059 5.00000000
-30.75161430 14.62894002 5.00000000
-30.60173513 14.36128190 5.00000000
-30.46888304 14.02458291 5.00000000
-30.37106134 13.62664064 5.00000000
-30.32344604 13.17989593 5.00000000
-30.33722021 12.70047874 5.00000000
-30.41871493 12.20697076 5.00000000
-30.56892279 11.71897984 5.00000000
-30.78342123 11.25563551 5.00000000
-31.05271170 10.83412139 5.00000000
-31.36294853 10.46835688 5.00000000
-31.69700161 10.16792953 5.00000000
-32.03577119 9.93736000 5.00000000
-32.35965396 9.77575605 5.00000000
-32.65004779 9.67688210 5.00000000
-32.89077963 9.62963911 5.00000000
-33.06934685 9.61891778 5.00000000
-33.17787686 9.62675977 5.00000000
-33.21373123 9.63373753 5.00000000
-33.38732422 9.60933891 5.00000000
-33.73736363 9.31613092 5.00000000
-33.88316115 8.77105414 5.00000000
-33.72624714 8.34224589 5.00000000
-33.58801620 8.23444040 5.00000000
-33.55346615 8.22258633 5.00000000
-33.45551394 8.17519831 5.00000000
-33.30614472 8.07676032 5.00000000
-33.12114540 7.91564246 5.00000000
-32.91889220 7.68499494 5.00000000
-32.71893959 7.38327513 5.00000000
-32.54051868 7.01436713 5.00000000
-32.40106044 6.58728464 5.00000000
-32.31485717 6.11548006 5.00000000
-32.29196496 5.61581271 5.00000000
-32.33743140 5.10725559 5.00000000
-32.45090783 4.60943971 5.00000000
-32.62667594 4.14114805 5.00000000
-32.85408664 3.71887451 5.00000000
-33.11837750 3.35555868 5.00000000
-33.40180605 3.05959349 5.00000000
-33.68501185 2.83418196 5.00000000
-33.94850283 2.67709237 5.00000000
-34.17415173 2.58083078 5.00000000
-34.34658774 2.53321753 5.00000000
-34.45437655 2.51832349 5.00000000
-34.49089818 2.51769423 5.00000000
-34.65562498 2.45773677 5.00000000
-34.93705382 2.09815879 5.00000000
-34.96633748 1.53468024 5.00000000
-34.72369817 1.14786674 5.00000000
-34.56607389 1.07115688 5.00000000
-34.52981424 1.06674521 5.00000000
-34.42414999 1.04075814 5.00000000
-34.25757845 0.97552686 5.00000000
-34.04312351 0.85639334 5.00000000
-33.79733571 0.67283682 5.00000000
-33.53902148 0.41928280 5.00000000
-33.28779920 0.09553212 5.00000000
-33.06259302 -0.29322259 5.00000000
-32.88017980 -0.73679445 5.00000000
-32.75390116 -1.22078330 5.00000000
-32.69263908 -1.72768024 5.00000000
-32.70013404 -2.23821072 5.00000000
-32.77469788 -2.73281333 5.00000000
-32.90934351 -3.19314052 5.00000000
-33.09232137 -3.60346619 5.00000000
-33.30802170 -3.95189194 5.00000000
-33.53817308 -4.23125949 5.00000000
-33.76324539 -4.43969915 5.00000000
-33.96394941 -4.58077223 5.00000000
-34.12271793 -4.66319648 5.00000000
-34.22505466 -4.70017560 5.00000000
-34.26064736 -4.70838439 5.00000000
-34.40930863 -4.80128026 5.00000000
-34.60982711 -5.21151294 5.00000000
-34.52131707 -5.76876655 5.00000000
-34.20355697 -6.09667970 5.00000000
-34.03342828 -6.13894134 5.00000000
-33.99704376 -6.13571779 5.00000000
-33.88828551 -6.13916815 5.00000000
-33.71179160 -6.16834180 5.00000000
-33.47725377 -6.24028428 5.00000000
-33.19867348 -6.36872749 5.00000000
-32.89328718 -6.56303420 5.00000000
-32.58024317 -6.82747810 5.00000000
-32.27913163 -7.16091459 5.00000000
-32.00848081 -7.55686750 5.00000000
-31.78433472 -8.00402523 5.00000000
-31.61902156 -8.48710815 5.00000000
-31.52020748 -8.98804060 5.00000000
-31.49030826 -9.48733765 5.00000000
-31.52630415 -9.96559999 5.00000000
-31.61997200 -10.40500230 5.00000000
-31.75851698 -10.79066073 5.00000000
-31.92555522 -11.11177459 5.00000000
-32.10237212 -11.36245451 5.00000000
-32.26935953 -11.54217351 5.00000000
-32.40752161 -11.65580642 5.00000000
-32.49993364 -11.71325447 5.00000000
-32.53304186 -11.72868401 5.00000000
-32.65914039 -11.85045830 5.00000000
-32.76998488 -12.29341656 5.00000000
-32.56754946 -12.82009057 5.00000000
-32.18855620 -13.07477199 5.00000000
-32.01335854 -13.08073836 5.00000000
-31.97843932 -13.07002049 5.00000000
-31.87134033 -13.05078334 5.00000000
-31.69263770 -13.04262432 5.00000000
-31.44826740 -13.06423153 5.00000000
-31.14906991 -13.13194785 5.00000000
-30.80995840 -13.25851511 5.00000000
-30.44877417 -13.45209477 5.00000000
-30.08491730 -13.71564026 5.00000000
-29.73785761 -14.04666918 5.00000000
-29.42564032 -14.43745285 5.00000000
-29.16350107 -14.87560871 5.00000000
-28.96269660 -15.34504998 5.00000000
-28.82964106 -15.82721980 5.00000000
-28.76541402 -16.30251493 5.00000000
-28.76567813 -16.75178988 5.00000000
-28.82101267 -17.15782587 5.00000000
-28.91763740 -17.50665182 5.00000000
-29.03847114 -17.78861608 5.00000000
-29.16444379 -17.99912643 5.00000000
-29.27596108 -18.13900170 5.00000000
-29.35440957 -18.21440791 5.00000000
-29.38358631 -18.23638387 5.00000000
-29.48161099 -18.38171446 5.00000000
-29.49793707 -18.83803888 5.00000000
-29.19042366 -19.31111510 5.00000000
-28.76676107 -19.48143399 5.00000000
-28.59415142 -19.45084434 5.00000000
-28.56222364 -19.43310057 5.00000000
-28.46146465 -19.39201666 5.00000000
-28.28836345 -19.34688158 5.00000000
-28.04484084 -19.31720918 5.00000000
-27.73810252 -19.32123907 5.00000000
-27.38008660 -19.37453529 5.00000000
-26.98654763 -19.48879034 5.00000000
-26.57584771 -19.67092664 5.00000000
-26.16754733 -19.92256401 5.00000000
-25.78090425 -20.23989450 5.00000000
-25.43339564 -20.61397378 5.00000000
-25.13937690 -21.03140704 5.00000000
-24.90898020 -21.47537649 5.00000000
-24.74733726 -21.92693173 5.00000000
-24.65418609 -22.36644385 5.00000000
-24.62389181 -22.77511168 5.00000000
-24.64588006 -23.13640436 5.00000000
-24.70544962 -23.43732977 5.00000000
-24.78490191 -23.66943115 5.00000000
-24.86490058 -23.82943556 5.00000000
-24.92595695 -23.91950432 5.00000000
-24.94992705 -23.94706624 5.00000000
-25.01559372 -24.10960148 5.00000000
-24.93668786 -24.55934850 5.00000000
-24.53753628 -24.95815124 5.00000000
-24.08772044 -25.03666385 5.00000000
-23.92524267 -24.97085510 5.00000000
-23.89770173 -24.94686091 5.00000000
-23.80768638 -24.88572581 5.00000000
-23.64775198 -24.80558727 5.00000000
-23.41572015 -24.72593209 5.00000000
-23.11484694 -24.66609944 5.00000000
-22.75357362 -24.64379530 5.00000000
-22.34487947 -24.67373226 5.00000000
-21.90528606 -24.76649913 5.00000000
-21.45358967 -24.92774720 5.00000000
-21.00941895 -25.15775564 5.00000000
-20.59172878 -25.45140929 5.00000000
-20.21734580 -25.79859070 5.00000000
-19.89967738 -26.18495618 5.00000000
-19.64768312 -26.59303639 5.00000000
-19.46518781 -27.00357691 5.00000000
-19.35058871 -27.39701582 5.00000000
-19.29697950 -27.75498501 5.00000000
-19.29268141 -28.06171969 5.00000000
-19.32214088 -28.30526816 5.00000000
-19.36712461 -28.47840874 5.00000000
-19.40812040 -28.57920362 5.00000000
-19.42583625 -28.61114690 5.00000000
-19.45627497 -28.78378323 5.00000000
-19.28558573 -29.20729675 5.00000000
-18.81224081 -29.51439641 5.00000000
-18.35593084 -29.49767136 5.00000000
-18.21068601 -29.39951966 5.00000000
-18.18873557 -29.37032371 5.00000000
-18.11339798 -29.29180933 5.00000000
-17.97362027 -29.18016978 5.00000000
-17.76322014 -29.05401312 5.00000000
-17.48136164 -28.93293289 5.00000000
-17.13262030 -28.83600321 5.00000000
-16.72663285 -28.78031369 5.00000000
-16.27735830 -28.77965676 5.00000000
-15.80200719 -28.84346822 5.00000000
-15.31972123 -28.97610213 5.00000000
-14.85010456 -29.17649608 5.00000000
-14.41171968 -29.43825214 5.00000000
-14.02066318 -29.75012763 5.00000000
-13.68933094 -30.09689776 5.00000000
-13.42546742 -30.46052407 5.00000000
-13.23157204 -30.82153891 5.00000000
-13.10470833 -31.16053963 5.00000000
-13.03673045 -31.45967780 5.00000000
-13.01490959 -31.70402912 5.00000000
-13.02291235 -31.88273881 5.00000000
-13.04205586 -31.98985458 5.00000000
-13.05274319 -32.02478316 5.00000000
-13.04662364 -32.19997553 5.00000000
-12.79161095 -32.57874597 5.00000000
-12.26476015 -32.78072083 5.00000000
-11.82189898 -32.66948909 5.00000000
-11.70023499 -32.54328414 5.00000000
-11.68483440 -32.51016244 5.00000000
-11.62746718 -32.41770021 5.00000000
-11.51395511 -32.27943883 5.00000000
-11.33438217 -32.11229435 5.00000000
-11.08385694 -31.93525835 5.00000000
-10.76288925 -31.76793941 5.00000000
-10.37735211 -31.62905730 5.00000000
-9.93803186 -31.53500530 5.00000000
-9.45980118 -31.49859127 5.00000000
-8.96047818 -31.52805392 5.00000000
-8.45945952 -31.62642999 5.00000000
-7.97623225 -31.79132071 5.00000000
-7.52887871 -32.01507575 5.00000000
-7.13268931 -32.28538028 5.00000000
-6.79898968 -32.58620017 5.00000000
-6.53427217 -32.89901285 5.00000000
-6.33969853 -33.20422914 5.00000000
-6.21101181 -33.48269703 5.00000000
-6.13886429 -33.71717187 5.00000000
-6.10953634 -33.89364020 5.00000000
-6.10599089 -34.00239539 5.00000000
-6.10918262 -34.03878272 5.00000000
-6.06677226 -34.20887439 5.00000000
-5.73858141 -34.52634767 5.00000000
-5.18125062 -34.61437046 5.00000000
-4.77119341 -34.41349338 5.00000000
-4.67842755 -34.26475094 5.00000000
-4.67024989 -34.22915107 5.00000000
-4.63336026 -34.12678205 5.00000000
-4.55107486 -33.96794152 5.00000000
-4.41017731 -33.76711424 5.00000000
-4.20193452 -33.54185977 5.00000000
-3.92276830 -33.31146422 5.00000000
-3.57453128 -33.09545933 5.00000000
-3.16436575 -32.91212278 5.00000000
-2.70415646 -32.77707473 5.00000000
-2.20961923 -32.70207847 5.00000000
-1.69909550 -32.69413714 5.00000000
-1.19214519 -32.75495601 5.00000000
-0.70804611 -32.88081144 5.00000000
-0.26431494 -33.06283675 5.00000000
0.12463653 -33.28770295 5.00000000
0.44860674 -33.53864207 5.00000000
0.70238651 -33.79673451 5.00000000
0.88615786 -34.04236173 5.00000000
1.00547884 -34.25671242 5.00000000
1.07085573 -34.42322687 5.00000000
1.09693518 -34.52886836 5.00000000
1.10137854 -34.56512414 5.00000000
1.17822619 -34.72268129 5.00000000
1.56525169 -34.96498230 5.00000000
2.12870442 -34.93520599 5.00000000
2.48803621 -34.65346287 5.00000000
2.54784962 -34.48868370 5.00000000
2.54844695 -34.45216154 5.00000000
2.56324674 -34.34435974 5.00000000
2.61070920 -34.17188217 5.00000000
2.70677346 -33.94614920 5.00000000
2.86363261 -33.68252097 5.00000000
3.08879645 -33.39911819 5.00000000
3.38451371 -33.11543098 5.00000000
3.74759833 -32.85082257 5.00000000
4.16967288 -32.62304275 5.00000000
4.63781068 -32.44686526 5.00000000
5.13552715 -32.33295362 5.00000000
5.64404433 -32.28704255 5.00000000
6.14373149 -32.30949788 5.00000000
6.61561127 -32.39528861 5.00000000
7.04281553 -32.53437339 5.00000000
7.41187939 -32.71247168 5.00000000
7.71377390 -32.91216041 5.00000000
7.94459817 -33.11421187 5.00000000
8.10587772 -33.29907026 5.00000000
8.20444627 -33.44835335 5.00000000
8.25191992 -33.54626409 5.00000000
8.26380418 -33.58080377 5.00000000
8.37173050 -33.71894039 5.00000000
8.80067577 -33.87547942 5.00000000
9.34562487 -33.72920538 5.00000000
9.63852670 -33.37890975 5.00000000
9.66277353 -33.20529549 5.00000000
9.65576443 -33.16944724 5.00000000
9.64782755 -33.06092412 5.00000000
9.65839275 -32.88234759 5.00000000
9.70542524 -32.64157454 5.00000000
9.80404525 -32.35109437 5.00000000
9.96536597 -32.02707044 5.00000000
10.19563921 -31.68809940 5.00000000
10.49577438 -31.35378377 5.00000000
10.86126750 -31.04322725 5.00000000
11.28254601 -30.77356835 5.00000000
11.74570262 -30.55866488 5.00000000
12.23356202 -30.40803041 5.00000000
12.72699855 -30.32610423 5.00000000
13.20640352 -30.31191090 5.00000000
13.65318969 -30.35913559 5.00000000
14.05121734 -30.45660932 5.00000000
14.38803235 -30.58916697 5.00000000
14.65582142 -30.73881205 5.00000000
14.85201084 -30.88609894 5.00000000
14.97946313 -31.01162628 5.00000000
15.04625616 -31.09752711 5.00000000
15.06506192 -31.12884114 5.00000000
15.19935001 -31.24152000 5.00000000
15.65146810 -31.30545554 5.00000000
16.15409667 -31.04907665 5.00000000
16.36776733 -30.64553810 5.00000000
16.35538788 -30.47067654 5.00000000
16.34107867 -30.43706893 5.00000000
16.31075201 -30.33256747 5.00000000
16.28395818 -30.15569664 5.00000000
16.27990337 -29.91040645 5.00000000
16.31597407 -29.60576972 5.00000000
16.40640118 -29.25528602 5.00000000
16.56116636 -28.87584581 5.00000000
16.78523472 -28.48643417 5.00000000
17.07817261 -28.10667377 5.00000000
17.43417994 -27.75531883 5.00000000
17.84253452 -27.44881584 5.00000000
18.28841436 -27.20004142 5.00000000
18.75403471 -27.01731430 5.00000000
19.22001257 -26.90375724 5.00000000
19.66685395 -26.85705788 5.00000000
20.07644966 -26.86964697 5.00000000
20.43346475 -26.92928014 5.00000000
20.72651494 -27.01997865 5.00000000
20.94903982 -27.12325689 5.00000000
21.09980558 -27.21954233 5.00000000
21.18299880 -27.28967898 5.00000000
21.20790417 -27.31639877 5.00000000
21.36268499 -27.39869527 5.00000000
21.81821616 -27.36723303 5.00000000
22.25655692 -27.01195428 5.00000000
22.38165799 -26.57280938 5.00000000
22.33319329 -26.40434280 5.00000000
22.31220936 -26.37444465 5.00000000
22.26081833 -26.27853206 5.00000000
22.19783650 -26.11109704 5.00000000
22.14287160 -25.87201007 5.00000000
22.11481653 -25.56653086 5.00000000
22.13039793 -25.20490522 5.00000000
22.20289107 -24.80157920 5.00000000
22.34109976 -24.37409071 5.00000000
22.54867963 -23.94172377 5.00000000
22.82385654 -23.52402869 5.00000000
23.15956204 -23.13932184 5.00000000
23.54397523 -22.80328011 5.00000000
23.96142955 -22.52773810 5.00000000
24.39361483 -22.31978028 5.00000000
24.82098232 -22.18119787 5.00000000
25.22424480 -22.10835212 5.00000000
25.58585668 -22.09245456 5.00000000
25.89136031 -22.12024252 5.00000000
26.13049524 -22.17499836 5.00000000
26.29798527 -22.23783377 5.00000000
26.39394275 -22.28914092 5.00000000
26.42385924 -22.31009871 5.00000000
26.59236813 -22.35841609 5.00000000
27.03140348 -22.23293111 5.00000000
27.38629884 -21.79427989 5.00000000
27.41736279 -21.33872139 5.00000000
27.33493099 -21.18401258 5.00000000
27.30818943 -21.15913058 5.00000000
27.23798007 -21.07599871 5.00000000
27.14156285 -20.92531720 5.00000000
27.03809009 -20.70288270 5.00000000
26.94713539 -20.40991192 5.00000000
26.88719010 -20.05294911 5.00000000
26.87424289 -19.64336456 5.00000000
26.92055154 -19.19648252 5.00000000
27.03370115 -18.73040555 5.00000000
27.21602110 -18.26462562 5.00000000
27.46440557 -17.81852844 5.00000000
27.77055141 -17.40990603 5.00000000
28.12159494 -17.05359164 5.00000000
28.50109908 -16.76032183 5.00000000
28.89031466 -16.53591308 5.00000000
29.26961941 -16.38081620 5.00000000
29.62002391 -16.29008269 5.00000000
29.92462899 -16.25374565 5.00000000
30.16992263 -16.25758599 5.00000000
30.34681682 -16.28422517 5.00000000
30.45134475 -16.31446045 5.00000000
30.48496486 -16.32874027 5.00000000
30.65983718 -16.34096683 5.00000000
31.06318876 -16.12694342 5.00000000
31.31912808 -15.62409089 5.00000000
31.25479727 -15.17202887 5.00000000
31.14200104 -15.03783936 5.00000000
31.11067059 -15.01906097 5.00000000
31.02471139 -14.95234308 5.00000000
30.89907266 -14.82500059 5.00000000
30.75161430 -14.62894002 5.00000000
30.60173513 -14.36128190 5.00000000
30.46888304 -14.02458291 5.00000000
30.37106134 -13.62664064 5.00000000
30.32344604 -13.17989593 5.00000000
30.33722021 -12.70047874 5.00000000
30.41871493 -12.20697076 5.00000000
30.56892279 -11.71897984 5.00000000
30.78342123 -11.25563551 5.00000000
31.05271170 -10.83412139 5.00000000
31.36294853 -10.46835688 5.00000000
31.69700161 -10.16792953 5.00000000
32.03577119 -9.93736000 5.00000000
32.35965396 -9.77575605 5.00000000
32.65004779 -9.67688210 5.00000000
32.89077963 -9.62963911 5.00000000
33.06934685 -9.61891778 5.00000000
33.17787686 -9.62675977 5.00000000
33.21373123 -9.63373753 5.00000000
33.38732422 -9.60933891 5.00000000
33.73736363 -9.31613092 5.00000000
33.88316115 -8.77105414 5.00000000
33.72624714 -8.34224589 5.00000000
33.58801620 -8.23444040 5.00000000
33.55346615 -8.22258633 5.00000000
33.45551394 -8.17519831 5.00000000
33.30614472 -8.07676032 5.00000000
33.12114540 -7.91564246 5.00000000
32.91889220 -7.68499494 5.00000000
32.71893959 -7.38327513 5.00000000
32.54051868 -7.01436713 5.00000000
32.40106044 -6.58728464 5.00000000
32.31485717 -6.11548006 5.00000000
32.29196496 -5.61581271 5.00000000
32.33743140 -5.10725559 5.00000000
32.45090783 -4.60943971 5.00000000
32.62667594 -4.14114805 5.00000000
32.85408664 -3.71887451 5.00000000
33.11837750 -3.35555868 5.00000000
33.40180605 -3.05959349 5.00000000
33.68501185 -2.83418196 5.00000000
33.94850283 -2.67709237 5.00000000
34.17415173 -2.58083078 5.00000000
34.34658774 -2.53321753 5.00000000
34.45437655 -2.51832349 5.00000000
34.49089818 -2.51769423 5.00000000
