3.23462251 -20.44704884 5.00000000
3.40607201 -20.40323024 5.00000000
3.72085696 -20.06664036 5.00000000
3.79338094 -19.50181443 5.00000000
3.57384191 -19.09661705 5.00000000
3.41902415 -19.01090554 5.00000000
3.38443068 -19.00540012 5.00000000
3.28379551 -18.97779154 5.00000000
3.12503472 -18.91277473 5.00000000
2.91984143 -18.79767467 5.00000000
2.68285960 -18.62334793 5.00000000
2.43064968 -18.38483479 5.00000000
2.18051890 -18.08171579 5.00000000
1.94929901 -17.71814767 5.00000000
1.75215765 -17.30257597 5.00000000
1.60152742 -16.84714476 5.00000000
1.50622829 -16.36684508 5.00000000
1.47084523 -15.87846229 5.00000000
1.49540515 -15.39939667 5.00000000
1.57537590 -14.94644057 5.00000000
1.70198740 -14.53459843 5.00000000
1.86285224 -14.17603319 5.00000000
2.04284189 -13.87921323 5.00000000
2.22515670 -13.64832038 5.00000000
2.39251396 -13.48296059 5.00000000
2.52837026 -13.37819782 5.00000000
2.61809177 -13.32490876 5.00000000
2.64998966 -13.31043319 5.00000000
2.77655998 -13.18676041 5.00000000
2.88087680 -12.73787255 5.00000000
2.66127144 -12.21245696 5.00000000
2.26854637 -11.97131525 5.00000000
2.09161451 -11.97449578 5.00000000
2.05890298 -11.98702468 5.00000000
1.95794607 -12.01343254 5.00000000
1.78794679 -12.03650672 5.00000000
1.55269415 -12.03942379 5.00000000
1.26029850 -12.00694332 5.00000000
0.92262173 -11.92648984 5.00000000
0.55444263 -11.78904648 5.00000000
0.17241627 -11.58979719 5.00000000
-0.20609901 -11.32847223 5.00000000
-0.56426422 -11.00937234 5.00000000
-0.88694553 -10.64107018 5.00000000
-1.16177956 -10.23580981 5.00000000
-1.38004285 -9.80864686 5.00000000
-1.53726420 -9.37638999 5.00000000
-1.63353649 -8.95641849 5.00000000
-1.67350607 -8.56545946 5.00000000
-1.66604044 -8.21841101 5.00000000
-1.62359761 -7.92729453 5.00000000
-1.56134187 -7.70041012 5.00000000
-1.49606824 -7.54175475 5.00000000
-1.44501167 -7.45074432 5.00000000
-1.42462508 -7.42225915 5.00000000
-1.37684835 -7.25187023 5.00000000
-1.51095126 -6.81096353 5.00000000
-1.96384288 -6.46574296 5.00000000
-2.42452362 -6.45327064 5.00000000
-2.57616084 -6.54449100 5.00000000
-2.59822541 -6.57169711 5.00000000
-2.67245273 -6.64504544 5.00000000
-2.80813933 -6.75002791 5.00000000
-3.01041556 -6.87018048 5.00000000
-3.27987786 -6.98824940 5.00000000
-3.61254126 -7.08741303 5.00000000
-4.00011539 -7.15247313 5.00000000
-4.43058457 -7.17093137 5.00000000
-4.88905090 -7.13387495 5.00000000
-5.35878101 -7.03660895 5.00000000
-5.82238230 -6.87899058 5.00000000
-6.26302574 -6.66544181 5.00000000
-6.66562877 -6.40463949 5.00000000
-7.01791489 -6.10890473 5.00000000
-7.31127489 -5.79333489 5.00000000
-7.54136908 -5.47473923 5.00000000
-7.70842787 -5.17045364 5.00000000
-7.81722954 -4.89711796 5.00000000
-7.87675670 -4.66950243 5.00000000
-7.89955576 -4.49946603 5.00000000
-7.90084468 -4.39512040 5.00000000
-7.89743196 -4.36025823 5.00000000
-7.94125057 -4.18880873 5.00000000
-8.27784044 -3.87402378 5.00000000
-8.84266637 -3.80149981 5.00000000
-9.24786376 -4.02103883 5.00000000
-9.33357527 -4.17585659 5.00000000
-9.33908069 -4.21045006 5.00000000
-9.36668927 -4.31108524 5.00000000
-9.43170608 -4.46984602 5.00000000
-9.54680614 -4.67503932 5.00000000
-9.72113288 -4.91202115 5.00000000
-9.95964602 -5.16423107 5.00000000
-10.26276502 -5.41436184 5.00000000
-10.62633313 -5.64558173 5.00000000
-11.04190483 -5.84272309 5.00000000
-11.49733605 -5.99335332 5.00000000
-11.97763573 -6.08865245 5.00000000
-12.46601852 -6.12403552 5.00000000
-12.94508413 -6.09947559 5.00000000
-13.39804024 -6.01950484 5.00000000
-13.80988237 -5.89289334 5.00000000
-14.16844761 -5.73202850 5.00000000
-14.46526757 -5.55203885 5.00000000
-14.69616043 -5.36972404 5.00000000
-14.86152022 -5.20236678 5.00000000
-14.96628298 -5.06651048 5.00000000
-15.01957204 -4.97678897 5.00000000
-15.03404762 -4.94489108 5.00000000
-15.15772039 -4.81832076 5.00000000
-15.60660825 -4.71400394 5.00000000
-16.13202384 -4.93360930 5.00000000
-16.37316556 -5.32633437 5.00000000
-16.36998503 -5.50326623 5.00000000
-16.35745613 -5.53597777 5.00000000
-16.33104827 -5.63693468 5.00000000
-16.30797409 -5.80693395 5.00000000
-16.30505702 -6.04218659 5.00000000
-16.33753748 -6.33458224 5.00000000
-16.41799097 -6.67225901 5.00000000
-16.55543433 -7.04043812 5.00000000
-16.75468361 -7.42246447 5.00000000
-17.01600858 -7.80097975 5.00000000
-17.33510846 -8.15914496 5.00000000
-17.70341062 -8.48182627 5.00000000
-18.10867099 -8.75666030 5.00000000
-18.53583395 -8.97492359 5.00000000
-18.96809082 -9.13214494 5.00000000
-19.38806232 -9.22841723 5.00000000
-19.77902135 -9.26838682 5.00000000
-20.12606980 -9.26092118 5.00000000
-20.41718628 -9.21847835 5.00000000
-20.64407069 -9.15622261 5.00000000
-20.80272606 -9.09094898 5.00000000
-20.89373649 -9.03989241 5.00000000
-20.92222165 -9.01950582 5.00000000
-21.09261058 -8.97172909 5.00000000
-21.53351727 -9.10583200 5.00000000
-21.87873785 -9.55872362 5.00000000
-21.89121016 -10.01940436 5.00000000
-21.79998981 -10.17104159 5.00000000
-21.77278370 -10.19310615 5.00000000
-21.69943537 -10.26733347 5.00000000
-21.59445290 -10.40302008 5.00000000
-21.47430032 -10.60529630 5.00000000
-21.35623141 -10.87475860 5.00000000
-21.25706778 -11.20742200 5.00000000
-21.19200767 -11.59499614 5.00000000
-21.17354944 -12.02546531 5.00000000
-21.21060586 -12.48393164 5.00000000
-21.30787186 -12.95366175 5.00000000
-21.46549023 -13.41726305 5.00000000
-21.67903899 -13.85790648 5.00000000
-21.93984132 -14.26050951 5.00000000
-22.23557607 -14.61279563 5.00000000
-22.55114592 -14.90615563 5.00000000
-22.86974157 -15.13624982 5.00000000
-23.17402717 -15.30330861 5.00000000
-23.44736285 -15.41211029 5.00000000
-23.67497838 -15.47163744 5.00000000
-23.84501477 -15.49443650 5.00000000
-23.94936041 -15.49572543 5.00000000
-23.98422258 -15.49231270 5.00000000
-24.15567208 -15.53613131 5.00000000
-24.47045702 -15.87272118 5.00000000
-24.54298100 -16.43754711 5.00000000
-24.32344197 -16.84274450 5.00000000
-24.16862421 -16.92845601 5.00000000
-24.13403075 -16.93396143 5.00000000
-24.03339557 -16.96157001 5.00000000
-23.87463479 -17.02658682 5.00000000
-23.66944149 -17.14168688 5.00000000
-23.43245966 -17.31601362 5.00000000
-23.18024974 -17.55452676 5.00000000
-22.93011897 -17.85764576 5.00000000
-22.69889908 -18.22121388 5.00000000
-22.50175771 -18.63678558 5.00000000
-22.35112748 -19.09221679 5.00000000
-22.25582835 -19.57251647 5.00000000
-22.22044529 -20.06089926 5.00000000
-22.24500521 -20.53996488 5.00000000
-22.32497597 -20.99292098 5.00000000
-22.45158747 -21.40476311 5.00000000
-22.61245230 -21.76332836 5.00000000
-22.79244196 -22.06014831 5.00000000
-22.97475677 -22.29104117 5.00000000
-23.14211402 -22.45640096 5.00000000
-23.27797033 -22.56116372 5.00000000
-23.36769184 -22.61445278 5.00000000
-23.39958972 -22.62892836 5.00000000
-23.52616004 -22.75260114 5.00000000
-23.63047686 -23.20148899 5.00000000
-23.41087151 -23.72690459 5.00000000
-23.01814644 -23.96804630 5.00000000
-22.84121457 -23.96486577 5.00000000
-22.80850304 -23.95233687 5.00000000
-22.70754613 -23.92592901 5.00000000
-22.53754685 -23.90285483 5.00000000
-22.30229422 -23.89993776 5.00000000
-22.00989856 -23.93241823 5.00000000
-21.67222179 -24.01287171 5.00000000
-21.30404269 -24.15031507 5.00000000
-20.92201633 -24.34956435 5.00000000
-20.54350105 -24.61088932 5.00000000
-20.18533584 -24.92998920 5.00000000
-19.86265453 -25.29829137 5.00000000
-19.58782051 -25.70355174 5.00000000
-19.36955722 -26.13071469 5.00000000
-19.21233587 -26.56297156 5.00000000
-19.11606358 -26.98294306 5.00000000
-19.07609399 -27.37390209 5.00000000
-19.08355963 -27.72095054 5.00000000
-19.12600246 -28.01206702 5.00000000
-19.18825819 -28.23895143 5.00000000
-19.25353182 -28.39760680 5.00000000
-19.30458840 -28.48861723 5.00000000
-19.32497499 -28.51710239 5.00000000
-19.37275171 -28.68749132 5.00000000
-19.23864880 -29.12839802 5.00000000
-18.78575719 -29.47361859 5.00000000
-18.32507644 -29.48609090 5.00000000
-18.17343922 -29.39487055 5.00000000
-18.15137465 -29.36766444 5.00000000
-18.07714733 -29.29431611 5.00000000
-17.94146073 -29.18933364 5.00000000
-17.73918451 -29.06918106 5.00000000
-17.46972221 -28.95111215 5.00000000
-17.13705881 -28.85194852 5.00000000
-16.74948467 -28.78688842 5.00000000
-16.31901550 -28.76843018 5.00000000
-15.86054917 -28.80548660 5.00000000
-15.39081905 -28.90275260 5.00000000
-14.92721776 -29.06037097 5.00000000
-14.48657433 -29.27391973 5.00000000
-14.08397130 -29.53472206 5.00000000
-13.73168518 -29.83045682 5.00000000
-13.43832518 -30.14602666 5.00000000
-13.20823099 -30.46462231 5.00000000
-13.04117219 -30.76890791 5.00000000
-12.93237052 -31.04224359 5.00000000
-12.87284337 -31.26985912 5.00000000
-12.85004430 -31.43989552 5.00000000
-12.84875538 -31.54424115 5.00000000
-12.85216810 -31.57910332 5.00000000
-12.80834950 -31.75055282 5.00000000
-12.47175962 -32.06533776 5.00000000
-11.90693369 -32.13786174 5.00000000
-11.50173631 -31.91832271 5.00000000
-11.41602480 -31.76350496 5.00000000
-11.41051938 -31.72891149 5.00000000
-11.38291080 -31.62827631 5.00000000
-11.31789399 -31.46951553 5.00000000
-11.20279392 -31.26432223 5.00000000
-11.02846719 -31.02734040 5.00000000
-10.78995404 -30.77513048 5.00000000
-10.48683505 -30.52499971 5.00000000
-10.12326693 -30.29377982 5.00000000
-9.70769523 -30.09663846 5.00000000
-9.25226402 -29.94600823 5.00000000
-8.77196434 -29.85070909 5.00000000
-8.28358155 -29.81532603 5.00000000
-7.80451593 -29.83988596 5.00000000
-7.35155982 -29.91985671 5.00000000
-6.93971769 -30.04646821 5.00000000
-6.58115245 -30.20733304 5.00000000
-6.28433249 -30.38732270 5.00000000
-6.05343964 -30.56963751 5.00000000
-5.88807984 -30.73699477 5.00000000
-5.78331708 -30.87285107 5.00000000
-5.73002802 -30.96257258 5.00000000
-5.71555244 -30.99447047 5.00000000
-5.59187967 -31.12104078 5.00000000
-5.14299181 -31.22535761 5.00000000
-4.61757622 -31.00575225 5.00000000
-4.37643450 -30.61302718 5.00000000
-4.37961504 -30.43609531 5.00000000
-4.39214394 -30.40338378 5.00000000
-4.41855179 -30.30242687 5.00000000
-4.44162598 -30.13242759 5.00000000
-4.44454305 -29.89717496 5.00000000
-4.41206258 -29.60477930 5.00000000
-4.33160910 -29.26710253 5.00000000
-4.19416574 -28.89892343 5.00000000
-3.99491645 -28.51689708 5.00000000
-3.73359149 -28.13838180 5.00000000
-3.41449160 -27.78021659 5.00000000
-3.04618944 -27.45753527 5.00000000
-2.64092907 -27.18270125 5.00000000
-2.21376611 -26.96443796 5.00000000
-1.78150924 -26.80721661 5.00000000
-1.36153774 -26.71094432 5.00000000
-0.97057872 -26.67097473 5.00000000
-0.62353027 -26.67844037 5.00000000
-0.33241379 -26.72088320 5.00000000
-0.10552937 -26.78313893 5.00000000
0.05312599 -26.84841257 5.00000000
0.14413642 -26.89946914 5.00000000
0.17262159 -26.91985573 5.00000000
0.34301051 -26.96763246 5.00000000
0.78391721 -26.83352954 5.00000000
1.12913778 -26.38063793 5.00000000
1.14161010 -25.91995719 5.00000000
1.05038974 -25.76831996 5.00000000
1.02318363 -25.74625540 5.00000000
0.94983530 -25.67202807 5.00000000
0.84485283 -25.53634147 5.00000000
0.72470026 -25.33406525 5.00000000
0.60663134 -25.06460295 5.00000000
0.50746772 -24.73193955 5.00000000
0.44240761 -24.34436541 5.00000000
0.42394937 -23.91389624 5.00000000
0.46100579 -23.45542991 5.00000000
0.55827179 -22.98569980 5.00000000
0.71589016 -22.52209850 5.00000000
0.92943893 -22.08145507 5.00000000
1.19024125 -21.67885204 5.00000000
1.48597601 -21.32656592 5.00000000
1.80154585 -21.03320592 5.00000000
2.12014151 -20.80311173 5.00000000
2.42442710 -20.63605293 5.00000000
2.69776278 -20.52725126 5.00000000
2.92537832 -20.46772411 5.00000000
3.09541471 -20.44492505 5.00000000
3.19976034 -20.44363612 5.00000000
3.23462251 -20.44704884 5.00000000
