34.40836511 -3.46774444 5.00000000
34.57468248 -3.41235174 5.00000000
34.86591886 -3.06067023 5.00000000
34.91072801 -2.49821334 5.00000000
34.67884645 -2.10485668 5.00000000
34.52339720 -2.02382986 5.00000000
34.48727297 -2.01842010 5.00000000
34.38236543 -1.98952946 5.00000000
34.21765582 -1.91973015 5.00000000
34.00656725 -1.79472882 5.00000000
33.76593405 -1.60446506 5.00000000
33.51470920 -1.34388501 5.00000000
33.27250913 -1.01333054 5.00000000
33.05810758 -0.61851409 5.00000000
32.88799420 -0.17008125 5.00000000
32.77510845 0.31720543 5.00000000
32.72784618 0.82559881 5.00000000
32.74941500 1.33572853 5.00000000
32.83758803 1.82808716 5.00000000
32.98487492 2.28452680 5.00000000
33.17909701 2.68965127 5.00000000
33.40432237 3.03199710 5.00000000
33.64208917 3.30491254 5.00000000
33.87282315 3.50706710 5.00000000
34.07734063 3.64255259 5.00000000
34.23832144 3.72056782 5.00000000
34.34163888 3.75471118 5.00000000
34.37744439 3.76193546 5.00000000
34.52861053 3.85069702 5.00000000
34.74036400 4.25524490 5.00000000
34.66725260 4.81472710 5.00000000
34.35865476 5.15127709 5.00000000
34.18975602 5.19821356 5.00000000
34.15329645 5.19599446 5.00000000
34.04467469 5.20244227 5.00000000
33.86905229 5.23647124 5.00000000
33.63658727 5.31485321 5.00000000
33.36165442 5.45092880 5.00000000
33.06174180 5.65358195 5.00000000
32.75610824 5.92655679 5.00000000
32.46430493 6.26816897 5.00000000
32.20467450 6.67143391 5.00000000
31.99294298 7.12460195 5.00000000
31.84101257 7.61205933 5.00000000
31.75604813 8.11552590 5.00000000
31.73992725 8.61545752 5.00000000
31.78909644 9.09254552 5.00000000
31.89484419 9.52919809 5.00000000
32.04397014 9.91088983 5.00000000
32.21979885 10.22727591 5.00000000
32.40346045 10.47298520 5.00000000
32.57533971 10.64803158 5.00000000
32.71658243 10.75781179 5.00000000
32.81054332 10.81268994 5.00000000
32.84406439 10.82720073 5.00000000
32.97347262 10.94545185 5.00000000
33.09648853 11.38518541 5.00000000
32.90865190 11.91724087 5.00000000
32.53682499 12.18227533 5.00000000
32.36185845 12.19307011 5.00000000
32.32665699 12.18331913 5.00000000
32.21906830 12.16704230 5.00000000
32.04020864 12.16381370 5.00000000
31.79652702 12.19215065 5.00000000
31.49931041 12.26809090 5.00000000
31.16381763 12.40396026 5.00000000
30.80810824 12.60742515 5.00000000
30.45165636 12.88090297 5.00000000
30.11385599 13.22137540 5.00000000
29.81253238 13.62061917 5.00000000
29.56257393 14.06583633 5.00000000
29.37478957 14.54063585 5.00000000
29.25507935 15.02629104 5.00000000
29.20398190 15.50317638 5.00000000
29.21663363 15.95227324 5.00000000
29.28314265 16.35662913 5.00000000
29.38934872 16.70265825 5.00000000
29.51791103 16.98118360 5.00000000
29.64964013 17.18814050 5.00000000
29.76497177 17.32488776 5.00000000
29.84546958 17.39810226 5.00000000
29.87524117 17.41926538 5.00000000
29.97723573 17.56183791 5.00000000
30.00613770 18.01753868 5.00000000
29.71178520 18.49891402 5.00000000
29.29297984 18.68084968 5.00000000
29.11959238 18.65503098 5.00000000
29.08718749 18.63817429 5.00000000
28.98533401 18.59988420 5.00000000
28.81105414 18.55953914 5.00000000
28.56680596 18.53659260 5.00000000
28.26029538 18.54907857 5.00000000
27.90388510 18.61222599 5.00000000
27.51364608 18.73728854 5.00000000
27.10812430 18.93067969 5.00000000
26.70691747 19.19347934 5.00000000
26.32917105 19.52134998 5.00000000
25.99210895 19.90486879 5.00000000
25.70971176 20.33025024 5.00000000
25.49164409 20.78040354 5.00000000
25.34251321 21.23624403 5.00000000
25.26151599 21.67815749 5.00000000
25.24250130 22.08750524 5.00000000
25.27444301 22.44805428 5.00000000
25.34228726 22.74722278 5.00000000
25.42810900 22.97704521 5.00000000
25.51248901 23.13478300 5.00000000
25.57600561 23.22313403 5.00000000
25.60072655 23.25002454 5.00000000
25.67084979 23.41068738 5.00000000
25.60437467 23.86243906 5.00000000
25.21637092 24.27209587 5.00000000
24.76889091 24.36298126 5.00000000
24.60466039 24.30167748 5.00000000
24.57646833 24.27845179 5.00000000
24.48480155 24.21982191 5.00000000
24.32271832 24.14412366 5.00000000
24.08857840 24.07089651 5.00000000
23.78616983 24.01938249 5.00000000
23.42441888 24.00704812 5.00000000
23.01670556 24.04824251 5.00000000
22.57983712 24.15309488 5.00000000
22.13275850 24.32673614 5.00000000
21.69509861 24.56890411 5.00000000
21.28566408 24.87396297 5.00000000
20.92099617 25.23133513 5.00000000
20.61410167 25.62631269 5.00000000
20.37345509 26.04118592 5.00000000
20.20234888 26.45660224 5.00000000
20.09864153 26.85305138 5.00000000
20.05492287 27.21236261 5.00000000
20.05908393 27.51909918 5.00000000
20.09524749 27.76174278 5.00000000
20.14498806 27.93357721 5.00000000
20.18874746 28.03320340 5.00000000
20.20733734 28.06464607 5.00000000
20.24252454 28.23637748 5.00000000
20.08357760 28.66443634 5.00000000
19.61888022 28.98447065 5.00000000
19.16228259 28.98033366 5.00000000
19.01438667 28.88622407 5.00000000
18.99163957 28.85764445 5.00000000
18.91416577 28.78123718 5.00000000
18.77136299 28.67349412 5.00000000
18.55756437 28.55318673 5.00000000
18.27247452 28.43992414 5.00000000
17.92119316 28.35264706 5.00000000
17.51382456 28.30817288 5.00000000
17.06470271 28.31990392 5.00000000
16.59129179 28.39679783 5.00000000
16.11284626 28.54267925 5.00000000
15.64893355 28.75594561 5.00000000
15.21793266 29.02968961 5.00000000
14.83562409 29.35222901 5.00000000
14.51397922 29.70800302 5.00000000
14.26024218 30.07876652 5.00000000
14.07637467 30.44499032 5.00000000
13.95890637 30.78736013 5.00000000
13.89920238 31.08825890 5.00000000
13.88412724 31.33311897 5.00000000
13.89705447 31.51154006 5.00000000
13.91914417 31.61808727 5.00000000
13.93079052 31.65270789 5.00000000
13.92950382 31.82800239 5.00000000
13.68503182 32.21366021 5.00000000
13.16395032 32.43008498 5.00000000
12.71819056 32.33110641 5.00000000
12.59309301 32.20830405 5.00000000
12.57678502 32.17561958 5.00000000
12.51689018 32.08477428 5.00000000
12.39960903 31.94969530 5.00000000
12.21549574 31.78756568 5.00000000
11.96018440 31.61750464 5.00000000
11.63472530 31.45909927 5.00000000
11.24550538 31.33090026 5.00000000
10.80375890 31.24899727 5.00000000
10.32470600 31.22578319 5.00000000
9.82638521 31.26900233 5.00000000
9.32826953 31.38115544 5.00000000
8.84977247 31.55930735 5.00000000
8.40875855 31.79531207 5.00000000
8.02017281 32.07643784 5.00000000
7.69489447 32.38634437 5.00000000
7.43890270 32.70633710 5.00000000
7.25281868 33.01680227 5.00000000
7.13185899 33.29871252 5.00000000
7.06620400 33.53508752 5.00000000
7.04175292 33.71229740 5.00000000
7.04120749 33.82110900 5.00000000
7.04540131 33.85739449 5.00000000
7.00769695 34.02859087 5.00000000
6.68838448 34.35499255 5.00000000
6.13369262 34.45834899 5.00000000
5.71825259 34.26885467 5.00000000
5.62142076 34.12272659 5.00000000
5.61226463 34.08736573 5.00000000
5.57256643 33.98605278 5.00000000
5.48593265 33.82954148 5.00000000
5.33955132 33.63267548 5.00000000
5.12517682 33.41324847 5.00000000
4.83976412 33.19063788 5.00000000
4.48570366 32.98431695 5.00000000
4.07063899 32.81235948 5.00000000
3.60688102 32.69005199 5.00000000
3.11046397 32.62871997 5.00000000
2.59991538 32.63485819 5.00000000
2.09483475 32.70963192 5.00000000
1.61438990 32.84878743 5.00000000
1.17584636 33.04297840 5.00000000
0.79324295 33.27848356 5.00000000
0.47631498 33.53826000 5.00000000
0.22974800 33.80325171 5.00000000
0.05281914 34.05385262 5.00000000
-0.06054626 34.27141182 5.00000000
-0.12130703 34.43966557 5.00000000
-0.14446374 34.54598598 5.00000000
-0.14790575 34.58235049 5.00000000
-0.22037990 34.74196663 5.00000000
-0.60057736 34.99484686 5.00000000
-1.16463688 34.98061779 5.00000000
-1.53160047 34.70888954 5.00000000
-1.59593455 34.54582224 5.00000000
-1.59753867 34.50933044 5.00000000
-1.61530522 34.40197769 5.00000000
-1.66750531 34.23087436 5.00000000
-1.76975711 34.00787597 5.00000000
-1.93382557 33.74867300 5.00000000
-2.16671798 33.47158635 5.00000000
-2.47014484 33.19616072 5.00000000
-2.84038738 32.94166414 5.00000000
-3.26858196 32.72560866 5.00000000
-3.74139947 32.56240598 5.00000000
-4.24206756 32.46226104 5.00000000
-4.75165729 32.43038862 5.00000000
-5.25053532 32.46661314 5.00000000
-5.71987021 32.56538225 5.00000000
-6.14307710 32.71619333 5.00000000
-6.50708999 32.90440000 5.00000000
-6.80336376 33.11233686 5.00000000
-7.02852917 33.32067595 5.00000000
-7.18465035 33.50991097 5.00000000
-7.27906528 33.66185510 5.00000000
-7.32382122 33.76103760 5.00000000
-7.33474862 33.79589182 5.00000000
-7.43882510 33.93695175 5.00000000
-7.86329108 34.10525844 5.00000000
-8.41206616 33.97406574 5.00000000
-8.71451523 33.63197938 5.00000000
-8.74353986 33.45909969 5.00000000
-8.73752185 33.42307180 5.00000000
-8.73258027 33.31437110 5.00000000
-8.74806529 33.13615378 5.00000000
-8.80171867 32.89676909 5.00000000
-8.90831051 32.60911858 5.00000000
-9.07850410 32.28966588 5.00000000
-9.31803615 31.95717298 5.00000000
-9.62727519 31.63126000 5.00000000
-10.00119223 31.33089919 5.00000000
-10.42974580 31.07295860 5.00000000
-10.89865179 30.87090731 5.00000000
-11.39047911 30.73378172 5.00000000
-11.88598696 30.66549207 5.00000000
-12.36560101 30.66452263 5.00000000
-12.81091520 30.72404846 5.00000000
-13.20610390 30.83245983 5.00000000
-13.53913588 30.97425399 5.00000000
-13.80269702 31.13122585 5.00000000
-13.99475075 31.28386621 5.00000000
-14.11869345 31.41286003 5.00000000
-14.18309257 31.50056987 5.00000000
-14.20102777 31.53239051 5.00000000
-14.33215794 31.64872923 5.00000000
-14.78234126 31.72510657 5.00000000
-15.29184779 31.48268399 5.00000000
-15.51656387 31.08519034 5.00000000
-15.50901053 30.91005393 5.00000000
-15.49563341 30.87606455 5.00000000
-15.46819967 30.77076663 5.00000000
-15.44629283 30.59322427 5.00000000
-15.44900288 30.34791555 5.00000000
-15.49345953 30.04438920 5.00000000
-15.59351604 29.69653207 5.00000000
-15.75868457 29.32150342 5.00000000
-15.99340488 28.93841801 5.00000000
-16.29670241 28.56687908 5.00000000
-16.66226219 28.22547381 5.00000000
-17.07891263 27.93034680 5.00000000
-17.53148234 27.69396108 5.00000000
-18.00196394 27.52414185 5.00000000
-18.47089571 27.42347623 5.00000000
-18.91885483 27.38911525 5.00000000
-19.32794770 27.41299322 5.00000000
-19.68318280 27.48244759 5.00000000
-19.97362077 27.58119180 5.00000000
-20.19321339 27.69056638 5.00000000
-20.34126697 27.79097224 5.00000000
-20.42249471 27.86337608 5.00000000
-20.44665387 27.89077243 5.00000000
-20.59910671 27.97730537 5.00000000
-21.05533218 27.95841531 5.00000000
-21.50330228 27.61535788 5.00000000
-21.64046420 27.17982932 5.00000000
-21.59666301 27.01009049 5.00000000
-21.57651143 26.97962512 5.00000000
-21.52778451 26.88233201 5.00000000
-21.46944326 26.71322406 5.00000000
-21.42109153 26.47271247 5.00000000
-21.40147002 26.16657584 5.00000000
-21.42701649 25.80551731 5.00000000
-21.51060286 25.40434347 5.00000000
-21.66054602 24.98082830 5.00000000
-21.87996850 24.55434928 5.00000000
-22.16655777 24.14440039 5.00000000
-22.51274304 23.76909611 5.00000000
-22.90627566 23.44378145 5.00000000
-23.33116870 23.17985455 5.00000000
-23.76892363 22.98389232 5.00000000
-24.19994972 22.85714627 5.00000000
-24.60506744 22.79544726 5.00000000
-24.96698018 22.78952635 5.00000000
-25.27160146 22.82572732 5.00000000
-25.50913571 22.88705593 5.00000000
-25.67482951 22.95448561 5.00000000
-25.76933583 23.00841906 5.00000000
-25.79866308 23.03019376 5.00000000
-25.96577567 23.08313902 5.00000000
-26.40810406 22.96980714 5.00000000
-26.77495929 22.54110812 5.00000000
-26.81857241 22.08657934 5.00000000
-26.74043769 21.92965648 5.00000000
-26.71439236 21.90404661 5.00000000
-26.64650187 21.81901048 5.00000000
-26.55427599 21.66572778 5.00000000
-26.45697570 21.44052483 5.00000000
-26.37413358 21.14515756 5.00000000
-26.32405351 20.78667762 5.00000000
-26.32240458 20.37689180 5.00000000
-26.38101737 19.93145652 5.00000000
-26.50697496 19.46867659 5.00000000
-26.70206841 19.00810080 5.00000000
-26.96265855 18.56902186 5.00000000
-27.27995482 18.16899608 5.00000000
-27.64068944 17.82249638 5.00000000
-28.02813553 17.53980203 5.00000000
-28.42339069 17.32621032 5.00000000
-28.80682767 17.18163087 5.00000000
-29.15960071 17.10059346 5.00000000
-29.46509190 17.07266902 5.00000000
-29.71018638 17.08327131 5.00000000
-29.88627880 17.11477781 5.00000000
-29.98993333 17.14788372 5.00000000
-30.02314692 17.16308511 5.00000000
-30.19761563 17.18012872 5.00000000
-30.60671506 16.97730818 5.00000000
-30.87642209 16.48170377 5.00000000
-30.82458031 16.02803985 5.00000000
-30.71552693 15.89079126 5.00000000
-30.68472616 15.87115615 5.00000000
-30.60063923 15.80209349 5.00000000
-30.47855945 15.67133522 5.00000000
-30.33656307 15.47128336 5.00000000
-30.19412095 15.19959443 5.00000000
-30.07060307 14.85936036 5.00000000
-29.98379091 14.45887218 5.00000000
-29.94851167 14.01098444 5.00000000
-29.97549943 13.53212932 5.00000000
-30.07057052 13.04105600 5.00000000
-30.23417650 12.55739225 5.00000000
-30.46136905 12.10013839 5.00000000
-30.74217942 11.68620960 5.00000000
-31.06238342 11.32913822 5.00000000
-31.40459309 11.03803584 5.00000000
-31.74959129 10.81689477 5.00000000
-32.07780678 10.66428258 5.00000000
-32.37081643 10.57345317 5.00000000
-32.61275935 10.53286576 5.00000000
-32.79155430 10.52707210 5.00000000
-32.89982683 10.53790357 5.00000000
-32.93547517 10.54586728 5.00000000
-33.10967489 10.52626437 5.00000000
-33.46766575 10.24281938 5.00000000
-33.62843708 9.70196987 5.00000000
-33.48340614 9.26899812 5.00000000
-33.34820025 9.15742221 5.00000000
-33.31399018 9.14462001 5.00000000
-33.21738182 9.09454919 5.00000000
-33.07078360 8.99203012 5.00000000
-32.89029707 8.82587258 5.00000000
-32.69448034 8.58973609 5.00000000
-32.50292299 8.28261776 5.00000000
-32.33474170 7.90893047 5.00000000
-32.20711230 7.47816512 5.00000000
-32.13395074 7.00416305 5.00000000
-32.12484441 6.50405448 5.00000000
-32.18431586 5.99694434 5.00000000
-32.31147528 5.50244659 5.00000000
-32.50008863 5.03917938 5.00000000
-32.73905610 4.62333671 5.00000000
-33.01326408 4.26744622 5.00000000
-33.30474543 3.97940846 5.00000000
-33.59405876 3.76189137 5.00000000
-33.86178095 3.61212667 5.00000000
-34.08999824 3.52212343 5.00000000
-34.26368152 3.47928282 5.00000000
-34.37184002 3.46736647 5.00000000
-34.40836511 3.46774444 5.00000000
-34.57468248 3.41235174 5.00000000
-34.86591886 3.06067023 5.00000000
-34.91072801 2.49821334 5.00000000
-34.67884645 2.10485668 5.00000000
-34.52339720 2.02382986 5.00000000
-34.48727297 2.01842010 5.00000000
-34.38236543 1.98952946 5.00000000
-34.21765582 1.91973015 5.00000000
-34.00656725 1.79472882 5.00000000
-33.76593405 1.60446506 5.00000000
-33.51470920 1.34388501 5.00000000
-33.27250913 1.01333054 5.00000000
-33.05810758 0.61851409 5.00000000
-32.88799420 0.17008125 5.00000000
-32.77510845 -0.31720543 5.00000000
-32.72784618 -0.82559881 5.00000000
-32.74941500 -1.33572853 5.00000000
-32.83758803 -1.82808716 5.00000000
-32.98487492 -2.28452680 5.00000000
-33.17909701 -2.68965127 5.00000000
-33.40432237 -3.03199710 5.00000000
-33.64208917 -3.30491254 5.00000000
-33.87282315 -3.50706710 5.00000000
-34.07734063 -3.64255259 5.00000000
-34.23832144 -3.72056782 5.00000000
-34.34163888 -3.75471118 5.00000000
-34.37744439 -3.76193546 5.00000000
-34.52861053 -3.85069702 5.00000000
-34.74036400 -4.25524490 5.00000000
-34.66725260 -4.81472710 5.00000000
-34.35865476 -5.15127709 5.00000000
-34.18975602 -5.19821356 5.00000000
-34.15329645 -5.19599446 5.00000000
-34.04467469 -5.20244227 5.00000000
-33.86905229 -5.23647124 5.00000000
-33.63658727 -5.31485321 5.00000000
-33.36165442 -5.45092880 5.00000000
-33.06174180 -5.65358195 5.00000000
-32.75610824 -5.92655679 5.00000000
-32.46430493 -6.26816897 5.00000000
-32.20467450 -6.67143391 5.00000000
-31.99294298 -7.12460195 5.00000000
-31.84101257 -7.61205933 5.00000000
-31.75604813 -8.11552590 5.00000000
-31.73992725 -8.61545752 5.00000000
-31.78909644 -9.09254552 5.00000000
-31.89484419 -9.52919809 5.00000000
-32.04397014 -9.91088983 5.00000000
-32.21979885 -10.22727591 5.00000000
-32.40346045 -10.47298520 5.00000000
-32.57533971 -10.64803158 5.00000000
-32.71658243 -10.75781179 5.00000000
-32.81054332 -10.81268994 5.00000000
-32.84406439 -10.82720073 5.00000000
-32.97347262 -10.94545185 5.00000000
-33.09648853 -11.38518541 5.00000000
-32.90865190 -11.91724087 5.00000000
-32.53682499 -12.18227533 5.00000000
-32.36185845 -12.19307011 5.00000000
-32.32665699 -12.18331913 5.00000000
-32.21906830 -12.16704230 5.00000000
-32.04020864 -12.16381370 5.00000000
-31.79652702 -12.19215065 5.00000000
-31.49931041 -12.26809090 5.00000000
-31.16381763 -12.40396026 5.00000000
-30.80810824 -12.60742515 5.00000000
-30.45165636 -12.88090297 5.00000000
-30.11385599 -13.22137540 5.00000000
-29.81253238 -13.62061917 5.00000000
-29.56257393 -14.06583633 5.00000000
-29.37478957 -14.54063585 5.00000000
-29.25507935 -15.02629104 5.00000000
-29.20398190 -15.50317638 5.00000000
-29.21663363 -15.95227324 5.00000000
-29.28314265 -16.35662913 5.00000000
-29.38934872 -16.70265825 5.00000000
-29.51791103 -16.98118360 5.00000000
-29.64964013 -17.18814050 5.00000000
-29.76497177 -17.32488776 5.00000000
-29.84546958 -17.39810226 5.00000000
-29.87524117 -17.41926538 5.00000000
-29.97723573 -17.56183791 5.00000000
-30.00613770 -18.01753868 5.00000000
-29.71178520 -18.49891402 5.00000000
-29.29297984 -18.68084968 5.00000000
-29.11959238 -18.65503098 5.00000000
-29.08718749 -18.63817429 5.00000000
-28.98533401 -18.59988420 5.00000000
-28.81105414 -18.55953914 5.00000000
-28.56680596 -18.53659260 5.00000000
-28.26029538 -18.54907857 5.00000000
-27.90388510 -18.61222599 5.00000000
-27.51364608 -18.73728854 5.00000000
-27.10812430 -18.93067969 5.00000000
-26.70691747 -19.19347934 5.00000000
-26.32917105 -19.52134998 5.00000000
-25.99210895 -19.90486879 5.00000000
-25.70971176 -20.33025024 5.00000000
-25.49164409 -20.78040354 5.00000000
-25.34251321 -21.23624403 5.00000000
-25.26151599 -21.67815749 5.00000000
-25.24250130 -22.08750524 5.00000000
-25.27444301 -22.44805428 5.00000000
-25.34228726 -22.74722278 5.00000000
-25.42810900 -22.97704521 5.00000000
-25.51248901 -23.13478300 5.00000000
-25.57600561 -23.22313403 5.00000000
-25.60072655 -23.25002454 5.00000000
-25.67084979 -23.41068738 5.00000000
-25.60437467 -23.86243906 5.00000000
-25.21637092 -24.27209587 5.00000000
-24.76889091 -24.36298126 5.00000000
-24.60466039 -24.30167748 5.00000000
-24.57646833 -24.27845179 5.00000000
-24.48480155 -24.21982191 5.00000000
-24.32271832 -24.14412366 5.00000000
-24.08857840 -24.07089651 5.00000000
-23.78616983 -24.01938249 5.00000000
-23.42441888 -24.00704812 5.00000000
-23.01670556 -24.04824251 5.00000000
-22.57983712 -24.15309488 5.00000000
-22.13275850 -24.32673614 5.00000000
-21.69509861 -24.56890411 5.00000000
-21.28566408 -24.87396297 5.00000000
-20.92099617 -25.23133513 5.00000000
-20.61410167 -25.62631269 5.00000000
-20.37345509 -26.04118592 5.00000000
-20.20234888 -26.45660224 5.00000000
-20.09864153 -26.85305138 5.00000000
-20.05492287 -27.21236261 5.00000000
-20.05908393 -27.51909918 5.00000000
-20.09524749 -27.76174278 5.00000000
-20.14498806 -27.93357721 5.00000000
-20.18874746 -28.03320340 5.00000000
-20.20733734 -28.06464607 5.00000000
-20.24252454 -28.23637748 5.00000000
-20.08357760 -28.66443634 5.00000000
-19.61888022 -28.98447065 5.00000000
-19.16228259 -28.98033366 5.00000000
-19.01438667 -28.88622407 5.00000000
-18.99163957 -28.85764445 5.00000000
-18.91416577 -28.78123718 5.00000000
-18.77136299 -28.67349412 5.00000000
-18.55756437 -28.55318673 5.00000000
-18.27247452 -28.43992414 5.00000000
-17.92119316 -28.35264706 5.00000000
-17.51382456 -28.30817288 5.00000000
-17.06470271 -28.31990392 5.00000000
-16.59129179 -28.39679783 5.00000000
-16.11284626 -28.54267925 5.00000000
-15.64893355 -28.75594561 5.00000000
-15.21793266 -29.02968961 5.00000000
-14.83562409 -29.35222901 5.00000000
-14.51397922 -29.70800302 5.00000000
-14.26024218 -30.07876652 5.00000000
-14.07637467 -30.44499032 5.00000000
-13.95890637 -30.78736013 5.00000000
-13.89920238 -31.08825890 5.00000000
-13.88412724 -31.33311897 5.00000000
-13.89705447 -31.51154006 5.00000000
-13.91914417 -31.61808727 5.00000000
-13.93079052 -31.65270789 5.00000000
-13.92950382 -31.82800239 5.00000000
-13.68503182 -32.21366021 5.00000000
-13.16395032 -32.43008498 5.00000000
-12.71819056 -32.33110641 5.00000000
-12.59309301 -32.20830405 5.00000000
-12.57678502 -32.17561958 5.00000000
-12.51689018 -32.08477428 5.00000000
-12.39960903 -31.94969530 5.00000000
-12.21549574 -31.78756568 5.00000000
-11.96018440 -31.61750464 5.00000000
-11.63472530 -31.45909927 5.00000000
-11.24550538 -31.33090026 5.00000000
-10.80375890 -31.24899727 5.00000000
-10.32470600 -31.22578319 5.00000000
-9.82638521 -31.26900233 5.00000000
-9.32826953 -31.38115544 5.00000000
-8.84977247 -31.55930735 5.00000000
-8.40875855 -31.79531207 5.00000000
-8.02017281 -32.07643784 5.00000000
-7.69489447 -32.38634437 5.00000000
-7.43890270 -32.70633710 5.00000000
-7.25281868 -33.01680227 5.00000000
-7.13185899 -33.29871252 5.00000000
-7.06620400 -33.53508752 5.00000000
-7.04175292 -33.71229740 5.00000000
-7.04120749 -33.82110900 5.00000000
-7.04540131 -33.85739449 5.00000000
-7.00769695 -34.02859087 5.00000000
-6.68838448 -34.35499255 5.00000000
-6.13369262 -34.45834899 5.00000000
-5.71825259 -34.26885467 5.00000000
-5.62142076 -34.12272659 5.00000000
-5.61226463 -34.08736573 5.00000000
-5.57256643 -33.98605278 5.00000000
-5.48593265 -33.82954148 5.00000000
-5.33955132 -33.63267548 5.00000000
-5.12517682 -33.41324847 5.00000000
-4.83976412 -33.19063788 5.00000000
-4.48570366 -32.98431695 5.00000000
-4.07063899 -32.81235948 5.00000000
-3.60688102 -32.69005199 5.00000000
-3.11046397 -32.62871997 5.00000000
-2.59991538 -32.63485819 5.00000000
-2.09483475 -32.70963192 5.00000000
-1.61438990 -32.84878743 5.00000000
-1.17584636 -33.04297840 5.00000000
-0.79324295 -33.27848356 5.00000000
-0.47631498 -33.53826000 5.00000000
-0.22974800 -33.80325171 5.00000000
-0.05281914 -34.05385262 5.00000000
0.06054626 -34.27141182 5.00000000
0.12130703 -34.43966557 5.00000000
0.14446374 -34.54598598 5.00000000
0.14790575 -34.58235049 5.00000000
0.22037990 -34.74196663 5.00000000
0.60057736 -34.99484686 5.00000000
1.16463688 -34.98061779 5.00000000
1.53160047 -34.70888954 5.00000000
1.59593455 -34.54582224 5.00000000
1.59753867 -34.50933044 5.00000000
1.61530522 -34.40197769 5.00000000
1.66750531 -34.23087436 5.00000000
1.76975711 -34.00787597 5.00000000
1.93382557 -33.74867300 5.00000000
2.16671798 -33.47158635 5.00000000
2.47014484 -33.19616072 5.00000000
2.84038738 -32.94166414 5.00000000
3.26858196 -32.72560866 5.00000000
3.74139947 -32.56240598 5.00000000
4.24206756 -32.46226104 5.00000000
4.75165729 -32.43038862 5.00000000
5.25053532 -32.46661314 5.00000000
5.71987021 -32.56538225 5.00000000
6.14307710 -32.71619333 5.00000000
6.50708999 -32.90440000 5.00000000
6.80336376 -33.11233686 5.00000000
7.02852917 -33.32067595 5.00000000
7.18465035 -33.50991097 5.00000000
7.27906528 -33.66185510 5.00000000
7.32382122 -33.76103760 5.00000000
7.33474862 -33.79589182 5.00000000
7.43882510 -33.93695175 5.00000000
7.86329108 -34.10525844 5.00000000
8.41206616 -33.97406574 5.00000000
8.71451523 -33.63197938 5.00000000
8.74353986 -33.45909969 5.00000000
8.73752185 -33.42307180 5.00000000
8.73258027 -33.31437110 5.00000000
8.74806529 -33.13615378 5.00000000
8.80171867 -32.89676909 5.00000000
8.90831051 -32.60911858 5.00000000
9.07850410 -32.28966588 5.00000000
9.31803615 -31.95717298 5.00000000
9.62727519 -31.63126000 5.00000000
10.00119223 -31.33089919 5.00000000
10.42974580 -31.07295860 5.00000000
10.89865179 -30.87090731 5.00000000
11.39047911 -30.73378172 5.00000000
11.88598696 -30.66549207 5.00000000
12.36560101 -30.66452263 5.00000000
12.81091520 -30.72404846 5.00000000
13.20610390 -30.83245983 5.00000000
13.53913588 -30.97425399 5.00000000
13.80269702 -31.13122585 5.00000000
13.99475075 -31.28386621 5.00000000
14.11869345 -31.41286003 5.00000000
14.18309257 -31.50056987 5.00000000
14.20102777 -31.53239051 5.00000000
14.33215794 -31.64872923 5.00000000
14.78234126 -31.72510657 5.00000000
15.29184779 -31.48268399 5.00000000
15.51656387 -31.08519034 5.00000000
15.50901053 -30.91005393 5.00000000
15.49563341 -30.87606455 5.00000000
15.46819967 -30.77076663 5.00000000
15.44629283 -30.59322427 5.00000000
15.44900288 -30.34791555 5.00000000
15.49345953 -30.04438920 5.00000000
15.59351604 -29.69653207 5.00000000
15.75868457 -29.32150342 5.00000000
15.99340488 -28.93841801 5.00000000
16.29670241 -28.56687908 5.00000000
16.66226219 -28.22547381 5.00000000
17.07891263 -27.93034680 5.00000000
17.53148234 -27.69396108 5.00000000
18.00196394 -27.52414185 5.00000000
18.47089571 -27.42347623 5.00000000
18.91885483 -27.38911525 5.00000000
19.32794770 -27.41299322 5.00000000
19.68318280 -27.48244759 5.00000000
19.97362077 -27.58119180 5.00000000
20.19321339 -27.69056638 5.00000000
20.34126697 -27.79097224 5.00000000
20.42249471 -27.86337608 5.00000000
20.44665387 -27.89077243 5.00000000
20.59910671 -27.97730537 5.00000000
21.05533218 -27.95841531 5.00000000
21.50330228 -27.61535788 5.00000000
21.64046420 -27.17982932 5.00000000
21.59666301 -27.01009049 5.00000000
21.57651143 -26.97962512 5.00000000
21.52778451 -26.88233201 5.00000000
21.46944326 -26.71322406 5.00000000
21.42109153 -26.47271247 5.00000000
21.40147002 -26.16657584 5.00000000
21.42701649 -25.80551731 5.00000000
21.51060286 -25.40434347 5.00000000
21.66054602 -24.98082830 5.00000000
21.87996850 -24.55434928 5.00000000
22.16655777 -24.14440039 5.00000000
22.51274304 -23.76909611 5.00000000
22.90627566 -23.44378145 5.00000000
23.33116870 -23.17985455 5.00000000
23.76892363 -22.98389232 5.00000000
24.19994972 -22.85714627 5.00000000
24.60506744 -22.79544726 5.00000000
24.96698018 -22.78952635 5.00000000
25.27160146 -22.82572732 5.00000000
25.50913571 -22.88705593 5.00000000
25.67482951 -22.95448561 5.00000000
25.76933583 -23.00841906 5.00000000
25.79866308 -23.03019376 5.00000000
25.96577567 -23.08313902 5.00000000
26.40810406 -22.96980714 5.00000000
26.77495929 -22.54110812 5.00000000
26.81857241 -22.08657934 5.00000000
26.74043769 -21.92965648 5.00000000
26.71439236 -21.90404661 5.00000000
26.64650187 -21.81901048 5.00000000
26.55427599 -21.66572778 5.00000000
26.45697570 -21.44052483 5.00000000
26.37413358 -21.14515756 5.00000000
26.32405351 -20.78667762 5.00000000
26.32240458 -20.37689180 5.00000000
26.38101737 -19.93145652 5.00000000
26.50697496 -19.46867659 5.00000000
26.70206841 -19.00810080 5.00000000
26.96265855 -18.56902186 5.00000000
27.27995482 -18.16899608 5.00000000
27.64068944 -17.82249638 5.00000000
28.02813553 -17.53980203 5.00000000
28.42339069 -17.32621032 5.00000000
28.80682767 -17.18163087 5.00000000
29.15960071 -17.10059346 5.00000000
29.46509190 -17.07266902 5.00000000
29.71018638 -17.08327131 5.00000000
29.88627880 -17.11477781 5.00000000
29.98993333 -17.14788372 5.00000000
30.02314692 -17.16308511 5.00000000
30.19761563 -17.18012872 5.00000000
30.60671506 -16.97730818 5.00000000
30.87642209 -16.48170377 5.00000000
30.82458031 -16.02803985 5.00000000
30.71552693 -15.89079126 5.00000000
30.68472616 -15.87115615 5.00000000
30.60063923 -15.80209349 5.00000000
30.47855945 -15.67133522 5.00000000
30.33656307 -15.47128336 5.00000000
30.19412095 -15.19959443 5.00000000
30.07060307 -14.85936036 5.00000000
29.98379091 -14.45887218 5.00000000
29.94851167 -14.01098444 5.00000000
29.97549943 -13.53212932 5.00000000
30.07057052 -13.04105600 5.00000000
30.23417650 -12.55739225 5.00000000
30.46136905 -12.10013839 5.00000000
30.74217942 -11.68620960 5.00000000
31.06238342 -11.32913822 5.00000000
31.40459309 -11.03803584 5.00000000
31.74959129 -10.81689477 5.00000000
32.07780678 -10.66428258 5.00000000
32.37081643 -10.57345317 5.00000000
32.61275935 -10.53286576 5.00000000
32.79155430 -10.52707210 5.00000000
32.89982683 -10.53790357 5.00000000
32.93547517 -10.54586728 5.00000000
33.10967489 -10.52626437 5.00000000
33.46766575 -10.24281938 5.00000000
33.62843708 -9.70196987 5.00000000
33.48340614 -9.26899812 5.00000000
33.34820025 -9.15742221 5.00000000
33.31399018 -9.14462001 5.00000000
33.21738182 -9.09454919 5.00000000
33.07078360 -8.99203012 5.00000000
32.89029707 -8.82587258 5.00000000
32.69448034 -8.58973609 5.00000000
32.50292299 -8.28261776 5.00000000
32.33474170 -7.90893047 5.00000000
32.20711230 -7.47816512 5.00000000
32.13395074 -7.00416305 5.00000000
32.12484441 -6.50405448 5.00000000
32.18431586 -5.99694434 5.00000000
32.31147528 -5.50244659 5.00000000
32.50008863 -5.03917938 5.00000000
32.73905610 -4.62333671 5.00000000
33.01326408 -4.26744622 5.00000000
33.30474543 -3.97940846 5.00000000
33.59405876 -3.76189137 5.00000000
33.86178095 -3.61212667 5.00000000
34.08999824 -3.52212343 5.00000000
34.26368152 -3.47928282 5.00000000
34.37184002 -3.46736647 5.00000000
34.40836511 -3.46774444 5.00000000
