34.57635086 0.66091015 5.00000000
34.73487431 0.73574420 5.00000000
34.98208657 1.11965123 5.00000000
34.95949138 1.68343760 5.00000000
34.68234922 2.04632978 5.00000000
34.51834548 2.10823772 5.00000000
34.48183390 2.10930031 5.00000000
34.37422941 2.12547236 5.00000000
34.20237053 2.17512843 5.00000000
33.97787979 2.27406086 5.00000000
33.71627143 2.43426605 5.00000000
33.43576037 2.66302232 5.00000000
33.15586379 2.96232991 5.00000000
32.89590275 3.32875632 5.00000000
32.67351889 3.75369865 5.00000000
32.50332004 4.22404306 5.00000000
32.39575883 4.72317043 5.00000000
32.35633028 5.23223127 5.00000000
32.38515008 5.73159178 5.00000000
32.47694585 6.20234024 5.00000000
32.62146217 6.62773780 5.00000000
32.80424809 6.99450264 5.00000000
33.00776691 7.29382850 5.00000000
33.21274280 7.52205979 5.00000000
33.39964098 7.68097105 5.00000000
33.55016777 7.77762964 5.00000000
33.64867541 7.82385200 5.00000000
33.68336369 7.83529525 5.00000000
33.82286415 7.94145287 5.00000000
33.98485547 8.36836893 5.00000000
33.84553626 8.91513742 5.00000000
33.49900079 9.21247844 5.00000000
33.32570955 9.23893524 5.00000000
33.28977490 9.23238343 5.00000000
33.18115947 9.22582985 5.00000000
33.00273204 9.23866935 5.00000000
32.76257776 9.28876561 5.00000000
32.47337764 9.39107850 5.00000000
32.15143532 9.55651436 5.00000000
31.81542560 9.79108760 5.00000000
31.48496100 10.09545777 5.00000000
31.17908627 10.46487789 5.00000000
30.91481658 10.88955781 5.00000000
30.70583142 11.35541482 5.00000000
30.56142478 11.84515380 5.00000000
30.48579191 12.33959406 5.00000000
30.47770762 12.81914095 5.00000000
30.53062078 13.26528919 5.00000000
30.63315769 13.66204266 5.00000000
30.76999579 13.99714148 5.00000000
30.92304052 14.26300224 5.00000000
31.07281501 14.45729923 5.00000000
31.19995598 14.58314188 5.00000000
31.28670082 14.64883506 5.00000000
31.31825190 14.66724035 5.00000000
31.43263252 14.80008194 5.00000000
31.50232311 15.25134876 5.00000000
31.25236880 15.75720294 5.00000000
30.85158528 15.97599757 5.00000000
30.67658019 15.96584696 5.00000000
30.64279300 15.95196709 5.00000000
30.53791364 15.92297430 5.00000000
30.36071580 15.89843608 5.00000000
30.11539386 15.89750673 5.00000000
29.81124142 15.93745575 5.00000000
29.46193825 16.03234087 5.00000000
29.08450064 16.19192777 5.00000000
28.69797536 16.42093927 5.00000000
28.32197798 16.71869174 5.00000000
27.97518728 17.07914663 5.00000000
27.67391184 17.49137309 5.00000000
27.43083837 17.94038627 5.00000000
27.25405835 18.40829687 5.00000000
27.14644732 18.87568369 5.00000000
27.10544476 19.32308378 5.00000000
27.12325131 19.73248586 5.00000000
27.18742821 20.08871220 5.00000000
27.28185298 20.38058306 5.00000000
27.38795792 20.60177406 5.00000000
27.48615639 20.75130085 5.00000000
27.55734728 20.83359374 5.00000000
27.58438221 20.85815666 5.00000000
27.66864403 21.01187642 5.00000000
27.64298806 21.46777146 5.00000000
27.29332285 21.91060309 5.00000000
26.85580745 22.04128896 5.00000000
26.68673707 21.99497455 5.00000000
26.65657400 21.97437324 5.00000000
26.56001445 21.92420836 5.00000000
26.39179059 21.86336486 5.00000000
26.15202275 21.81145052 5.00000000
25.84621089 21.78728971 5.00000000
25.48481312 21.80747716 5.00000000
25.08244344 21.88510301 5.00000000
24.65675050 22.02874693 5.00000000
24.22706334 22.24181854 5.00000000
23.81290807 22.52229479 5.00000000
23.43250952 22.86287442 5.00000000
23.10139270 23.25153777 5.00000000
22.83119166 23.67246877 5.00000000
22.62875700 24.10726847 5.00000000
22.49563074 24.53636689 5.00000000
22.42792869 24.94052474 5.00000000
22.41663955 25.30230981 5.00000000
22.44831755 25.60743461 5.00000000
22.50611565 25.84585251 5.00000000
22.57107989 26.01252838 5.00000000
22.62360542 26.10782440 5.00000000
22.64494266 26.13747144 5.00000000
22.69540302 26.30535107 5.00000000
22.57552178 26.74594953 5.00000000
22.14142772 27.10640475 5.00000000
21.68630197 27.14327025 5.00000000
21.53055549 27.06281621 5.00000000
21.50533481 27.03639383 5.00000000
21.42131518 26.96724932 5.00000000
21.26941749 26.87275969 5.00000000
21.04568275 26.77212927 5.00000000
20.75157693 26.68491457 5.00000000
20.39387936 26.62952204 5.00000000
19.98416310 26.62179422 5.00000000
19.53790732 26.67379264 5.00000000
19.07330977 26.79287115 5.00000000
18.60989050 26.98111059 5.00000000
18.16699408 27.23515843 5.00000000
17.76230531 27.54648550 5.00000000
17.41049233 27.90204019 5.00000000
17.12208142 28.28524994 5.00000000
16.90264971 28.67729302 5.00000000
16.75239797 29.05854301 5.00000000
16.66613618 29.41007507 5.00000000
16.63368292 29.71511838 5.00000000
16.64064813 29.96034318 5.00000000
16.66953888 30.13688361 5.00000000
16.70110345 30.24101785 5.00000000
16.71581045 30.27445329 5.00000000
16.73026399 30.44915565 5.00000000
16.52139688 30.85520127 5.00000000
16.02184596 31.11752644 5.00000000
15.56900103 31.05896038 5.00000000
15.43338532 30.94788295 5.00000000
15.41420929 30.91679428 5.00000000
15.34640165 30.83169208 5.00000000
15.21746879 30.70768597 5.00000000
15.01954542 30.56273749 5.00000000
14.74999948 30.41628061 5.00000000
14.41163521 30.28772904 5.00000000
14.01247894 30.19498528 5.00000000
13.56516384 30.15306562 5.00000000
13.08596105 30.17294671 5.00000000
12.59353142 30.26072239 5.00000000
12.10749384 30.41713534 5.00000000
11.64691995 30.63751963 5.00000000
11.22887095 30.91215857 5.00000000
10.86708872 31.22703027 5.00000000
10.57094178 31.56488385 5.00000000
10.34470707 31.90656351 5.00000000
10.18724268 32.23247892 5.00000000
10.09207654 32.52410889 5.00000000
10.04790444 32.76542309 5.00000000
10.03945903 32.94411241 5.00000000
10.04868311 33.05253371 5.00000000
10.05611711 33.08829627 5.00000000
10.03393215 33.26218602 5.00000000
9.74520765 33.61593265 5.00000000
9.20203265 33.76866292 5.00000000
8.77126004 33.61722490 5.00000000
8.66170215 33.48037869 5.00000000
8.64940886 33.44598247 5.00000000
8.60077672 33.34864195 5.00000000
8.50044367 33.20053902 5.00000000
8.33698189 33.01760744 5.00000000
8.10377627 32.81830923 5.00000000
7.79953345 32.62221693 5.00000000
7.42838221 32.44851060 5.00000000
6.99955761 32.31450494 5.00000000
6.52669304 32.23431972 5.00000000
6.02677459 32.21779541 5.00000000
5.51883801 32.26973746 5.00000000
5.02250829 32.38954714 5.00000000
4.55649402 32.57126728 5.00000000
4.13715209 32.80403952 5.00000000
3.77723296 33.07293778 5.00000000
3.48490284 33.36011409 5.00000000
3.26311780 33.64616877 5.00000000
3.10939798 33.91163977 5.00000000
3.01601910 34.13849678 5.00000000
2.97060665 34.31152541 5.00000000
2.95708711 34.41949524 5.00000000
2.95692320 34.45602192 5.00000000
2.89906932 34.62149924 5.00000000
2.54310609 34.90748647 5.00000000
1.98004636 34.94394678 5.00000000
1.59017289 34.70625539 5.00000000
1.51146104 34.54962122 5.00000000
1.50658776 34.51342073 5.00000000
1.47925658 34.40809614 5.00000000
1.41190838 34.24236920 5.00000000
1.29005225 34.02944950 5.00000000
1.10337916 33.78602026 5.00000000
0.84655465 33.53095741 5.00000000
0.51962953 33.28388029 5.00000000
0.12803712 33.06364534 5.00000000
-0.31782278 32.88689828 5.00000000
-0.80338122 32.76679618 5.00000000
-1.31101752 32.71199722 5.00000000
-1.82141107 32.72599601 5.00000000
-2.31502355 32.80685532 5.00000000
-2.77359793 32.94735484 5.00000000
-3.18155905 33.13554563 5.00000000
-3.52720838 33.35566759 5.00000000
-3.80362099 33.58935959 5.00000000
-4.00917619 33.81706927 5.00000000
-4.14768074 34.01955435 5.00000000
-4.22807550 34.17936011 5.00000000
-4.26374779 34.28215967 5.00000000
-4.27150244 34.31785407 5.00000000
-4.36249675 34.46768682 5.00000000
-4.77014142 34.67341562 5.00000000
-5.32847747 34.59201249 5.00000000
-5.66041244 34.27845597 5.00000000
-5.70483818 34.10887953 5.00000000
-5.70207846 34.07245689 5.00000000
-5.70691418 33.96375142 5.00000000
-5.73833408 33.78764353 5.00000000
-5.81325887 33.55404132 5.00000000
-5.94524092 33.27712008 5.00000000
-6.14342265 32.97423415 5.00000000
-6.41183345 32.66458471 5.00000000
-6.74907921 32.36774577 5.00000000
-7.14844822 32.10216158 5.00000000
-7.59842540 31.88373072 5.00000000
-8.08357529 31.72458573 5.00000000
-8.58572604 31.63216182 5.00000000
-9.08536350 31.60862636 5.00000000
-9.56312841 31.65071265 5.00000000
-10.00130167 31.74997114 5.00000000
-10.38516366 31.89341837 5.00000000
-10.70412330 32.06453422 5.00000000
-10.95253012 32.24453057 5.00000000
-11.13010703 32.41379415 5.00000000
-11.24197045 32.55339276 5.00000000
-11.29823646 32.64652922 5.00000000
-11.31324293 32.67983133 5.00000000
-11.43340077 32.80747109 5.00000000
-11.87491085 32.92395013 5.00000000
-12.40412125 32.72824126 5.00000000
-12.66361059 32.35252355 5.00000000
-12.67180859 32.17741612 5.00000000
-12.66153648 32.14236318 5.00000000
-12.64366539 32.03502779 5.00000000
-12.63778381 31.85623572 5.00000000
-12.66250268 31.61216053 5.00000000
-12.73402545 31.31385007 5.00000000
-12.86490290 30.97637863 5.00000000
-13.06306854 30.61769003 5.00000000
-13.33122838 30.25722040 5.00000000
-13.66665217 29.91440637 5.00000000
-14.06138194 29.60719323 5.00000000
-14.50284204 29.35065760 5.00000000
-14.97480357 29.15585038 5.00000000
-15.45862946 29.02894875 5.00000000
-15.93470429 28.97078245 5.00000000
-16.38393942 28.97677055 5.00000000
-16.78923746 29.03727372 5.00000000
-17.13680405 29.13833485 5.00000000
-17.41720593 29.26275116 5.00000000
-17.62609423 29.39139561 5.00000000
-17.76453736 29.50468594 5.00000000
-17.83893797 29.58408878 5.00000000
-17.86054041 29.61354314 5.00000000
-18.00461032 29.71341145 5.00000000
-18.46068970 29.73555003 5.00000000
-18.93764542 29.43408884 5.00000000
-19.11334819 29.01263059 5.00000000
-19.08496016 28.83964523 5.00000000
-19.06762461 28.80749397 5.00000000
-19.02782776 28.70621972 5.00000000
-18.98490175 28.53255753 5.00000000
-18.95833437 28.28867664 5.00000000
-18.96627195 27.98201456 5.00000000
-19.02412516 27.62470672 5.00000000
-19.14338485 27.23265537 5.00000000
-19.33073891 26.82430930 5.00000000
-19.58755784 26.41924806 5.00000000
-19.90978862 26.03667933 5.00000000
-20.28826499 25.69396491 5.00000000
-20.70941034 25.40528836 5.00000000
-21.15627913 25.18056678 5.00000000
-21.60985714 25.02469003 5.00000000
-22.05052039 24.93714604 5.00000000
-22.45954101 24.91206088 5.00000000
-22.82052423 24.93865042 5.00000000
-23.12066626 25.00204910 5.00000000
-23.35173654 25.08445204 5.00000000
-23.51070874 25.16648277 5.00000000
-23.59999229 25.22868171 5.00000000
-23.62724658 25.25300102 5.00000000
-23.78893200 25.32073315 5.00000000
-24.23964782 25.24756371 5.00000000
-24.64350361 24.85352550 5.00000000
-24.72774075 24.40474647 5.00000000
-24.66400740 24.24144345 5.00000000
-24.64036604 24.21359904 5.00000000
-24.58038275 24.12281211 5.00000000
-24.50228837 23.96186967 5.00000000
-24.42559587 23.72884183 5.00000000
-24.36960137 23.42723073 5.00000000
-24.35190187 23.06570257 5.00000000
-24.38704339 22.65742300 5.00000000
-24.48540339 22.21904718 5.00000000
-24.65239324 21.76944184 5.00000000
-24.88804199 21.32823760 5.00000000
-25.18699341 20.91432265 5.00000000
-25.53891649 20.54439334 5.00000000
-25.92929789 20.23167322 5.00000000
-26.34055553 19.98489857 5.00000000
-26.75338781 19.80764859 5.00000000
-27.14825485 19.69807143 5.00000000
-27.50687800 19.64902729 5.00000000
-27.81364254 19.64863753 5.00000000
-28.05679591 19.68119755 5.00000000
-28.22934933 19.72838353 5.00000000
-28.32961371 19.77066018 5.00000000
-28.36132869 19.78878157 5.00000000
-28.53356320 19.82141730 5.00000000
-28.95921702 19.65613771 5.00000000
-29.27232244 19.18674383 5.00000000
-29.26141239 18.73025781 5.00000000
-29.16511915 18.58377427 5.00000000
-29.13620524 18.56145364 5.00000000
-29.05865707 18.48512184 5.00000000
-28.94880742 18.34393312 5.00000000
-28.82534162 18.13194277 5.00000000
-28.70786226 17.84856451 5.00000000
-28.61538361 17.49861654 5.00000000
-28.56487111 17.09195252 5.00000000
-28.56993824 16.64270607 5.00000000
-28.63980076 16.16820654 5.00000000
-28.77856850 15.68764955 5.00000000
-28.98492936 15.22062413 5.00000000
-29.25224945 14.78560974 5.00000000
-29.56908190 14.39855845 5.00000000
-29.92004524 14.07167115 5.00000000
-30.28700381 13.81246185 5.00000000
-30.65045969 13.62318174 5.00000000
-30.99104920 13.50064739 5.00000000
-31.29102917 13.43648621 5.00000000
-31.53563866 13.41778029 5.00000000
-31.71423189 13.42805927 5.00000000
-31.82109507 13.44856593 5.00000000
-31.85588465 13.45969741 5.00000000
-32.03114077 13.45581041 5.00000000
-32.41312947 13.20564416 5.00000000
-32.62180031 12.68140939 5.00000000
-32.51621990 12.23716702 5.00000000
-32.39157525 12.11390497 5.00000000
-32.35865246 12.09808365 5.00000000
-32.26692863 12.03954306 5.00000000
-32.13012468 11.92427868 5.00000000
-31.96528162 11.74259080 5.00000000
-31.79145182 11.48983037 5.00000000
-31.62823577 11.16675699 5.00000000
-31.49427689 10.77948170 5.00000000
-31.40582970 10.33899884 5.00000000
-31.37551155 9.86034304 5.00000000
-31.41133347 9.36143593 5.00000000
-31.51608481 8.86171130 5.00000000
-31.68711874 8.38062405 5.00000000
-31.91655515 7.93615759 5.00000000
-32.19188541 7.54344418 5.00000000
-32.49693241 7.21360425 5.00000000
-32.81309235 6.95289363 5.00000000
-33.12076285 6.76222441 5.00000000
-33.40084767 6.63709597 5.00000000
-33.63622268 6.56794164 5.00000000
-33.81305034 6.54086438 5.00000000
-33.92184187 6.53870482 5.00000000
-33.95818559 6.54235989 5.00000000
-34.12880379 6.50212003 5.00000000
-34.45043263 6.17800060 5.00000000
-34.54554898 5.62183651 5.00000000
-34.34991256 5.20925330 5.00000000
-34.20236408 5.11459991 5.00000000
-34.16687129 5.10596935 5.00000000
-34.06498057 5.06777847 5.00000000
-33.90720131 4.98347603 5.00000000
-33.70818543 4.84003127 5.00000000
-33.48560238 4.62893551 5.00000000
-33.25878226 4.34685658 5.00000000
-33.04723164 3.99589580 5.00000000
-32.86913571 3.58342776 5.00000000
-32.73996194 3.12153522 5.00000000
-32.67127245 2.62608264 5.00000000
-32.66983612 2.11549917 5.00000000
-32.73710888 1.60936488 5.00000000
-32.86912179 1.12690856 5.00000000
-33.05678571 0.68553250 5.00000000
-33.28658912 0.29947752 5.00000000
-33.54163543 -0.02126929 5.00000000
-33.80294022 -0.27174022 5.00000000
-34.05088885 -0.45236722 5.00000000
-34.26674237 -0.56894757 5.00000000
-34.43407624 -0.63219767 5.00000000
-34.54004142 -0.65692907 5.00000000
-34.57635086 -0.66091015 5.00000000
-34.73487431 -0.73574420 5.00000000
-34.98208657 -1.11965123 5.00000000
-34.95949138 -1.68343760 5.00000000
-34.68234922 -2.04632978 5.00000000
-34.51834548 -2.10823772 5.00000000
-34.48183390 -2.10930031 5.00000000
-34.37422941 -2.12547236 5.00000000
-34.20237053 -2.17512843 5.00000000
-33.97787979 -2.27406086 5.00000000
-33.71627143 -2.43426605 5.00000000
-33.43576037 -2.66302232 5.00000000
-33.15586379 -2.96232991 5.00000000
-32.89590275 -3.32875632 5.00000000
-32.67351889 -3.75369865 5.00000000
-32.50332004 -4.22404306 5.00000000
-32.39575883 -4.72317043 5.00000000
-32.35633028 -5.23223127 5.00000000
-32.38515008 -5.73159178 5.00000000
-32.47694585 -6.20234024 5.00000000
-32.62146217 -6.62773780 5.00000000
-32.80424809 -6.99450264 5.00000000
-33.00776691 -7.29382850 5.00000000
-33.21274280 -7.52205979 5.00000000
-33.39964098 -7.68097105 5.00000000
-33.55016777 -7.77762964 5.00000000
-33.64867541 -7.82385200 5.00000000
-33.68336369 -7.83529525 5.00000000
-33.82286415 -7.94145287 5.00000000
-33.98485547 -8.36836893 5.00000000
-33.84553626 -8.91513742 5.00000000
-33.49900079 -9.21247844 5.00000000
-33.32570955 -9.23893524 5.00000000
-33.28977490 -9.23238343 5.00000000
-33.18115947 -9.22582985 5.00000000
-33.00273204 -9.23866935 5.00000000
-32.76257776 -9.28876561 5.00000000
-32.47337764 -9.39107850 5.00000000
-32.15143532 -9.55651436 5.00000000
-31.81542560 -9.79108760 5.00000000
-31.48496100 -10.09545777 5.00000000
-31.17908627 -10.46487789 5.00000000
-30.91481658 -10.88955781 5.00000000
-30.70583142 -11.35541482 5.00000000
-30.56142478 -11.84515380 5.00000000
-30.48579191 -12.33959406 5.00000000
-30.47770762 -12.81914095 5.00000000
-30.53062078 -13.26528919 5.00000000
-30.63315769 -13.66204266 5.00000000
-30.76999579 -13.99714148 5.00000000
-30.92304052 -14.26300224 5.00000000
-31.07281501 -14.45729923 5.00000000
-31.19995598 -14.58314188 5.00000000
-31.28670082 -14.64883506 5.00000000
-31.31825190 -14.66724035 5.00000000
-31.43263252 -14.80008194 5.00000000
-31.50232311 -15.25134876 5.00000000
-31.25236880 -15.75720294 5.00000000
-30.85158528 -15.97599757 5.00000000
-30.67658019 -15.96584696 5.00000000
-30.64279300 -15.95196709 5.00000000
-30.53791364 -15.92297430 5.00000000
-30.36071580 -15.89843608 5.00000000
-30.11539386 -15.89750673 5.00000000
-29.81124142 -15.93745575 5.00000000
-29.46193825 -16.03234087 5.00000000
-29.08450064 -16.19192777 5.00000000
-28.69797536 -16.42093927 5.00000000
-28.32197798 -16.71869174 5.00000000
-27.97518728 -17.07914663 5.00000000
-27.67391184 -17.49137309 5.00000000
-27.43083837 -17.94038627 5.00000000
-27.25405835 -18.40829687 5.00000000
-27.14644732 -18.87568369 5.00000000
-27.10544476 -19.32308378 5.00000000
-27.12325131 -19.73248586 5.00000000
-27.18742821 -20.08871220 5.00000000
-27.28185298 -20.38058306 5.00000000
-27.38795792 -20.60177406 5.00000000
-27.48615639 -20.75130085 5.00000000
-27.55734728 -20.83359374 5.00000000
-27.58438221 -20.85815666 5.00000000
-27.66864403 -21.01187642 5.00000000
-27.64298806 -21.46777146 5.00000000
-27.29332285 -21.91060309 5.00000000
-26.85580745 -22.04128896 5.00000000
-26.68673707 -21.99497455 5.00000000
-26.65657400 -21.97437324 5.00000000
-26.56001445 -21.92420836 5.00000000
-26.39179059 -21.86336486 5.00000000
-26.15202275 -21.81145052 5.00000000
-25.84621089 -21.78728971 5.00000000
-25.48481312 -21.80747716 5.00000000
-25.08244344 -21.88510301 5.00000000
-24.65675050 -22.02874693 5.00000000
-24.22706334 -22.24181854 5.00000000
-23.81290807 -22.52229479 5.00000000
-23.43250952 -22.86287442 5.00000000
-23.10139270 -23.25153777 5.00000000
-22.83119166 -23.67246877 5.00000000
-22.62875700 -24.10726847 5.00000000
-22.49563074 -24.53636689 5.00000000
-22.42792869 -24.94052474 5.00000000
-22.41663955 -25.30230981 5.00000000
-22.44831755 -25.60743461 5.00000000
-22.50611565 -25.84585251 5.00000000
-22.57107989 -26.01252838 5.00000000
-22.62360542 -26.10782440 5.00000000
-22.64494266 -26.13747144 5.00000000
-22.69540302 -26.30535107 5.00000000
-22.57552178 -26.74594953 5.00000000
-22.14142772 -27.10640475 5.00000000
-21.68630197 -27.14327025 5.00000000
-21.53055549 -27.06281621 5.00000000
-21.50533481 -27.03639383 5.00000000
-21.42131518 -26.96724932 5.00000000
-21.26941749 -26.87275969 5.00000000
-21.04568275 -26.77212927 5.00000000
-20.75157693 -26.68491457 5.00000000
-20.39387936 -26.62952204 5.00000000
-19.98416310 -26.62179422 5.00000000
-19.53790732 -26.67379264 5.00000000
-19.07330977 -26.79287115 5.00000000
-18.60989050 -26.98111059 5.00000000
-18.16699408 -27.23515843 5.00000000
-17.76230531 -27.54648550 5.00000000
-17.41049233 -27.90204019 5.00000000
-17.12208142 -28.28524994 5.00000000
-16.90264971 -28.67729302 5.00000000
-16.75239797 -29.05854301 5.00000000
-16.66613618 -29.41007507 5.00000000
-16.63368292 -29.71511838 5.00000000
-16.64064813 -29.96034318 5.00000000
-16.66953888 -30.13688361 5.00000000
-16.70110345 -30.24101785 5.00000000
-16.71581045 -30.27445329 5.00000000
-16.73026399 -30.44915565 5.00000000
-16.52139688 -30.85520127 5.00000000
-16.02184596 -31.11752644 5.00000000
-15.56900103 -31.05896038 5.00000000
-15.43338532 -30.94788295 5.00000000
-15.41420929 -30.91679428 5.00000000
-15.34640165 -30.83169208 5.00000000
-15.21746879 -30.70768597 5.00000000
-15.01954542 -30.56273749 5.00000000
-14.74999948 -30.41628061 5.00000000
-14.41163521 -30.28772904 5.00000000
-14.01247894 -30.19498528 5.00000000
-13.56516384 -30.15306562 5.00000000
-13.08596105 -30.17294671 5.00000000
-12.59353142 -30.26072239 5.00000000
-12.10749384 -30.41713534 5.00000000
-11.64691995 -30.63751963 5.00000000
-11.22887095 -30.91215857 5.00000000
-10.86708872 -31.22703027 5.00000000
-10.57094178 -31.56488385 5.00000000
-10.34470707 -31.90656351 5.00000000
-10.18724268 -32.23247892 5.00000000
-10.09207654 -32.52410889 5.00000000
-10.04790444 -32.76542309 5.00000000
-10.03945903 -32.94411241 5.00000000
-10.04868311 -33.05253371 5.00000000
-10.05611711 -33.08829627 5.00000000
-10.03393215 -33.26218602 5.00000000
-9.74520765 -33.61593265 5.00000000
-9.20203265 -33.76866292 5.00000000
-8.77126004 -33.61722490 5.00000000
-8.66170215 -33.48037869 5.00000000
-8.64940886 -33.44598247 5.00000000
-8.60077672 -33.34864195 5.00000000
-8.50044367 -33.20053902 5.00000000
-8.33698189 -33.01760744 5.00000000
-8.10377627 -32.81830923 5.00000000
-7.79953345 -32.62221693 5.00000000
-7.42838221 -32.44851060 5.00000000
-6.99955761 -32.31450494 5.00000000
-6.52669304 -32.23431972 5.00000000
-6.02677459 -32.21779541 5.00000000
-5.51883801 -32.26973746 5.00000000
-5.02250829 -32.38954714 5.00000000
-4.55649402 -32.57126728 5.00000000
-4.13715209 -32.80403952 5.00000000
-3.77723296 -33.07293778 5.00000000
-3.48490284 -33.36011409 5.00000000
-3.26311780 -33.64616877 5.00000000
-3.10939798 -33.91163977 5.00000000
-3.01601910 -34.13849678 5.00000000
-2.97060665 -34.31152541 5.00000000
-2.95708711 -34.41949524 5.00000000
-2.95692320 -34.45602192 5.00000000
-2.89906932 -34.62149924 5.00000000
-2.54310609 -34.90748647 5.00000000
-1.98004636 -34.94394678 5.00000000
-1.59017289 -34.70625539 5.00000000
-1.51146104 -34.54962122 5.00000000
-1.50658776 -34.51342073 5.00000000
-1.47925658 -34.40809614 5.00000000
-1.41190838 -34.24236920 5.00000000
-1.29005225 -34.02944950 5.00000000
-1.10337916 -33.78602026 5.00000000
-0.84655465 -33.53095741 5.00000000
-0.51962953 -33.28388029 5.00000000
-0.12803712 -33.06364534 5.00000000
0.31782278 -32.88689828 5.00000000
0.80338122 -32.76679618 5.00000000
1.31101752 -32.71199722 5.00000000
1.82141107 -32.72599601 5.00000000
2.31502355 -32.80685532 5.00000000
2.77359793 -32.94735484 5.00000000
3.18155905 -33.13554563 5.00000000
3.52720838 -33.35566759 5.00000000
3.80362099 -33.58935959 5.00000000
4.00917619 -33.81706927 5.00000000
4.14768074 -34.01955435 5.00000000
4.22807550 -34.17936011 5.00000000
4.26374779 -34.28215967 5.00000000
4.27150244 -34.31785407 5.00000000
4.36249675 -34.46768682 5.00000000
4.77014142 -34.67341562 5.00000000
5.32847747 -34.59201249 5.00000000
5.66041244 -34.27845597 5.00000000
5.70483818 -34.10887953 5.00000000
5.70207846 -34.07245689 5.00000000
5.70691418 -33.96375142 5.00000000
5.73833408 -33.78764353 5.00000000
5.81325887 -33.55404132 5.00000000
5.94524092 -33.27712008 5.00000000
6.14342265 -32.97423415 5.00000000
6.41183345 -32.66458471 5.00000000
6.74907921 -32.36774577 5.00000000
7.14844822 -32.10216158 5.00000000
7.59842540 -31.88373072 5.00000000
8.08357529 -31.72458573 5.00000000
8.58572604 -31.63216182 5.00000000
9.08536350 -31.60862636 5.00000000
9.56312841 -31.65071265 5.00000000
10.00130167 -31.74997114 5.00000000
10.38516366 -31.89341837 5.00000000
10.70412330 -32.06453422 5.00000000
10.95253012 -32.24453057 5.00000000
11.13010703 -32.41379415 5.00000000
11.24197045 -32.55339276 5.00000000
11.29823646 -32.64652922 5.00000000
11.31324293 -32.67983133 5.00000000
11.43340077 -32.80747109 5.00000000
11.87491085 -32.92395013 5.00000000
12.40412125 -32.72824126 5.00000000
12.66361059 -32.35252355 5.00000000
12.67180859 -32.17741612 5.00000000
12.66153648 -32.14236318 5.00000000
12.64366539 -32.03502779 5.00000000
12.63778381 -31.85623572 5.00000000
12.66250268 -31.61216053 5.00000000
12.73402545 -31.31385007 5.00000000
12.86490290 -30.97637863 5.00000000
13.06306854 -30.61769003 5.00000000
13.33122838 -30.25722040 5.00000000
13.66665217 -29.91440637 5.00000000
14.06138194 -29.60719323 5.00000000
14.50284204 -29.35065760 5.00000000
14.97480357 -29.15585038 5.00000000
15.45862946 -29.02894875 5.00000000
15.93470429 -28.97078245 5.00000000
16.38393942 -28.97677055 5.00000000
16.78923746 -29.03727372 5.00000000
17.13680405 -29.13833485 5.00000000
17.41720593 -29.26275116 5.00000000
17.62609423 -29.39139561 5.00000000
17.76453736 -29.50468594 5.00000000
17.83893797 -29.58408878 5.00000000
17.86054041 -29.61354314 5.00000000
18.00461032 -29.71341145 5.00000000
18.46068970 -29.73555003 5.00000000
18.93764542 -29.43408884 5.00000000
19.11334819 -29.01263059 5.00000000
19.08496016 -28.83964523 5.00000000
19.06762461 -28.80749397 5.00000000
19.02782776 -28.70621972 5.00000000
18.98490175 -28.53255753 5.00000000
18.95833437 -28.28867664 5.00000000
18.96627195 -27.98201456 5.00000000
19.02412516 -27.62470672 5.00000000
19.14338485 -27.23265537 5.00000000
19.33073891 -26.82430930 5.00000000
19.58755784 -26.41924806 5.00000000
19.90978862 -26.03667933 5.00000000
20.28826499 -25.69396491 5.00000000
20.70941034 -25.40528836 5.00000000
21.15627913 -25.18056678 5.00000000
21.60985714 -25.02469003 5.00000000
22.05052039 -24.93714604 5.00000000
22.45954101 -24.91206088 5.00000000
22.82052423 -24.93865042 5.00000000
23.12066626 -25.00204910 5.00000000
23.35173654 -25.08445204 5.00000000
23.51070874 -25.16648277 5.00000000
23.59999229 -25.22868171 5.00000000
23.62724658 -25.25300102 5.00000000
23.78893200 -25.32073315 5.00000000
24.23964782 -25.24756371 5.00000000
24.64350361 -24.85352550 5.00000000
24.72774075 -24.40474647 5.00000000
24.66400740 -24.24144345 5.00000000
24.64036604 -24.21359904 5.00000000
24.58038275 -24.12281211 5.00000000
24.50228837 -23.96186967 5.00000000
24.42559587 -23.72884183 5.00000000
24.36960137 -23.42723073 5.00000000
24.35190187 -23.06570257 5.00000000
24.38704339 -22.65742300 5.00000000
24.48540339 -22.21904718 5.00000000
24.65239324 -21.76944184 5.00000000
24.88804199 -21.32823760 5.00000000
25.18699341 -20.91432265 5.00000000
25.53891649 -20.54439334 5.00000000
25.92929789 -20.23167322 5.00000000
26.34055553 -19.98489857 5.00000000
26.75338781 -19.80764859 5.00000000
27.14825485 -19.69807143 5.00000000
27.50687800 -19.64902729 5.00000000
27.81364254 -19.64863753 5.00000000
28.05679591 -19.68119755 5.00000000
28.22934933 -19.72838353 5.00000000
28.32961371 -19.77066018 5.00000000
28.36132869 -19.78878157 5.00000000
28.53356320 -19.82141730 5.00000000
28.95921702 -19.65613771 5.00000000
29.27232244 -19.18674383 5.00000000
29.26141239 -18.73025781 5.00000000
29.16511915 -18.58377427 5.00000000
29.13620524 -18.56145364 5.00000000
29.05865707 -18.48512184 5.00000000
28.94880742 -18.34393312 5.00000000
28.82534162 -18.13194277 5.00000000
28.70786226 -17.84856451 5.00000000
28.61538361 -17.49861654 5.00000000
28.56487111 -17.09195252 5.00000000
28.56993824 -16.64270607 5.00000000
28.63980076 -16.16820654 5.00000000
28.77856850 -15.68764955 5.00000000
28.98492936 -15.22062413 5.00000000
29.25224945 -14.78560974 5.00000000
29.56908190 -14.39855845 5.00000000
29.92004524 -14.07167115 5.00000000
30.28700381 -13.81246185 5.00000000
30.65045969 -13.62318174 5.00000000
30.99104920 -13.50064739 5.00000000
31.29102917 -13.43648621 5.00000000
31.53563866 -13.41778029 5.00000000
31.71423189 -13.42805927 5.00000000
31.82109507 -13.44856593 5.00000000
31.85588465 -13.45969741 5.00000000
32.03114077 -13.45581041 5.00000000
32.41312947 -13.20564416 5.00000000
32.62180031 -12.68140939 5.00000000
32.51621990 -12.23716702 5.00000000
32.39157525 -12.11390497 5.00000000
32.35865246 -12.09808365 5.00000000
32.26692863 -12.03954306 5.00000000
32.13012468 -11.92427868 5.00000000
31.96528162 -11.74259080 5.00000000
31.79145182 -11.48983037 5.00000000
31.62823577 -11.16675699 5.00000000
31.49427689 -10.77948170 5.00000000
31.40582970 -10.33899884 5.00000000
31.37551155 -9.86034304 5.00000000
31.41133347 -9.36143593 5.00000000
31.51608481 -8.86171130 5.00000000
31.68711874 -8.38062405 5.00000000
31.91655515 -7.93615759 5.00000000
32.19188541 -7.54344418 5.00000000
32.49693241 -7.21360425 5.00000000
32.81309235 -6.95289363 5.00000000
33.12076285 -6.76222441 5.00000000
33.40084767 -6.63709597 5.00000000
33.63622268 -6.56794164 5.00000000
33.81305034 -6.54086438 5.00000000
33.92184187 -6.53870482 5.00000000
33.95818559 -6.54235989 5.00000000
34.12880379 -6.50212003 5.00000000
34.45043263 -6.17800060 5.00000000
34.54554898 -5.62183651 5.00000000
34.34991256 -5.20925330 5.00000000
34.20236408 -5.11459991 5.00000000
34.16687129 -5.10596935 5.00000000
34.06498057 -5.06777847 5.00000000
33.90720131 -4.98347603 5.00000000
33.70818543 -4.84003127 5.00000000
33.48560238 -4.62893551 5.00000000
33.25878226 -4.34685658 5.00000000
33.04723164 -3.99589580 5.00000000
32.86913571 -3.58342776 5.00000000
32.73996194 -3.12153522 5.00000000
32.67127245 -2.62608264 5.00000000
32.66983612 -2.11549917 5.00000000
32.73710888 -1.60936488 5.00000000
32.86912179 -1.12690856 5.00000000
33.05678571 -0.68553250 5.00000000
33.28658912 -0.29947752 5.00000000
33.54163543 0.02126929 5.00000000
33.80294022 0.27174022 5.00000000
34.05088885 0.45236722 5.00000000
34.26674237 0.56894757 5.00000000
34.43407624 0.63219767 5.00000000
34.54004142 0.65692907 5.00000000
34.57635086 0.66091015 5.00000000
