34.49664954 -2.43762422 5.00000000
34.66123672 -2.37728454 5.00000000
34.94183012 -2.01705425 5.00000000
34.96980570 -1.45350924 5.00000000
34.72626915 -1.06726002 5.00000000
34.56846722 -0.99091625 5.00000000
34.53219743 -0.98658877 5.00000000
34.42647314 -0.96084705 5.00000000
34.25975063 -0.89600260 5.00000000
34.04501973 -0.77736721 5.00000000
33.79880650 -0.59438173 5.00000000
33.53990439 -0.34142802 5.00000000
33.28793128 -0.01826137 5.00000000
33.06182329 0.36996953 5.00000000
32.87838091 0.81311676 5.00000000
32.75097913 1.29681118 5.00000000
32.68854056 1.80356454 5.00000000
32.69485041 2.31411105 5.00000000
32.76826594 2.80888541 5.00000000
32.90184265 3.26952391 5.00000000
33.08386754 3.68027322 5.00000000
33.29875849 4.02919873 5.00000000
33.52826076 4.30909977 5.00000000
33.75284862 4.51806133 5.00000000
33.95322462 4.65959992 5.00000000
34.11180138 4.74239249 5.00000000
34.21405200 4.77960907 5.00000000
34.24962555 4.78790046 5.00000000
34.39807079 4.88114116 5.00000000
34.59763646 5.29183820 5.00000000
34.50783311 5.84888486 5.00000000
34.18931268 6.17605951 5.00000000
34.01908635 6.21792611 5.00000000
33.98270941 6.21461812 5.00000000
33.87394344 6.21781601 5.00000000
33.69738229 6.24657988 5.00000000
33.46267809 6.31797774 5.00000000
33.18380040 6.44577394 5.00000000
32.87796389 6.63937123 5.00000000
32.56430687 6.90308776 5.00000000
32.26242213 7.23582439 5.00000000
31.99085292 7.63114797 5.00000000
31.76566945 8.07778419 5.00000000
31.59923537 8.56048207 5.00000000
31.49925874 9.06118380 5.00000000
31.46820060 9.56041010 5.00000000
31.50308620 10.03875471 5.00000000
31.59573383 10.47837326 5.00000000
31.73338321 10.86435225 5.00000000
31.89967560 11.18585299 5.00000000
32.07591012 11.43694268 5.00000000
32.24247990 11.61704882 5.00000000
32.38037784 11.73100214 5.00000000
32.47265627 11.78866455 5.00000000
32.50572858 11.80417090 5.00000000
32.63154410 11.92623758 5.00000000
32.74136006 12.36945194 5.00000000
32.53770262 12.89565462 5.00000000
32.15811920 13.14945560 5.00000000
31.98290816 13.15501527 5.00000000
31.94801391 13.14421637 5.00000000
31.84095986 13.12473067 5.00000000
31.66227666 13.11615685 5.00000000
31.41785686 13.13719675 5.00000000
31.11850298 13.20421836 5.00000000
30.77909859 13.32999811 5.00000000
30.41746598 13.52273883 5.00000000
30.05299832 13.78543900 5.00000000
29.70517115 14.11566140 5.00000000
29.39204759 14.50571927 5.00000000
29.12889196 14.94326545 5.00000000
28.92699832 15.41223934 5.00000000
28.79282388 15.89409899 5.00000000
28.72749372 16.36924375 5.00000000
28.72671494 16.81851811 5.00000000
28.78110680 17.22468145 5.00000000
28.87692154 17.57373076 5.00000000
28.99710044 17.85597475 5.00000000
29.12258410 18.06677695 5.00000000
29.23377640 18.20691071 5.00000000
29.31204964 18.28249881 5.00000000
29.34117529 18.30454244 5.00000000
29.43886235 18.45010018 5.00000000
29.45412912 18.90646127 5.00000000
29.14551840 19.37882239 5.00000000
28.72146159 19.54815738 5.00000000
28.54892341 19.51716714 5.00000000
28.51703691 19.49934930 5.00000000
28.41637355 19.45803161 5.00000000
28.24337760 19.41249483 5.00000000
27.99992451 19.38225723 5.00000000
27.69317767 19.38557508 5.00000000
27.33503900 19.43804009 5.00000000
26.94123587 19.55138133 5.00000000
26.53011427 19.73256378 5.00000000
26.12123086 19.98325269 5.00000000
25.73385221 20.29968482 5.00000000
25.38547619 20.67295643 5.00000000
25.09048927 21.08970606 5.00000000
24.85906261 21.53313949 5.00000000
24.69637191 21.98431829 5.00000000
24.60220075 22.42361301 5.00000000
24.57095792 22.83220941 5.00000000
24.59210745 23.19355216 5.00000000
24.65097832 23.49461504 5.00000000
24.72989162 23.72690022 5.00000000
24.80951866 23.88708990 5.00000000
24.87036579 23.97730015 5.00000000
24.89427185 24.00491763 5.00000000
24.95956105 24.16760487 5.00000000
24.87961140 24.61716751 5.00000000
24.47953516 25.01504264 5.00000000
24.02953829 25.09251088 5.00000000
23.86721372 25.02632515 5.00000000
23.83972855 25.00226709 5.00000000
23.74985536 24.94092321 5.00000000
23.59010741 24.86041363 5.00000000
23.35826111 24.78022005 5.00000000
23.05752760 24.71968915 5.00000000
22.69630703 24.69654646 5.00000000
22.28754448 24.72553464 5.00000000
21.84773692 24.81728083 5.00000000
21.39566744 24.97747995 5.00000000
20.95096401 25.20645672 5.00000000
20.53259331 25.49914001 5.00000000
20.15740543 25.84545143 5.00000000
19.83884100 26.23107847 5.00000000
19.58590015 26.63857263 5.00000000
19.40245235 27.04868842 5.00000000
19.28694027 27.44186026 5.00000000
19.23250025 27.79970404 5.00000000
19.22749016 28.10642791 5.00000000
19.25638421 28.35004411 5.00000000
19.30096590 28.52328865 5.00000000
19.34172761 28.62417842 5.00000000
19.35936926 28.65616274 5.00000000
19.38940716 28.82886926 5.00000000
19.21773528 29.25198541 5.00000000
18.74367878 29.55798548 5.00000000
18.28740886 29.54020125 5.00000000
18.14239226 29.44171266 5.00000000
18.12050965 29.41246584 5.00000000
18.04535452 29.33377678 5.00000000
17.90583633 29.22181307 5.00000000
17.69572961 29.09516835 5.00000000
17.41415293 28.97343418 5.00000000
17.06563753 28.87569523 5.00000000
16.65978045 28.81906344 5.00000000
16.21050863 28.81736363 5.00000000
15.73501069 28.88007148 5.00000000
15.25241814 29.01158552 5.00000000
14.78233757 29.21088881 5.00000000
14.34334625 29.47162655 5.00000000
13.95156685 29.78259345 5.00000000
13.61943056 30.12859352 5.00000000
13.35472367 30.49160635 5.00000000
13.15999079 30.85217014 5.00000000
13.03234051 31.19087545 5.00000000
12.96366842 31.48985502 5.00000000
12.94128041 31.73415502 5.00000000
12.94886832 31.91288281 5.00000000
12.96776312 32.02004273 5.00000000
12.97836935 32.05499603 5.00000000
12.97184314 32.23017372 5.00000000
12.71595191 32.60835118 5.00000000
12.18863369 32.80910253 5.00000000
11.74603191 32.69684308 5.00000000
11.62466120 32.57035605 5.00000000
11.60933754 32.53719869 5.00000000
11.55218510 32.44460355 5.00000000
11.43899428 32.30607905 5.00000000
11.25980982 32.13851818 5.00000000
11.00969622 31.96090111 5.00000000
10.68911779 31.79283757 5.00000000
10.30390406 31.65306088 5.00000000
9.86480333 31.55798935 5.00000000
9.38665846 31.52046531 5.00000000
8.88726841 31.54876881 5.00000000
8.38602274 31.64598160 5.00000000
7.90241402 31.80975017 5.00000000
7.45454228 32.03246618 5.00000000
7.05772650 32.30185030 5.00000000
6.72332948 32.60189478 5.00000000
6.45788656 32.91409213 5.00000000
6.26260495 33.21885594 5.00000000
6.13327216 33.49702435 5.00000000
6.06058055 33.73133109 5.00000000
6.03084305 33.90773086 5.00000000
6.02704516 34.01647753 5.00000000
6.03015242 34.05287217 5.00000000
5.98734733 34.22286494 5.00000000
5.65842042 34.53957554 5.00000000
5.10088681 34.62630436 5.00000000
4.69129700 34.42447596 5.00000000
4.59887667 34.27551859 5.00000000
4.59078166 34.23989983 5.00000000
4.55412976 34.13744546 5.00000000
4.47221329 33.97841435 5.00000000
4.33178230 33.77726055 5.00000000
4.12406295 33.55152329 5.00000000
3.84543230 33.32048034 5.00000000
3.49769763 33.10366768 5.00000000
3.08795878 32.91937951 5.00000000
2.62806421 32.78326354 5.00000000
2.13370241 32.70711952 5.00000000
1.62319848 32.69799314 5.00000000
1.11610837 32.75763507 5.00000000
0.63171844 32.88236643 5.00000000
0.18756593 33.06336123 5.00000000
-0.20190647 33.28732395 5.00000000
-0.52645831 33.53751036 5.00000000
-0.78083650 33.79501302 5.00000000
-0.96517752 34.04021299 5.00000000
-1.08499575 34.25428612 5.00000000
-1.15075899 34.42064836 5.00000000
-1.17708360 34.52622903 5.00000000
-1.18161111 34.56247440 5.00000000
-1.25882428 34.71985274 5.00000000
-1.64641119 34.96125470 5.00000000
-2.20979329 34.93017054 5.00000000
-2.56847009 34.64759406 5.00000000
-2.62790085 34.48267650 5.00000000
-2.62841340 34.44615305 5.00000000
-2.64296291 34.33831719 5.00000000
-2.69002488 34.16572990 5.00000000
-2.78556488 33.93977455 5.00000000
-2.94181166 33.67578291 5.00000000
-3.16631702 33.39185823 5.00000000
-3.46137497 33.10748534 5.00000000
-3.82384438 32.84203481 5.00000000
-4.24538905 32.61327585 5.00000000
-4.71311663 32.43601216 5.00000000
-5.21056734 32.32094548 5.00000000
-5.71897657 32.27385413 5.00000000
-6.21871452 32.29514948 5.00000000
-6.69079217 32.37984460 5.00000000
-7.11831813 32.51793735 5.00000000
-7.48779441 32.69517846 5.00000000
-7.79015165 32.89416586 5.00000000
-8.02144431 33.09568097 5.00000000
-8.18315254 33.28016449 5.00000000
-8.28206735 33.42921837 5.00000000
-8.32976815 33.52701865 5.00000000
-8.34173256 33.56153064 5.00000000
-8.44997924 33.69941637 5.00000000
-8.87928673 33.85495927 5.00000000
-9.42389482 33.70742064 5.00000000
-9.71598272 33.35644604 5.00000000
-9.73982648 33.18277597 5.00000000
-9.73273418 33.14694409 5.00000000
-9.72454541 33.03843968 5.00000000
-9.73469605 32.85983911 5.00000000
-9.78116952 32.61895754 5.00000000
-9.87911498 32.32824922 5.00000000
-10.03968310 32.00385169 5.00000000
-10.26916888 31.66434703 5.00000000
-10.56852719 31.32933561 5.00000000
-10.93329844 31.01793151 5.00000000
-11.35394986 30.74729542 5.00000000
-11.81660637 30.53131741 5.00000000
-12.30411479 30.37955089 5.00000000
-12.79735982 30.29647953 5.00000000
-13.27673055 30.28117340 5.00000000
-13.72362514 30.32736084 5.00000000
-14.12187797 30.42391037 5.00000000
-14.45899979 30.55568582 5.00000000
-14.72713550 30.70470889 5.00000000
-14.92366629 30.85153996 5.00000000
-15.05140962 30.97677111 5.00000000
-15.11840187 31.06251667 5.00000000
-15.13728027 31.09378695 5.00000000
-15.27182956 31.20615380 5.00000000
-15.72409484 31.26903966 5.00000000
-16.22612693 31.01149472 5.00000000
-16.43886029 30.60746127 5.00000000
-16.42607496 30.43262891 5.00000000
-16.41168778 30.39905461 5.00000000
-16.38111862 30.29462383 5.00000000
-16.35391430 30.11781567 5.00000000
-16.34929011 29.87253556 5.00000000
-16.38465357 29.56781591 5.00000000
-16.47426686 29.21712325 5.00000000
-16.62815083 28.83732481 5.00000000
-16.85131465 28.44739410 5.00000000
-17.14337022 28.06695472 5.00000000
-17.49856099 27.71477434 5.00000000
-17.90620299 27.40732427 5.00000000
-18.35150416 27.15751551 5.00000000
-18.81669909 26.97370804 5.00000000
-19.28241209 26.85906961 5.00000000
-19.72914387 26.81133313 5.00000000
-20.13876770 26.82297140 5.00000000
-20.49592025 26.88177568 5.00000000
-20.78918020 26.97179369 5.00000000
-21.01194422 27.07455510 5.00000000
-21.16293307 27.17049032 5.00000000
-21.24628887 27.24043366 5.00000000
-21.27125620 27.26709557 5.00000000
-21.42622764 27.34903256 5.00000000
-21.88168455 27.31651298 5.00000000
-22.31919942 26.96021767 5.00000000
-22.44328077 26.52078357 5.00000000
-22.39442515 26.35242994 5.00000000
-22.37337187 26.32258058 5.00000000
-22.32175834 26.22678754 5.00000000
-22.25838801 26.05949917 5.00000000
-22.20286827 25.82054043 5.00000000
-22.17410418 25.51512717 5.00000000
-22.18884610 25.15346633 5.00000000
-22.26040280 24.74997312 5.00000000
-22.39761880 24.32216496 5.00000000
-22.60419446 23.88931733 5.00000000
-22.87840104 23.47098462 5.00000000
-23.21321262 23.08549953 5.00000000
-23.59684473 22.74856637 5.00000000
-24.01365831 22.47205608 5.00000000
-24.44535970 22.26309560 5.00000000
-24.87240435 22.12352152 5.00000000
-25.27549665 22.04973988 5.00000000
-25.63707065 22.03300295 5.00000000
-25.94263796 22.06008168 5.00000000
-26.18189935 22.11428227 5.00000000
-26.34953479 22.17672872 5.00000000
-26.44561111 22.22781298 5.00000000
-26.47557616 22.24870127 5.00000000
-26.64419676 22.29662736 5.00000000
-27.08293964 22.17012360 5.00000000
-27.43681581 21.73064974 5.00000000
-27.46682219 21.27502036 5.00000000
-27.38403149 21.12050332 5.00000000
-27.35723225 21.09568346 5.00000000
-27.28683011 21.01271479 5.00000000
-27.19006336 20.86225750 5.00000000
-27.08607455 20.64006379 5.00000000
-26.99444003 20.34730493 5.00000000
-26.93366629 19.99048223 5.00000000
-26.91976835 19.58092884 5.00000000
-26.96503954 19.13394050 5.00000000
-27.07710694 18.66760214 5.00000000
-27.25834519 18.20140025 5.00000000
-27.50569347 17.75472769 5.00000000
-27.81088996 17.34539573 5.00000000
-28.16110544 16.98826743 5.00000000
-28.53992779 16.69411747 5.00000000
-28.92862140 16.46880585 5.00000000
-29.30756511 16.31282891 5.00000000
-29.65775805 16.22128226 5.00000000
-29.96227796 16.18423824 5.00000000
-30.20757985 16.18750918 5.00000000
-30.38453540 16.21373766 5.00000000
-30.48913324 16.24373022 5.00000000
-30.52278640 16.25793196 5.00000000
-30.69768663 16.26975256 5.00000000
-31.10054031 16.05479343 5.00000000
-31.35531169 15.55134814 5.00000000
-31.28993168 15.09943668 5.00000000
-31.17682426 14.96550936 5.00000000
-31.14545030 14.94680375 5.00000000
-31.05933646 14.88028557 5.00000000
-30.93340247 14.75323507 5.00000000
-30.78548940 14.55751732 5.00000000
-30.63498932 14.29020783 5.00000000
-30.50135602 13.95381814 5.00000000
-30.40261085 13.55610401 5.00000000
-30.35395865 13.10947103 5.00000000
-30.36661991 12.63002316 5.00000000
-30.44696884 12.13632735 5.00000000
-30.59604353 11.64798906 5.00000000
-30.80946584 11.18414807 5.00000000
-31.07777713 10.76200998 5.00000000
-31.38716408 10.39552631 5.00000000
-31.72051889 10.09432434 5.00000000
-32.05875233 9.86296905 5.00000000
-32.38225910 9.70061371 5.00000000
-32.67242263 9.60106594 5.00000000
-32.91304416 9.55326426 5.00000000
-33.09158601 9.54212846 5.00000000
-33.20013394 9.54971850 5.00000000
-33.23600441 9.55661301 5.00000000
-33.40954029 9.53181150 5.00000000
-33.75889814 9.23779176 5.00000000
-33.90342998 8.69237801 5.00000000
-33.74552101 8.26393516 5.00000000
-33.60704020 8.15645083 5.00000000
-33.57246273 8.14467699 5.00000000
-33.47440077 8.09751647 5.00000000
-33.32480346 7.99942548 5.00000000
-33.13943063 7.83873749 5.00000000
-32.93664258 7.60856007 5.00000000
-32.73599013 7.30730523 5.00000000
-32.55671336 6.93881239 5.00000000
-32.41626411 6.51205477 5.00000000
-32.32896588 6.04045156 5.00000000
-32.30491386 5.54083870 5.00000000
-32.34919967 5.03217741 5.00000000
-32.46152023 4.53409946 5.00000000
-32.63620083 4.06540106 5.00000000
-32.86263069 3.64260077 5.00000000
-33.12607748 3.27867242 5.00000000
-33.40881825 2.98205011 5.00000000
-33.69150004 2.75598178 5.00000000
-33.95462566 2.59828098 5.00000000
-34.18005050 2.50149586 5.00000000
-34.35237552 2.45348246 5.00000000
-34.46012948 2.43833825 5.00000000
-34.49664954 2.43762422 5.00000000
-34.66123672 2.37728454 5.00000000
-34.94183012 2.01705425 5.00000000
-34.96980570 1.45350924 5.00000000
-34.72626915 1.06726002 5.00000000
-34.56846722 0.99091625 5.00000000
-34.53219743 0.98658877 5.00000000
-34.42647314 0.96084705 5.00000000
-34.25975063 0.89600260 5.00000000
-34.04501973 0.77736721 5.00000000
-33.79880650 0.59438173 5.00000000
-33.53990439 0.34142802 5.00000000
-33.28793128 0.01826137 5.00000000
-33.06182329 -0.36996953 5.00000000
-32.87838091 -0.81311676 5.00000000
-32.75097913 -1.29681118 5.00000000
-32.68854056 -1.80356454 5.00000000
-32.69485041 -2.31411105 5.00000000
-32.76826594 -2.80888541 5.00000000
-32.90184265 -3.26952391 5.00000000
-33.08386754 -3.68027322 5.00000000
-33.29875849 -4.02919873 5.00000000
-33.52826076 -4.30909977 5.00000000
-33.75284862 -4.51806133 5.00000000
-33.95322462 -4.65959992 5.00000000
-34.11180138 -4.74239249 5.00000000
-34.21405200 -4.77960907 5.00000000
-34.24962555 -4.78790046 5.00000000
-34.39807079 -4.88114116 5.00000000
-34.59763646 -5.29183820 5.00000000
-34.50783311 -5.84888486 5.00000000
-34.18931268 -6.17605951 5.00000000
-34.01908635 -6.21792611 5.00000000
-33.98270941 -6.21461812 5.00000000
-33.87394344 -6.21781601 5.00000000
-33.69738229 -6.24657988 5.00000000
-33.46267809 -6.31797774 5.00000000
-33.18380040 -6.44577394 5.00000000
-32.87796389 -6.63937123 5.00000000
-32.56430687 -6.90308776 5.00000000
-32.26242213 -7.23582439 5.00000000
-31.99085292 -7.63114797 5.00000000
-31.76566945 -8.07778419 5.00000000
-31.59923537 -8.56048207 5.00000000
-31.49925874 -9.06118380 5.00000000
-31.46820060 -9.56041010 5.00000000
-31.50308620 -10.03875471 5.00000000
-31.59573383 -10.47837326 5.00000000
-31.73338321 -10.86435225 5.00000000
-31.89967560 -11.18585299 5.00000000
-32.07591012 -11.43694268 5.00000000
-32.24247990 -11.61704882 5.00000000
-32.38037784 -11.73100214 5.00000000
-32.47265627 -11.78866455 5.00000000
-32.50572858 -11.80417090 5.00000000
-32.63154410 -11.92623758 5.00000000
-32.74136006 -12.36945194 5.00000000
-32.53770262 -12.89565462 5.00000000
-32.15811920 -13.14945560 5.00000000
-31.98290816 -13.15501527 5.00000000
-31.94801391 -13.14421637 5.00000000
-31.84095986 -13.12473067 5.00000000
-31.66227666 -13.11615685 5.00000000
-31.41785686 -13.13719675 5.00000000
-31.11850298 -13.20421836 5.00000000
-30.77909859 -13.32999811 5.00000000
-30.41746598 -13.52273883 5.00000000
-30.05299832 -13.78543900 5.00000000
-29.70517115 -14.11566140 5.00000000
-29.39204759 -14.50571927 5.00000000
-29.12889196 -14.94326545 5.00000000
-28.92699832 -15.41223934 5.00000000
-28.79282388 -15.89409899 5.00000000
-28.72749372 -16.36924375 5.00000000
-28.72671494 -16.81851811 5.00000000
-28.78110680 -17.22468145 5.00000000
-28.87692154 -17.57373076 5.00000000
-28.99710044 -17.85597475 5.00000000
-29.12258410 -18.06677695 5.00000000
-29.23377640 -18.20691071 5.00000000
-29.31204964 -18.28249881 5.00000000
-29.34117529 -18.30454244 5.00000000
-29.43886235 -18.45010018 5.00000000
-29.45412912 -18.90646127 5.00000000
-29.14551840 -19.37882239 5.00000000
-28.72146159 -19.54815738 5.00000000
-28.54892341 -19.51716714 5.00000000
-28.51703691 -19.49934930 5.00000000
-28.41637355 -19.45803161 5.00000000
-28.24337760 -19.41249483 5.00000000
-27.99992451 -19.38225723 5.00000000
-27.69317767 -19.38557508 5.00000000
-27.33503900 -19.43804009 5.00000000
-26.94123587 -19.55138133 5.00000000
-26.53011427 -19.73256378 5.00000000
-26.12123086 -19.98325269 5.00000000
-25.73385221 -20.29968482 5.00000000
-25.38547619 -20.67295643 5.00000000
-25.09048927 -21.08970606 5.00000000
-24.85906261 -21.53313949 5.00000000
-24.69637191 -21.98431829 5.00000000
-24.60220075 -22.42361301 5.00000000
-24.57095792 -22.83220941 5.00000000
-24.59210745 -23.19355216 5.00000000
-24.65097832 -23.49461504 5.00000000
-24.72989162 -23.72690022 5.00000000
-24.80951866 -23.88708990 5.00000000
-24.87036579 -23.97730015 5.00000000
-24.89427185 -24.00491763 5.00000000
-24.95956105 -24.16760487 5.00000000
-24.87961140 -24.61716751 5.00000000
-24.47953516 -25.01504264 5.00000000
-24.02953829 -25.09251088 5.00000000
-23.86721372 -25.02632515 5.00000000
-23.83972855 -25.00226709 5.00000000
-23.74985536 -24.94092321 5.00000000
-23.59010741 -24.86041363 5.00000000
-23.35826111 -24.78022005 5.00000000
-23.05752760 -24.71968915 5.00000000
-22.69630703 -24.69654646 5.00000000
-22.28754448 -24.72553464 5.00000000
-21.84773692 -24.81728083 5.00000000
-21.39566744 -24.97747995 5.00000000
-20.95096401 -25.20645672 5.00000000
-20.53259331 -25.49914001 5.00000000
-20.15740543 -25.84545143 5.00000000
-19.83884100 -26.23107847 5.00000000
-19.58590015 -26.63857263 5.00000000
-19.40245235 -27.04868842 5.00000000
-19.28694027 -27.44186026 5.00000000
-19.23250025 -27.79970404 5.00000000
-19.22749016 -28.10642791 5.00000000
-19.25638421 -28.35004411 5.00000000
-19.30096590 -28.52328865 5.00000000
-19.34172761 -28.62417842 5.00000000
-19.35936926 -28.65616274 5.00000000
-19.38940716 -28.82886926 5.00000000
-19.21773528 -29.25198541 5.00000000
-18.74367878 -29.55798548 5.00000000
-18.28740886 -29.54020125 5.00000000
-18.14239226 -29.44171266 5.00000000
-18.12050965 -29.41246584 5.00000000
-18.04535452 -29.33377678 5.00000000
-17.90583633 -29.22181307 5.00000000
-17.69572961 -29.09516835 5.00000000
-17.41415293 -28.97343418 5.00000000
-17.06563753 -28.87569523 5.00000000
-16.65978045 -28.81906344 5.00000000
-16.21050863 -28.81736363 5.00000000
-15.73501069 -28.88007148 5.00000000
-15.25241814 -29.01158552 5.00000000
-14.78233757 -29.21088881 5.00000000
-14.34334625 -29.47162655 5.00000000
-13.95156685 -29.78259345 5.00000000
-13.61943056 -30.12859352 5.00000000
-13.35472367 -30.49160635 5.00000000
-13.15999079 -30.85217014 5.00000000
-13.03234051 -31.19087545 5.00000000
-12.96366842 -31.48985502 5.00000000
-12.94128041 -31.73415502 5.00000000
-12.94886832 -31.91288281 5.00000000
-12.96776312 -32.02004273 5.00000000
-12.97836935 -32.05499603 5.00000000
-12.97184314 -32.23017372 5.00000000
-12.71595191 -32.60835118 5.00000000
-12.18863369 -32.80910253 5.00000000
-11.74603191 -32.69684308 5.00000000
-11.62466120 -32.57035605 5.00000000
-11.60933754 -32.53719869 5.00000000
-11.55218510 -32.44460355 5.00000000
-11.43899428 -32.30607905 5.00000000
-11.25980982 -32.13851818 5.00000000
-11.00969622 -31.96090111 5.00000000
-10.68911779 -31.79283757 5.00000000
-10.30390406 -31.65306088 5.00000000
-9.86480333 -31.55798935 5.00000000
-9.38665846 -31.52046531 5.00000000
-8.88726841 -31.54876881 5.00000000
-8.38602274 -31.64598160 5.00000000
-7.90241402 -31.80975017 5.00000000
-7.45454228 -32.03246618 5.00000000
-7.05772650 -32.30185030 5.00000000
-6.72332948 -32.60189478 5.00000000
-6.45788656 -32.91409213 5.00000000
-6.26260495 -33.21885594 5.00000000
-6.13327216 -33.49702435 5.00000000
-6.06058055 -33.73133109 5.00000000
-6.03084305 -33.90773086 5.00000000
-6.02704516 -34.01647753 5.00000000
-6.03015242 -34.05287217 5.00000000
-5.98734733 -34.22286494 5.00000000
-5.65842042 -34.53957554 5.00000000
-5.10088681 -34.62630436 5.00000000
-4.69129700 -34.42447596 5.00000000
-4.59887667 -34.27551859 5.00000000
-4.59078166 -34.23989983 5.00000000
-4.55412976 -34.13744546 5.00000000
-4.47221329 -33.97841435 5.00000000
-4.33178230 -33.77726055 5.00000000
-4.12406295 -33.55152329 5.00000000
-3.84543230 -33.32048034 5.00000000
-3.49769763 -33.10366768 5.00000000
-3.08795878 -32.91937951 5.00000000
-2.62806421 -32.78326354 5.00000000
-2.13370241 -32.70711952 5.00000000
-1.62319848 -32.69799314 5.00000000
-1.11610837 -32.75763507 5.00000000
-0.63171844 -32.88236643 5.00000000
-0.18756593 -33.06336123 5.00000000
0.20190647 -33.28732395 5.00000000
0.52645831 -33.53751036 5.00000000
0.78083650 -33.79501302 5.00000000
0.96517752 -34.04021299 5.00000000
1.08499575 -34.25428612 5.00000000
1.15075899 -34.42064836 5.00000000
1.17708360 -34.52622903 5.00000000
1.18161111 -34.56247440 5.00000000
1.25882428 -34.71985274 5.00000000
1.64641119 -34.96125470 5.00000000
2.20979329 -34.93017054 5.00000000
2.56847009 -34.64759406 5.00000000
2.62790085 -34.48267650 5.00000000
2.62841340 -34.44615305 5.00000000
2.64296291 -34.33831719 5.00000000
2.69002488 -34.16572990 5.00000000
2.78556488 -33.93977455 5.00000000
2.94181166 -33.67578291 5.00000000
3.16631702 -33.39185823 5.00000000
3.46137497 -33.10748534 5.00000000
3.82384438 -32.84203481 5.00000000
4.24538905 -32.61327585 5.00000000
4.71311663 -32.43601216 5.00000000
5.21056734 -32.32094548 5.00000000
5.71897657 -32.27385413 5.00000000
6.21871452 -32.29514948 5.00000000
6.69079217 -32.37984460 5.00000000
7.11831813 -32.51793735 5.00000000
7.48779441 -32.69517846 5.00000000
7.79015165 -32.89416586 5.00000000
8.02144431 -33.09568097 5.00000000
8.18315254 -33.28016449 5.00000000
8.28206735 -33.42921837 5.00000000
8.32976815 -33.52701865 5.00000000
8.34173256 -33.56153064 5.00000000
8.44997924 -33.69941637 5.00000000
8.87928673 -33.85495927 5.00000000
9.42389482 -33.70742064 5.00000000
9.71598272 -33.35644604 5.00000000
9.73982648 -33.18277597 5.00000000
9.73273418 -33.14694409 5.00000000
9.72454541 -33.03843968 5.00000000
9.73469605 -32.85983911 5.00000000
9.78116952 -32.61895754 5.00000000
9.87911498 -32.32824922 5.00000000
10.03968310 -32.00385169 5.00000000
10.26916888 -31.66434703 5.00000000
10.56852719 -31.32933561 5.00000000
10.93329844 -31.01793151 5.00000000
11.35394986 -30.74729542 5.00000000
11.81660637 -30.53131741 5.00000000
12.30411479 -30.37955089 5.00000000
12.79735982 -30.29647953 5.00000000
13.27673055 -30.28117340 5.00000000
13.72362514 -30.32736084 5.00000000
14.12187797 -30.42391037 5.00000000
14.45899979 -30.55568582 5.00000000
14.72713550 -30.70470889 5.00000000
14.92366629 -30.85153996 5.00000000
15.05140962 -30.97677111 5.00000000
15.11840187 -31.06251667 5.00000000
15.13728027 -31.09378695 5.00000000
15.27182956 -31.20615380 5.00000000
15.72409484 -31.26903966 5.00000000
16.22612693 -31.01149472 5.00000000
16.43886029 -30.60746127 5.00000000
16.42607496 -30.43262891 5.00000000
16.41168778 -30.39905461 5.00000000
16.38111862 -30.29462383 5.00000000
16.35391430 -30.11781567 5.00000000
16.34929011 -29.87253556 5.00000000
16.38465357 -29.56781591 5.00000000
16.47426686 -29.21712325 5.00000000
16.62815083 -28.83732481 5.00000000
16.85131465 -28.44739410 5.00000000
17.14337022 -28.06695472 5.00000000
17.49856099 -27.71477434 5.00000000
17.90620299 -27.40732427 5.00000000
18.35150416 -27.15751551 5.00000000
18.81669909 -26.97370804 5.00000000
19.28241209 -26.85906961 5.00000000
19.72914387 -26.81133313 5.00000000
20.13876770 -26.82297140 5.00000000
20.49592025 -26.88177568 5.00000000
20.78918020 -26.97179369 5.00000000
21.01194422 -27.07455510 5.00000000
21.16293307 -27.17049032 5.00000000
21.24628887 -27.24043366 5.00000000
21.27125620 -27.26709557 5.00000000
21.42622764 -27.34903256 5.00000000
21.88168455 -27.31651298 5.00000000
22.31919942 -26.96021767 5.00000000
22.44328077 -26.52078357 5.00000000
22.39442515 -26.35242994 5.00000000
22.37337187 -26.32258058 5.00000000
22.32175834 -26.22678754 5.00000000
22.25838801 -26.05949917 5.00000000
22.20286827 -25.82054043 5.00000000
22.17410418 -25.51512717 5.00000000
22.18884610 -25.15346633 5.00000000
22.26040280 -24.74997312 5.00000000
22.39761880 -24.32216496 5.00000000
22.60419446 -23.88931733 5.00000000
22.87840104 -23.47098462 5.00000000
23.21321262 -23.08549953 5.00000000
23.59684473 -22.74856637 5.00000000
24.01365831 -22.47205608 5.00000000
24.44535970 -22.26309560 5.00000000
24.87240435 -22.12352152 5.00000000
25.27549665 -22.04973988 5.00000000
25.63707065 -22.03300295 5.00000000
25.94263796 -22.06008168 5.00000000
26.18189935 -22.11428227 5.00000000
26.34953479 -22.17672872 5.00000000
26.44561111 -22.22781298 5.00000000
26.47557616 -22.24870127 5.00000000
26.64419676 -22.29662736 5.00000000
27.08293964 -22.17012360 5.00000000
27.43681581 -21.73064974 5.00000000
27.46682219 -21.27502036 5.00000000
27.38403149 -21.12050332 5.00000000
27.35723225 -21.09568346 5.00000000
27.28683011 -21.01271479 5.00000000
27.19006336 -20.86225750 5.00000000
27.08607455 -20.64006379 5.00000000
26.99444003 -20.34730493 5.00000000
26.93366629 -19.99048223 5.00000000
26.91976835 -19.58092884 5.00000000
26.96503954 -19.13394050 5.00000000
27.07710694 -18.66760214 5.00000000
27.25834519 -18.20140025 5.00000000
27.50569347 -17.75472769 5.00000000
27.81088996 -17.34539573 5.00000000
28.16110544 -16.98826743 5.00000000
28.53992779 -16.69411747 5.00000000
28.92862140 -16.46880585 5.00000000
29.30756511 -16.31282891 5.00000000
29.65775805 -16.22128226 5.00000000
29.96227796 -16.18423824 5.00000000
30.20757985 -16.18750918 5.00000000
30.38453540 -16.21373766 5.00000000
30.48913324 -16.24373022 5.00000000
30.52278640 -16.25793196 5.00000000
30.69768663 -16.26975256 5.00000000
31.10054031 -16.05479343 5.00000000
31.35531169 -15.55134814 5.00000000
31.28993168 -15.09943668 5.00000000
31.17682426 -14.96550936 5.00000000
31.14545030 -14.94680375 5.00000000
31.05933646 -14.88028557 5.00000000
30.93340247 -14.75323507 5.00000000
30.78548940 -14.55751732 5.00000000
30.63498932 -14.29020783 5.00000000
30.50135602 -13.95381814 5.00000000
30.40261085 -13.55610401 5.00000000
30.35395865 -13.10947103 5.00000000
30.36661991 -12.63002316 5.00000000
30.44696884 -12.13632735 5.00000000
30.59604353 -11.64798906 5.00000000
30.80946584 -11.18414807 5.00000000
31.07777713 -10.76200998 5.00000000
31.38716408 -10.39552631 5.00000000
31.72051889 -10.09432434 5.00000000
32.05875233 -9.86296905 5.00000000
32.38225910 -9.70061371 5.00000000
32.67242263 -9.60106594 5.00000000
32.91304416 -9.55326426 5.00000000
33.09158601 -9.54212846 5.00000000
33.20013394 -9.54971850 5.00000000
33.23600441 -9.55661301 5.00000000
33.40954029 -9.53181150 5.00000000
33.75889814 -9.23779176 5.00000000
33.90342998 -8.69237801 5.00000000
33.74552101 -8.26393516 5.00000000
33.60704020 -8.15645083 5.00000000
33.57246273 -8.14467699 5.00000000
33.47440077 -8.09751647 5.00000000
33.32480346 -7.99942548 5.00000000
33.13943063 -7.83873749 5.00000000
32.93664258 -7.60856007 5.00000000
32.73599013 -7.30730523 5.00000000
32.55671336 -6.93881239 5.00000000
32.41626411 -6.51205477 5.00000000
32.32896588 -6.04045156 5.00000000
32.30491386 -5.54083870 5.00000000
32.34919967 -5.03217741 5.00000000
32.46152023 -4.53409946 5.00000000
32.63620083 -4.06540106 5.00000000
32.86263069 -3.64260077 5.00000000
33.12607748 -3.27867242 5.00000000
33.40881825 -2.98205011 5.00000000
33.69150004 -2.75598178 5.00000000
33.95462566 -2.59828098 5.00000000
34.18005050 -2.50149586 5.00000000
34.35237552 -2.45348246 5.00000000
34.46012948 -2.43833825 5.00000000
34.49664954 -2.43762422 5.00000000
