34.56841529 -0.99272625 -5.00000000
34.73033486 -0.92555579 -5.00000000
34.99561671 -0.55390534 -5.00000000
34.99999848 0.01031661 -5.00000000
34.74052078 0.38604236 -5.00000000
34.57966398 0.45571953 -5.00000000
34.54324493 0.45852630 -5.00000000
34.43653655 0.47982376 -5.00000000
34.26724790 0.53763857 -5.00000000
34.04774315 0.64718940 -5.00000000
33.79409230 0.81971730 -5.00000000
33.52483735 1.06162154 -5.00000000
33.25956880 1.37396707 -5.00000000
33.01742154 1.75240168 -5.00000000
32.81560577 2.18748899 -5.00000000
32.66808575 2.66543183 -5.00000000
32.58450769 3.16913040 -5.00000000
32.56945926 3.67949408 -5.00000000
32.62211744 4.17690601 -5.00000000
32.73631183 4.64272809 -5.00000000
32.90099854 5.06073089 -5.00000000
33.10110824 5.41833856 -5.00000000
33.31870331 5.70759324 -5.00000000
33.53435518 5.92576498 -5.00000000
33.72863624 6.07556012 -5.00000000
33.88361159 6.16491246 -5.00000000
33.98421622 6.20637294 -5.00000000
34.01941187 6.21614487 -5.00000000
34.16382758 6.31551247 -5.00000000
34.34604192 6.73419666 -5.00000000
34.23301959 7.28700003 -5.00000000
33.90109433 7.60056683 -5.00000000
33.72926594 7.63527737 -5.00000000
33.69305918 7.63045086 -5.00000000
33.58425463 7.62909700 -5.00000000
33.40664497 7.65045133 -5.00000000
33.16916003 7.71197060 -5.00000000
32.88518149 7.82799138 -5.00000000
32.57151569 8.00862818 -5.00000000
32.24710361 8.25899578 -5.00000000
31.93156686 8.57881544 -5.00000000
31.64370151 8.96243519 -5.00000000
31.40003526 9.39926269 -5.00000000
31.21355876 9.87457739 -5.00000000
31.09272860 10.37065965 -5.00000000
31.04081831 10.86815019 -5.00000000
31.05566743 11.34753529 -5.00000000
31.12984767 11.79064402 -5.00000000
31.25123368 12.18204224 -5.00000000
31.40393434 12.51021658 -5.00000000
31.56951325 12.76845728 -5.00000000
31.72840464 12.95537234 -5.00000000
31.86141601 13.07499331 -5.00000000
31.95120206 13.13646465 -5.00000000
31.98359691 13.15334063 -5.00000000
32.10419711 13.28056253 -5.00000000
32.19538028 13.72798196 -5.00000000
31.96989348 14.24520659 -5.00000000
31.58002738 14.48291005 -5.00000000
31.40473713 14.48113695 -5.00000000
31.37032505 14.46888810 -5.00000000
31.26417963 14.44494209 -5.00000000
31.08601136 14.42890265 -5.00000000
30.84092546 14.43970169 -5.00000000
30.53903045 14.49414468 -5.00000000
30.19466250 14.60561934 -5.00000000
29.82528525 14.78306674 -5.00000000
29.45014949 15.03029379 -5.00000000
29.08881566 15.34567996 -5.00000000
28.75965255 15.72230067 -5.00000000
28.47842753 16.14845796 -5.00000000
28.25709649 16.60857763 -5.00000000
28.10288648 17.08440405 -5.00000000
28.01774133 17.55640074 -5.00000000
27.99817308 18.00524942 -5.00000000
28.03553024 18.41333223 -5.00000000
28.11666274 18.76608342 -5.00000000
28.22493210 19.05310673 -5.00000000
28.34148951 19.26897263 -5.00000000
28.44672366 19.41363421 -5.00000000
28.52176706 19.49242983 -5.00000000
28.54994529 19.51567229 -5.00000000
28.64145916 19.66518828 -5.00000000
28.63762604 20.12178856 -5.00000000
28.30952962 20.58082925 -5.00000000
27.87876170 20.73228061 -5.00000000
27.70767060 20.69410136 -5.00000000
27.67655720 20.67496551 -5.00000000
27.57770996 20.62947390 -5.00000000
27.40676988 20.57674169 -5.00000000
27.16479445 20.53634852 -5.00000000
26.85817723 20.52683430 -5.00000000
26.49815767 20.56427485 -5.00000000
26.09995880 20.66104675 -5.00000000
25.68161927 20.82487619 -5.00000000
25.26260898 21.05824489 -5.00000000
24.86233503 21.35819867 -5.00000000
24.49865236 21.71657342 -5.00000000
24.18649368 22.12062107 -5.00000000
23.93672365 22.55398748 -5.00000000
23.75530550 22.99796724 -5.00000000
23.64284397 23.43293902 -5.00000000
23.59453961 23.83987123 -5.00000000
23.60055807 24.20178236 -5.00000000
23.64678597 24.50504399 -5.00000000
23.71591528 24.74042635 -5.00000000
23.78877298 24.90380614 -5.00000000
23.84579398 24.99648228 -5.00000000
23.86852406 25.02507543 -5.00000000
23.92695202 25.19035093 -5.00000000
23.82827012 25.63617646 -5.00000000
23.41190347 26.01697092 -5.00000000
22.95906035 26.07555101 -5.00000000
22.79964592 26.00263424 -5.00000000
22.77319098 25.97744771 -5.00000000
22.68596204 25.91239870 -5.00000000
22.52972104 25.82527838 -5.00000000
22.30143157 25.73545838 -5.00000000
22.00349280 25.66240276 -5.00000000
21.64355619 25.62417287 -5.00000000
21.23393892 25.63603987 -5.00000000
20.79067905 25.70931156 -5.00000000
20.33230506 25.85046346 -5.00000000
19.87841416 26.06064090 -5.00000000
19.44816853 26.33557043 -5.00000000
19.05882504 26.66588723 -5.00000000
18.72441113 27.03785342 -5.00000000
18.45464883 27.43441221 -5.00000000
18.25420913 27.83649675 -5.00000000
18.12235437 28.22449347 -5.00000000
18.05299576 28.57974728 -5.00000000
18.03516184 28.88599324 -5.00000000
18.05384176 29.13060472 -5.00000000
18.09113878 29.30556224 -5.00000000
18.12764527 29.40806852 -5.00000000
18.14393380 29.44076268 -5.00000000
18.16672225 29.61457438 -5.00000000
17.97750445 30.03014042 -5.00000000
17.49106479 30.31604612 -5.00000000
17.03593790 30.27919472 -5.00000000
16.89516730 30.17472722 -5.00000000
16.87452704 30.14459079 -5.00000000
16.80272871 30.06282735 -5.00000000
16.66801529 29.94512648 -5.00000000
16.46338912 29.80980521 -5.00000000
16.18715014 29.67640108 -5.00000000
15.84302745 29.56417157 -5.00000000
15.43989401 29.49061503 -5.00000000
14.99108639 29.47012666 -5.00000000
14.51338185 29.51289273 -5.00000000
14.02571120 29.62410806 -5.00000000
13.54770641 29.80357663 -5.00000000
13.09819428 30.04572615 -5.00000000
12.69375201 30.34003543 -5.00000000
12.34743544 30.67184172 -5.00000000
12.06777776 31.02346599 -5.00000000
11.85813528 31.37556991 -5.00000000
11.71643091 31.70864011 -5.00000000
11.63531458 32.00448597 -5.00000000
11.60272872 32.24763588 -5.00000000
11.60283499 32.42652464 -5.00000000
11.61723148 32.53438104 -5.00000000
11.62636657 32.56974734 -5.00000000
11.61251955 32.74449881 -5.00000000
11.34103557 33.11164315 -5.00000000
10.80578265 33.29016463 -5.00000000
10.36826321 33.15949232 -5.00000000
10.25228881 33.02803984 -5.00000000
10.23836530 32.99427061 -5.00000000
10.18513551 32.89936618 -5.00000000
10.07783729 32.75622886 -5.00000000
9.90581756 32.58132051 -5.00000000
9.66335135 32.39339827 -5.00000000
9.35008239 32.21207412 -5.00000000
8.97105165 32.05630881 -5.00000000
8.53631133 31.94295580 -5.00000000
8.06015420 31.88546698 -5.00000000
7.56001736 31.89285956 -5.00000000
7.05514451 31.96902352 -5.00000000
6.56510958 32.11242267 -5.00000000
6.10831500 32.31621231 -5.00000000
5.70057988 32.56876457 -5.00000000
5.35392659 32.85456091 -5.00000000
5.07565879 33.15538339 -5.00000000
4.86780180 33.45171320 -5.00000000
4.72694825 33.72422910 -5.00000000
4.64452075 33.95529061 -5.00000000
4.60743165 34.13029232 -5.00000000
4.59908893 34.23878500 -5.00000000
4.60067132 34.27527775 -5.00000000
4.55079403 34.44333153 -5.00000000
4.20890902 34.74600819 -5.00000000
3.64823596 34.80934321 -5.00000000
3.24744567 34.59056099 -5.00000000
3.16133609 34.43786862 -5.00000000
3.15473787 34.40194247 -5.00000000
3.12240301 34.29804484 -5.00000000
3.04720944 34.13572686 -5.00000000
2.91531424 33.92887577 -5.00000000
2.71721773 33.69464851 -5.00000000
2.44849386 33.45215445 -5.00000000
2.11013128 33.22098807 -5.00000000
1.70845849 33.01972450 -5.00000000
1.25465914 32.86449331 -5.00000000
0.76391449 32.76774005 -5.00000000
0.25423894 32.73727068 -5.00000000
-0.25490190 32.77565222 -5.00000000
-0.74408468 32.88001563 -5.00000000
-1.19541837 33.04227612 -5.00000000
-1.59391686 33.24975385 -5.00000000
-1.92864835 33.48614751 -5.00000000
-2.19357360 33.73278591 -5.00000000
-2.38800840 33.97006158 -5.00000000
-2.51667505 34.17893621 -5.00000000
-2.58933857 34.34240245 -5.00000000
-2.62005588 34.44678975 -5.00000000
-2.62609533 34.48281405 -5.00000000
-2.70982304 34.63682537 -5.00000000
-3.10716705 34.86180593 -5.00000000
-3.66875615 34.80718645 -5.00000000
-4.01530083 34.50985616 -5.00000000
-4.06778218 34.34259730 -5.00000000
-4.06676675 34.30608437 -5.00000000
-4.07679348 34.19773436 -5.00000000
-4.11659609 34.02332979 -5.00000000
-4.20260229 33.79357634 -5.00000000
-4.34767134 33.52328093 -5.00000000
-4.56010559 33.23021511 -5.00000000
-4.84301195 32.93375074 -5.00000000
-5.19406218 32.65337279 -5.00000000
-5.60567054 32.40718358 -5.00000000
-6.06557511 32.21051306 -5.00000000
-6.55777809 32.07474202 -5.00000000
-7.06377296 32.00642849 -5.00000000
-7.56396429 32.00680450 -5.00000000
-8.03917111 32.07168166 -5.00000000
-8.47209850 32.19177301 -5.00000000
-8.84866431 32.35340631 -5.00000000
-9.15907931 32.53957401 -5.00000000
-9.39859763 32.73123937 -5.00000000
-9.56788008 32.90879828 -5.00000000
-9.67294227 33.05358480 -5.00000000
-9.72469167 33.14930450 -5.00000000
-9.73808902 33.18328590 -5.00000000
-9.85200783 33.31652375 -5.00000000
-10.28744501 33.45397548 -5.00000000
-10.82540602 33.28378862 -5.00000000
-11.10255942 32.92090502 -5.00000000
-11.11911885 32.74638968 -5.00000000
-11.11053415 32.71088577 -5.00000000
-11.09781453 32.60281879 -5.00000000
-11.10048661 32.42394995 -5.00000000
-11.13684495 32.18133547 -5.00000000
-11.22254631 31.88678511 -5.00000000
-11.36940656 31.55595592 -5.00000000
-11.58449232 31.20715046 -5.00000000
-11.86957740 30.85991200 -5.00000000
-12.22100552 30.53352443 -5.00000000
-12.62996998 30.24553209 -5.00000000
-13.08318875 30.01039322 -5.00000000
-13.56392323 29.83837026 -5.00000000
-14.05326236 29.73474243 -5.00000000
-14.53157349 29.69940081 -5.00000000
-14.98000877 29.72685721 -5.00000000
-15.38195117 29.80666600 -5.00000000
-15.72428930 29.92422658 -5.00000000
-15.99842304 30.06190493 -5.00000000
-16.20092284 30.20038796 -5.00000000
-16.33379198 30.32016688 -5.00000000
-16.40431177 30.40303557 -5.00000000
-16.42448149 30.43348894 -5.00000000
-16.56361260 30.54013016 -5.00000000
-17.01811226 30.58404576 -5.00000000
-17.50893369 30.30572951 -5.00000000
-17.70458289 29.89315235 -5.00000000
-17.68449668 29.71900770 -5.00000000
-17.66871789 29.68606449 -5.00000000
-17.63380784 29.58300359 -5.00000000
-17.59923261 29.40748791 -5.00000000
-17.58435403 29.16261581 -5.00000000
-17.60694216 28.85668377 -5.00000000
-17.68180990 28.50255003 -5.00000000
-17.81967479 28.11664796 -5.00000000
-18.02633514 27.71772498 -5.00000000
-18.30222392 27.32540374 -5.00000000
-18.64237455 26.95867624 -5.00000000
-19.03680128 26.63444623 -5.00000000
-19.47126498 26.36623207 -5.00000000
-19.92836543 26.16312942 -5.00000000
-20.38887639 26.02911363 -5.00000000
-20.83322079 25.96273510 -5.00000000
-21.24297296 25.95723135 -5.00000000
-21.60227240 26.00104686 -5.00000000
-21.89904060 26.07872100 -5.00000000
-22.12590753 26.17207576 -5.00000000
-22.28077660 26.26161218 -5.00000000
-22.36698474 26.32800810 -5.00000000
-22.39304531 26.35360247 -5.00000000
-22.55130803 26.42898634 -5.00000000
-23.00500634 26.37744649 -5.00000000
-23.42723694 26.00316460 -5.00000000
-23.53283112 25.55892549 -5.00000000
-23.47697713 25.39276247 -5.00000000
-23.45469387 25.36381975 -5.00000000
-23.39911912 25.27026918 -5.00000000
-23.32880768 25.10577754 -5.00000000
-23.26334247 24.86934991 -5.00000000
-23.22183014 24.56540688 -5.00000000
-23.22143330 24.20344594 -5.00000000
-23.27605196 23.79731303 -5.00000000
-23.39525553 23.36414036 -5.00000000
-23.58354731 22.92303179 -5.00000000
-23.84001789 22.49359687 -5.00000000
-24.15841425 22.09444614 -5.00000000
-24.52761901 21.74176301 -5.00000000
-24.93250331 21.44806212 -5.00000000
-25.35508754 21.22122928 -5.00000000
-25.77592108 21.06391689 -5.00000000
-26.17557489 20.97334114 -5.00000000
-26.53613253 20.94149662 -5.00000000
-26.84256499 20.95577182 -5.00000000
-27.08388389 20.99991827 -5.00000000
-27.25398436 21.05529901 -5.00000000
-27.35211314 21.10232034 -5.00000000
-27.38292559 21.12193711 -5.00000000
-27.55340308 21.16276900 -5.00000000
-27.98647126 21.01802623 -5.00000000
-28.32165753 20.56413662 -5.00000000
-28.33258171 20.10765094 -5.00000000
-28.24340104 19.95673168 -5.00000000
-28.21558719 19.93305437 -5.00000000
-28.14177662 19.85310275 -5.00000000
-28.03880192 19.70682421 -5.00000000
-27.92561121 19.48917408 -5.00000000
-27.82181272 19.20050384 -5.00000000
-27.74616863 18.84653511 -5.00000000
-27.71515397 18.43792133 -5.00000000
-27.74169100 17.98943071 -5.00000000
-27.83415652 17.51881335 -5.00000000
-27.99573806 17.04543938 -5.00000000
-28.22418859 16.58881272 -5.00000000
-28.51199840 16.16707458 -5.00000000
-28.84697115 15.79561158 -5.00000000
-29.21315971 15.48587538 -5.00000000
-29.59208994 15.24450443 -5.00000000
-29.96417860 15.07281529 -5.00000000
-30.31023634 14.96670250 -5.00000000
-30.61294050 14.91695485 -5.00000000
-30.85816456 14.90996358 -5.00000000
-31.03606223 14.92876824 -5.00000000
-31.14182294 14.95435992 -5.00000000
-31.17604062 14.96714175 -5.00000000
-31.35128220 14.97163710 -5.00000000
-31.74479308 14.74001737 -5.00000000
-31.97828577 14.22635719 -5.00000000
-31.89406253 13.77757555 -5.00000000
-31.77545278 13.64849594 -5.00000000
-31.74332395 13.63111887 -5.00000000
-31.65450344 13.56826046 -5.00000000
-31.52336597 13.44658811 -5.00000000
-31.36739674 13.25722782 -5.00000000
-31.20584858 12.99644664 -5.00000000
-31.05826326 12.66594027 -5.00000000
-30.94297075 12.27270399 -5.00000000
-30.87568144 11.82849660 -5.00000000
-30.86827952 11.34893870 -5.00000000
-30.92791014 10.85231440 -5.00000000
-31.05643045 10.35816859 -5.00000000
-31.25026664 9.88580742 -5.00000000
-31.50068793 9.45281702 -5.00000000
-31.79447661 9.07371442 -5.00000000
-32.11494247 8.75883398 -5.00000000
-32.44320391 8.51353507 -5.00000000
-32.75963738 8.33779165 -5.00000000
-33.04538360 8.22619538 -5.00000000
-33.28379536 8.16837193 -5.00000000
-33.46171526 8.14977866 -5.00000000
-33.57048565 8.15282222 -5.00000000
-33.60661309 8.15821048 -5.00000000
-33.77895985 8.12617282 -5.00000000
-34.11571512 7.81779902 -5.00000000
-34.23730948 7.26681769 -5.00000000
-34.06161977 6.84535400 -5.00000000
-33.91876477 6.74375545 -5.00000000
-33.88372513 6.73343806 -5.00000000
-33.78377657 6.69042008 -5.00000000
-33.63020766 6.59867157 -5.00000000
-33.43827652 6.44587709 -5.00000000
-33.22603911 6.22438235 -5.00000000
-33.01296275 5.93178306 -5.00000000
-32.81843124 5.57111059 -5.00000000
-32.66025645 5.15060044 -5.00000000
-32.55331058 4.68306097 -5.00000000
-32.50838413 4.18489120 -5.00000000
-32.53135728 3.67482279 -5.00000000
-32.62274827 3.17248303 -5.00000000
-32.77767350 2.69688900 -5.00000000
-32.98622232 2.26498860 -5.00000000
-33.23421790 1.89036046 -5.00000000
-33.50430554 1.58217252 -5.00000000
-33.77728506 1.34447930 -5.00000000
-34.03358488 1.17591169 -5.00000000
-34.25476460 1.06978324 -5.00000000
-34.42493076 1.01460465 -5.00000000
-34.53195705 0.99496706 -5.00000000
-34.56841529 0.99272625 -5.00000000
-34.73033486 0.92555579 -5.00000000
-34.99561671 0.55390534 -5.00000000
-34.99999848 -0.01031661 -5.00000000
-34.74052078 -0.38604236 -5.00000000
-34.57966398 -0.45571953 -5.00000000
-34.54324493 -0.45852630 -5.00000000
-34.43653655 -0.47982376 -5.00000000
-34.26724790 -0.53763857 -5.00000000
-34.04774315 -0.64718940 -5.00000000
-33.79409230 -0.81971730 -5.00000000
-33.52483735 -1.06162154 -5.00000000
-33.25956880 -1.37396707 -5.00000000
-33.01742154 -1.75240168 -5.00000000
-32.81560577 -2.18748899 -5.00000000
-32.66808575 -2.66543183 -5.00000000
-32.58450769 -3.16913040 -5.00000000
-32.56945926 -3.67949408 -5.00000000
-32.62211744 -4.17690601 -5.00000000
-32.73631183 -4.64272809 -5.00000000
-32.90099854 -5.06073089 -5.00000000
-33.10110824 -5.41833856 -5.00000000
-33.31870331 -5.70759324 -5.00000000
-33.53435518 -5.92576498 -5.00000000
-33.72863624 -6.07556012 -5.00000000
-33.88361159 -6.16491246 -5.00000000
-33.98421622 -6.20637294 -5.00000000
-34.01941187 -6.21614487 -5.00000000
-34.16382758 -6.31551247 -5.00000000
-34.34604192 -6.73419666 -5.00000000
-34.23301959 -7.28700003 -5.00000000
-33.90109433 -7.60056683 -5.00000000
-33.72926594 -7.63527737 -5.00000000
-33.69305918 -7.63045086 -5.00000000
-33.58425463 -7.62909700 -5.00000000
-33.40664497 -7.65045133 -5.00000000
-33.16916003 -7.71197060 -5.00000000
-32.88518149 -7.82799138 -5.00000000
-32.57151569 -8.00862818 -5.00000000
-32.24710361 -8.25899578 -5.00000000
-31.93156686 -8.57881544 -5.00000000
-31.64370151 -8.96243519 -5.00000000
-31.40003526 -9.39926269 -5.00000000
-31.21355876 -9.87457739 -5.00000000
-31.09272860 -10.37065965 -5.00000000
-31.04081831 -10.86815019 -5.00000000
-31.05566743 -11.34753529 -5.00000000
-31.12984767 -11.79064402 -5.00000000
-31.25123368 -12.18204224 -5.00000000
-31.40393434 -12.51021658 -5.00000000
-31.56951325 -12.76845728 -5.00000000
-31.72840464 -12.95537234 -5.00000000
-31.86141601 -13.07499331 -5.00000000
-31.95120206 -13.13646465 -5.00000000
-31.98359691 -13.15334063 -5.00000000
-32.10419711 -13.28056253 -5.00000000
-32.19538028 -13.72798196 -5.00000000
-31.96989348 -14.24520659 -5.00000000
-31.58002738 -14.48291005 -5.00000000
-31.40473713 -14.48113695 -5.00000000
-31.37032505 -14.46888810 -5.00000000
-31.26417963 -14.44494209 -5.00000000
-31.08601136 -14.42890265 -5.00000000
-30.84092546 -14.43970169 -5.00000000
-30.53903045 -14.49414468 -5.00000000
-30.19466250 -14.60561934 -5.00000000
-29.82528525 -14.78306674 -5.00000000
-29.45014949 -15.03029379 -5.00000000
-29.08881566 -15.34567996 -5.00000000
-28.75965255 -15.72230067 -5.00000000
-28.47842753 -16.14845796 -5.00000000
-28.25709649 -16.60857763 -5.00000000
-28.10288648 -17.08440405 -5.00000000
-28.01774133 -17.55640074 -5.00000000
-27.99817308 -18.00524942 -5.00000000
-28.03553024 -18.41333223 -5.00000000
-28.11666274 -18.76608342 -5.00000000
-28.22493210 -19.05310673 -5.00000000
-28.34148951 -19.26897263 -5.00000000
-28.44672366 -19.41363421 -5.00000000
-28.52176706 -19.49242983 -5.00000000
-28.54994529 -19.51567229 -5.00000000
-28.64145916 -19.66518828 -5.00000000
-28.63762604 -20.12178856 -5.00000000
-28.30952962 -20.58082925 -5.00000000
-27.87876170 -20.73228061 -5.00000000
-27.70767060 -20.69410136 -5.00000000
-27.67655720 -20.67496551 -5.00000000
-27.57770996 -20.62947390 -5.00000000
-27.40676988 -20.57674169 -5.00000000
-27.16479445 -20.53634852 -5.00000000
-26.85817723 -20.52683430 -5.00000000
-26.49815767 -20.56427485 -5.00000000
-26.09995880 -20.66104675 -5.00000000
-25.68161927 -20.82487619 -5.00000000
-25.26260898 -21.05824489 -5.00000000
-24.86233503 -21.35819867 -5.00000000
-24.49865236 -21.71657342 -5.00000000
-24.18649368 -22.12062107 -5.00000000
-23.93672365 -22.55398748 -5.00000000
-23.75530550 -22.99796724 -5.00000000
-23.64284397 -23.43293902 -5.00000000
-23.59453961 -23.83987123 -5.00000000
-23.60055807 -24.20178236 -5.00000000
-23.64678597 -24.50504399 -5.00000000
-23.71591528 -24.74042635 -5.00000000
-23.78877298 -24.90380614 -5.00000000
-23.84579398 -24.99648228 -5.00000000
-23.86852406 -25.02507543 -5.00000000
-23.92695202 -25.19035093 -5.00000000
-23.82827012 -25.63617646 -5.00000000
-23.41190347 -26.01697092 -5.00000000
-22.95906035 -26.07555101 -5.00000000
-22.79964592 -26.00263424 -5.00000000
-22.77319098 -25.97744771 -5.00000000
-22.68596204 -25.91239870 -5.00000000
-22.52972104 -25.82527838 -5.00000000
-22.30143157 -25.73545838 -5.00000000
-22.00349280 -25.66240276 -5.00000000
-21.64355619 -25.62417287 -5.00000000
-21.23393892 -25.63603987 -5.00000000
-20.79067905 -25.70931156 -5.00000000
-20.33230506 -25.85046346 -5.00000000
-19.87841416 -26.06064090 -5.00000000
-19.44816853 -26.33557043 -5.00000000
-19.05882504 -26.66588723 -5.00000000
-18.72441113 -27.03785342 -5.00000000
-18.45464883 -27.43441221 -5.00000000
-18.25420913 -27.83649675 -5.00000000
-18.12235437 -28.22449347 -5.00000000
-18.05299576 -28.57974728 -5.00000000
-18.03516184 -28.88599324 -5.00000000
-18.05384176 -29.13060472 -5.00000000
-18.09113878 -29.30556224 -5.00000000
-18.12764527 -29.40806852 -5.00000000
-18.14393380 -29.44076268 -5.00000000
-18.16672225 -29.61457438 -5.00000000
-17.97750445 -30.03014042 -5.00000000
-17.49106479 -30.31604612 -5.00000000
-17.03593790 -30.27919472 -5.00000000
-16.89516730 -30.17472722 -5.00000000
-16.87452704 -30.14459079 -5.00000000
-16.80272871 -30.06282735 -5.00000000
-16.66801529 -29.94512648 -5.00000000
-16.46338912 -29.80980521 -5.00000000
-16.18715014 -29.67640108 -5.00000000
-15.84302745 -29.56417157 -5.00000000
-15.43989401 -29.49061503 -5.00000000
-14.99108639 -29.47012666 -5.00000000
-14.51338185 -29.51289273 -5.00000000
-14.02571120 -29.62410806 -5.00000000
-13.54770641 -29.80357663 -5.00000000
-13.09819428 -30.04572615 -5.00000000
-12.69375201 -30.34003543 -5.00000000
-12.34743544 -30.67184172 -5.00000000
-12.06777776 -31.02346599 -5.00000000
-11.85813528 -31.37556991 -5.00000000
-11.71643091 -31.70864011 -5.00000000
-11.63531458 -32.00448597 -5.00000000
-11.60272872 -32.24763588 -5.00000000
-11.60283499 -32.42652464 -5.00000000
-11.61723148 -32.53438104 -5.00000000
-11.62636657 -32.56974734 -5.00000000
-11.61251955 -32.74449881 -5.00000000
-11.34103557 -33.11164315 -5.00000000
-10.80578265 -33.29016463 -5.00000000
-10.36826321 -33.15949232 -5.00000000
-10.25228881 -33.02803984 -5.00000000
-10.23836530 -32.99427061 -5.00000000
-10.18513551 -32.89936618 -5.00000000
-10.07783729 -32.75622886 -5.00000000
-9.90581756 -32.58132051 -5.00000000
-9.66335135 -32.39339827 -5.00000000
-9.35008239 -32.21207412 -5.00000000
-8.97105165 -32.05630881 -5.00000000
-8.53631133 -31.94295580 -5.00000000
-8.06015420 -31.88546698 -5.00000000
-7.56001736 -31.89285956 -5.00000000
-7.05514451 -31.96902352 -5.00000000
-6.56510958 -32.11242267 -5.00000000
-6.10831500 -32.31621231 -5.00000000
-5.70057988 -32.56876457 -5.00000000
-5.35392659 -32.85456091 -5.00000000
-5.07565879 -33.15538339 -5.00000000
-4.86780180 -33.45171320 -5.00000000
-4.72694825 -33.72422910 -5.00000000
-4.64452075 -33.95529061 -5.00000000
-4.60743165 -34.13029232 -5.00000000
-4.59908893 -34.23878500 -5.00000000
-4.60067132 -34.27527775 -5.00000000
-4.55079403 -34.44333153 -5.00000000
-4.20890902 -34.74600819 -5.00000000
-3.64823596 -34.80934321 -5.00000000
-3.24744567 -34.59056099 -5.00000000
-3.16133609 -34.43786862 -5.00000000
-3.15473787 -34.40194247 -5.00000000
-3.12240301 -34.29804484 -5.00000000
-3.04720944 -34.13572686 -5.00000000
-2.91531424 -33.92887577 -5.00000000
-2.71721773 -33.69464851 -5.00000000
-2.44849386 -33.45215445 -5.00000000
-2.11013128 -33.22098807 -5.00000000
-1.70845849 -33.01972450 -5.00000000
-1.25465914 -32.86449331 -5.00000000
-0.76391449 -32.76774005 -5.00000000
-0.25423894 -32.73727068 -5.00000000
0.25490190 -32.77565222 -5.00000000
0.74408468 -32.88001563 -5.00000000
1.19541837 -33.04227612 -5.00000000
1.59391686 -33.24975385 -5.00000000
1.92864835 -33.48614751 -5.00000000
2.19357360 -33.73278591 -5.00000000
2.38800840 -33.97006158 -5.00000000
2.51667505 -34.17893621 -5.00000000
2.58933857 -34.34240245 -5.00000000
2.62005588 -34.44678975 -5.00000000
2.62609533 -34.48281405 -5.00000000
2.70982304 -34.63682537 -5.00000000
3.10716705 -34.86180593 -5.00000000
3.66875615 -34.80718645 -5.00000000
4.01530083 -34.50985616 -5.00000000
4.06778218 -34.34259730 -5.00000000
4.06676675 -34.30608437 -5.00000000
4.07679348 -34.19773436 -5.00000000
4.11659609 -34.02332979 -5.00000000
4.20260229 -33.79357634 -5.00000000
4.34767134 -33.52328093 -5.00000000
4.56010559 -33.23021511 -5.00000000
4.84301195 -32.93375074 -5.00000000
5.19406218 -32.65337279 -5.00000000
5.60567054 -32.40718358 -5.00000000
6.06557511 -32.21051306 -5.00000000
6.55777809 -32.07474202 -5.00000000
7.06377296 -32.00642849 -5.00000000
7.56396429 -32.00680450 -5.00000000
8.03917111 -32.07168166 -5.00000000
8.47209850 -32.19177301 -5.00000000
8.84866431 -32.35340631 -5.00000000
9.15907931 -32.53957401 -5.00000000
9.39859763 -32.73123937 -5.00000000
9.56788008 -32.90879828 -5.00000000
9.67294227 -33.05358480 -5.00000000
9.72469167 -33.14930450 -5.00000000
9.73808902 -33.18328590 -5.00000000
9.85200783 -33.31652375 -5.00000000
10.28744501 -33.45397548 -5.00000000
10.82540602 -33.28378862 -5.00000000
11.10255942 -32.92090502 -5.00000000
11.11911885 -32.74638968 -5.00000000
11.11053415 -32.71088577 -5.00000000
11.09781453 -32.60281879 -5.00000000
11.10048661 -32.42394995 -5.00000000
11.13684495 -32.18133547 -5.00000000
11.22254631 -31.88678511 -5.00000000
11.36940656 -31.55595592 -5.00000000
11.58449232 -31.20715046 -5.00000000
11.86957740 -30.85991200 -5.00000000
12.22100552 -30.53352443 -5.00000000
12.62996998 -30.24553209 -5.00000000
13.08318875 -30.01039322 -5.00000000
13.56392323 -29.83837026 -5.00000000
14.05326236 -29.73474243 -5.00000000
14.53157349 -29.69940081 -5.00000000
14.98000877 -29.72685721 -5.00000000
15.38195117 -29.80666600 -5.00000000
15.72428930 -29.92422658 -5.00000000
15.99842304 -30.06190493 -5.00000000
16.20092284 -30.20038796 -5.00000000
16.33379198 -30.32016688 -5.00000000
16.40431177 -30.40303557 -5.00000000
16.42448149 -30.43348894 -5.00000000
16.56361260 -30.54013016 -5.00000000
17.01811226 -30.58404576 -5.00000000
17.50893369 -30.30572951 -5.00000000
17.70458289 -29.89315235 -5.00000000
17.68449668 -29.71900770 -5.00000000
17.66871789 -29.68606449 -5.00000000
17.63380784 -29.58300359 -5.00000000
17.59923261 -29.40748791 -5.00000000
17.58435403 -29.16261581 -5.00000000
17.60694216 -28.85668377 -5.00000000
17.68180990 -28.50255003 -5.00000000
17.81967479 -28.11664796 -5.00000000
18.02633514 -27.71772498 -5.00000000
18.30222392 -27.32540374 -5.00000000
18.64237455 -26.95867624 -5.00000000
19.03680128 -26.63444623 -5.00000000
19.47126498 -26.36623207 -5.00000000
19.92836543 -26.16312942 -5.00000000
20.38887639 -26.02911363 -5.00000000
20.83322079 -25.96273510 -5.00000000
21.24297296 -25.95723135 -5.00000000
21.60227240 -26.00104686 -5.00000000
21.89904060 -26.07872100 -5.00000000
22.12590753 -26.17207576 -5.00000000
22.28077660 -26.26161218 -5.00000000
22.36698474 -26.32800810 -5.00000000
22.39304531 -26.35360247 -5.00000000
22.55130803 -26.42898634 -5.00000000
23.00500634 -26.37744649 -5.00000000
23.42723694 -26.00316460 -5.00000000
23.53283112 -25.55892549 -5.00000000
23.47697713 -25.39276247 -5.00000000
23.45469387 -25.36381975 -5.00000000
23.39911912 -25.27026918 -5.00000000
23.32880768 -25.10577754 -5.00000000
23.26334247 -24.86934991 -5.00000000
23.22183014 -24.56540688 -5.00000000
23.22143330 -24.20344594 -5.00000000
23.27605196 -23.79731303 -5.00000000
23.39525553 -23.36414036 -5.00000000
23.58354731 -22.92303179 -5.00000000
23.84001789 -22.49359687 -5.00000000
24.15841425 -22.09444614 -5.00000000
24.52761901 -21.74176301 -5.00000000
24.93250331 -21.44806212 -5.00000000
25.35508754 -21.22122928 -5.00000000
25.77592108 -21.06391689 -5.00000000
26.17557489 -20.97334114 -5.00000000
26.53613253 -20.94149662 -5.00000000
26.84256499 -20.95577182 -5.00000000
27.08388389 -20.99991827 -5.00000000
27.25398436 -21.05529901 -5.00000000
27.35211314 -21.10232034 -5.00000000
27.38292559 -21.12193711 -5.00000000
27.55340308 -21.16276900 -5.00000000
27.98647126 -21.01802623 -5.00000000
28.32165753 -20.56413662 -5.00000000
28.33258171 -20.10765094 -5.00000000
28.24340104 -19.95673168 -5.00000000
28.21558719 -19.93305437 -5.00000000
28.14177662 -19.85310275 -5.00000000
28.03880192 -19.70682421 -5.00000000
27.92561121 -19.48917408 -5.00000000
27.82181272 -19.20050384 -5.00000000
27.74616863 -18.84653511 -5.00000000
27.71515397 -18.43792133 -5.00000000
27.74169100 -17.98943071 -5.00000000
27.83415652 -17.51881335 -5.00000000
27.99573806 -17.04543938 -5.00000000
28.22418859 -16.58881272 -5.00000000
28.51199840 -16.16707458 -5.00000000
28.84697115 -15.79561158 -5.00000000
29.21315971 -15.48587538 -5.00000000
29.59208994 -15.24450443 -5.00000000
29.96417860 -15.07281529 -5.00000000
30.31023634 -14.96670250 -5.00000000
30.61294050 -14.91695485 -5.00000000
30.85816456 -14.90996358 -5.00000000
31.03606223 -14.92876824 -5.00000000
31.14182294 -14.95435992 -5.00000000
31.17604062 -14.96714175 -5.00000000
31.35128220 -14.97163710 -5.00000000
31.74479308 -14.74001737 -5.00000000
31.97828577 -14.22635719 -5.00000000
31.89406253 -13.77757555 -5.00000000
31.77545278 -13.64849594 -5.00000000
31.74332395 -13.63111887 -5.00000000
31.65450344 -13.56826046 -5.00000000
31.52336597 -13.44658811 -5.00000000
31.36739674 -13.25722782 -5.00000000
31.20584858 -12.99644664 -5.00000000
31.05826326 -12.66594027 -5.00000000
30.94297075 -12.27270399 -5.00000000
30.87568144 -11.82849660 -5.00000000
30.86827952 -11.34893870 -5.00000000
30.92791014 -10.85231440 -5.00000000
31.05643045 -10.35816859 -5.00000000
31.25026664 -9.88580742 -5.00000000
31.50068793 -9.45281702 -5.00000000
31.79447661 -9.07371442 -5.00000000
32.11494247 -8.75883398 -5.00000000
32.44320391 -8.51353507 -5.00000000
32.75963738 -8.33779165 -5.00000000
33.04538360 -8.22619538 -5.00000000
33.28379536 -8.16837193 -5.00000000
33.46171526 -8.14977866 -5.00000000
33.57048565 -8.15282222 -5.00000000
33.60661309 -8.15821048 -5.00000000
33.77895985 -8.12617282 -5.00000000
34.11571512 -7.81779902 -5.00000000
34.23730948 -7.26681769 -5.00000000
34.06161977 -6.84535400 -5.00000000
33.91876477 -6.74375545 -5.00000000
33.88372513 -6.73343806 -5.00000000
33.78377657 -6.69042008 -5.00000000
33.63020766 -6.59867157 -5.00000000
33.43827652 -6.44587709 -5.00000000
33.22603911 -6.22438235 -5.00000000
33.01296275 -5.93178306 -5.00000000
32.81843124 -5.57111059 -5.00000000
32.66025645 -5.15060044 -5.00000000
32.55331058 -4.68306097 -5.00000000
32.50838413 -4.18489120 -5.00000000
32.53135728 -3.67482279 -5.00000000
32.62274827 -3.17248303 -5.00000000
32.77767350 -2.69688900 -5.00000000
32.98622232 -2.26498860 -5.00000000
33.23421790 -1.89036046 -5.00000000
33.50430554 -1.58217252 -5.00000000
33.77728506 -1.34447930 -5.00000000
34.03358488 -1.17591169 -5.00000000
34.25476460 -1.06978324 -5.00000000
34.42493076 -1.01460465 -5.00000000
34.53195705 -0.99496706 -5.00000000
34.56841529 -0.99272625 -5.00000000
