34.58226858 -0.16595549 5.00000000
34.74253590 -0.09493293 5.00000000
34.99885623 0.28295383 5.00000000
34.98974691 0.84711926 5.00000000
34.72136026 1.21653383 5.00000000
34.55888355 1.28234519 5.00000000
34.52240781 1.28428042 5.00000000
34.41522073 1.30302053 5.00000000
34.24459819 1.35677134 5.00000000
34.02253697 1.46104277 5.00000000
33.76483370 1.62745689 5.00000000
33.48987210 1.86285443 5.00000000
33.21721159 2.16876844 5.00000000
32.96608565 2.54130544 5.00000000
32.75392519 2.97144322 5.00000000
32.59502033 3.44572242 5.00000000
32.49942337 3.94727876 5.00000000
32.47217709 4.45713677 5.00000000
32.51292773 4.95566550 5.00000000
32.61595226 5.42408467 5.00000000
32.77059798 5.84590543 5.00000000
32.96210053 6.20819524 5.00000000
33.17271768 6.50256966 5.00000000
33.38309170 6.72583499 5.00000000
33.57373582 6.88023233 5.00000000
33.72653056 6.97326439 5.00000000
33.82611516 7.01711835 5.00000000
33.86106712 7.02772897 5.00000000
34.00306580 7.13052096 5.00000000
34.17521784 7.55344198 5.00000000
34.04901099 8.10338511 5.00000000
33.70968363 8.40892636 5.00000000
33.53707447 8.43951878 5.00000000
33.50099345 8.43382799 5.00000000
33.39225238 8.42987314 5.00000000
33.21418293 8.44697494 5.00000000
32.97529504 8.50279867 5.00000000
32.68862376 8.61199672 5.00000000
32.37072882 8.78508253 5.00000000
32.04042350 9.02762228 5.00000000
31.71733047 9.33980643 5.00000000
31.42037555 9.71643403 5.00000000
31.16633496 10.14731091 5.00000000
30.96854759 10.61803131 5.00000000
30.83589127 11.11108288 5.00000000
30.77210146 11.60719009 5.00000000
30.77548484 12.08679318 5.00000000
30.83904971 12.53154880 5.00000000
30.95104318 12.92573733 5.00000000
31.09585396 13.25746874 5.00000000
31.25521133 13.51959440 5.00000000
31.40958840 13.71025493 5.00000000
31.53970176 13.83302183 5.00000000
31.62799245 13.89662227 5.00000000
31.65997455 13.91426795 5.00000000
31.77749856 14.04433687 5.00000000
31.85795844 14.49380848 5.00000000
31.62016991 15.00549415 5.00000000
31.22473206 15.23380847 5.00000000
31.04953431 15.22784490 5.00000000
31.01542493 15.21477681 5.00000000
30.90988237 15.18829984 5.00000000
30.73214851 15.16800521 5.00000000
30.48687447 15.17294146 5.00000000
30.18376410 15.22015096 5.00000000
29.83682937 15.32336036 5.00000000
29.46331517 15.49192569 5.00000000
29.08237576 15.73011306 5.00000000
28.71360473 16.03677004 5.00000000
28.37553119 16.40541321 5.00000000
28.08419768 16.82472495 5.00000000
27.85192904 17.27942135 5.00000000
27.68638669 17.75142479 5.00000000
27.58998105 18.22125084 5.00000000
27.55968698 18.66950336 5.00000000
27.58727673 19.07836268 5.00000000
27.65995220 19.43295281 5.00000000
27.76132824 19.72248266 5.00000000
27.87269125 19.94107359 5.00000000
27.97443665 20.08820983 5.00000000
28.04757470 20.16877712 5.00000000
28.07518917 20.19268665 5.00000000
28.16310215 20.34434787 5.00000000
28.14835338 20.80072599 5.00000000
27.80937567 21.25179109 5.00000000
27.37510988 21.39290004 5.00000000
27.20498051 21.35064113 5.00000000
27.17433351 21.33076687 5.00000000
27.07660218 21.28292495 5.00000000
26.90697172 21.22612086 5.00000000
26.66603121 21.17995391 5.00000000
26.35972911 21.16311158 5.00000000
25.99891730 21.19193381 5.00000000
25.59851857 21.27915762 5.00000000
25.17638167 21.43293826 5.00000000
24.75191160 21.65622225 5.00000000
24.34458056 21.94652024 5.00000000
23.97243357 22.29609736 5.00000000
23.65070385 22.69256620 5.00000000
23.39064398 23.11983703 5.00000000
23.19866270 23.55935240 5.00000000
23.07583369 23.99151104 5.00000000
23.01781390 24.39717203 5.00000000
23.01517780 24.75912360 5.00000000
23.05414189 25.06340379 5.00000000
23.11762375 25.30037166 5.00000000
23.18655442 25.46544668 5.00000000
23.24134334 25.55945963 5.00000000
23.26338331 25.58858805 5.00000000
23.31784303 25.75521325 5.00000000
23.20853021 26.19855197 5.00000000
22.78317827 26.56928279 5.00000000
22.32906403 26.61701923 5.00000000
22.17143851 26.54031189 5.00000000
22.14559332 26.51450006 5.00000000
22.05994455 26.44738412 5.00000000
21.90583115 26.35655318 5.00000000
21.67975442 26.26130074 5.00000000
21.38364748 26.18114266 5.00000000
21.02472779 26.13431807 5.00000000
20.61494389 26.13638825 5.00000000
20.17005889 26.19904122 5.00000000
19.70844117 26.32919362 5.00000000
19.24965493 26.52845903 5.00000000
18.81295908 26.79302334 5.00000000
18.41582942 27.11393701 5.00000000
18.07261787 27.47780146 5.00000000
17.79345146 27.86779721 5.00000000
17.58345573 28.26497456 5.00000000
17.44236215 28.64970789 5.00000000
17.36452970 29.00320187 5.00000000
17.33937892 29.30893390 5.00000000
17.35220515 29.55392208 5.00000000
17.38530850 29.72972130 5.00000000
17.41935376 29.83307110 5.00000000
17.43485596 29.86614536 5.00000000
17.45348228 30.04045221 5.00000000
17.25438291 30.45137551 5.00000000
16.76124666 30.72556933 5.00000000
16.30713093 30.67784695 5.00000000
16.16889827 30.57004367 5.00000000
16.14898443 30.53942237 5.00000000
16.07916148 30.45596569 5.00000000
15.94730065 30.33507765 5.00000000
15.74596833 30.19490270 5.00000000
15.47299784 30.05493218 5.00000000
15.13165679 29.93450722 5.00000000
14.73039723 29.85133330 5.00000000
14.28220775 29.82012036 5.00000000
13.80361728 29.85145290 5.00000000
13.31342702 29.95097685 5.00000000
12.83126800 30.11896563 5.00000000
12.37609488 30.35029866 5.00000000
11.96473165 30.63485411 5.00000000
11.61058102 30.95828556 5.00000000
11.32259638 31.30312306 5.00000000
11.10459548 31.65011404 5.00000000
10.95496832 31.97970106 5.00000000
10.86680189 32.27352297 5.00000000
10.82841193 32.51582428 5.00000000
10.82424117 32.69466445 5.00000000
10.83605483 32.80283422 5.00000000
10.84434174 32.83840881 5.00000000
10.82632060 33.01277927 5.00000000
10.54613627 33.37332782 5.00000000
10.00676813 33.53900105 5.00000000
9.57249797 33.39790556 5.00000000
9.45969958 33.26371785 5.00000000
9.44658743 33.22962538 5.00000000
9.39564190 33.13347542 5.00000000
9.29179658 32.98781366 5.00000000
9.12400787 32.80884253 5.00000000
8.88610394 32.61517695 5.00000000
8.57725977 32.42641476 5.00000000
8.20206153 32.26163184 5.00000000
7.77015560 32.13791714 5.00000000
7.29550908 32.06906044 5.00000000
6.79533845 32.06449327 5.00000000
6.28878894 32.12856459 5.00000000
5.79546560 32.26020663 5.00000000
5.33392924 32.45301664 5.00000000
4.92027247 32.69574828 5.00000000
4.56688524 32.97317488 5.00000000
4.28150470 33.26725833 5.00000000
4.06662226 33.55853385 5.00000000
3.91929346 33.82760421 5.00000000
3.83136514 34.05662894 5.00000000
3.79010257 34.23069387 5.00000000
3.77916831 34.33895607 5.00000000
3.77987776 34.37547622 5.00000000
3.72599677 34.54228946 5.00000000
3.37697288 34.83670556 5.00000000
2.81494582 34.88661749 5.00000000
2.41950090 34.65831543 5.00000000
2.33706662 34.50360794 5.00000000
2.33132923 34.46753430 5.00000000
2.30148769 34.36289328 5.00000000
2.23019642 34.19882392 5.00000000
2.10328448 33.98887851 5.00000000
1.91084467 33.74998197 5.00000000
1.64799534 33.50113238 5.00000000
1.31525638 33.26194226 5.00000000
0.91851037 33.05113274 5.00000000
0.46855212 32.88509615 5.00000000
-0.01973900 32.77663747 5.00000000
-0.52854037 32.73399111 5.00000000
-1.03845334 32.76018877 5.00000000
-1.52999147 32.85282661 5.00000000
-1.98507559 33.00424990 5.00000000
-2.38842070 33.20214073 5.00000000
-2.72870838 33.43046380 5.00000000
-2.99945470 33.67069768 5.00000000
-3.19950689 33.90325683 5.00000000
-3.33313069 34.10899549 5.00000000
-3.40968171 34.27067771 5.00000000
-3.44288600 34.37430076 5.00000000
-3.44978502 34.41017036 5.00000000
-3.53717101 34.56213584 5.00000000
-3.93978044 34.77755210 5.00000000
-4.49990313 34.70952134 5.00000000
-4.83923996 34.40399060 5.00000000
-4.88770735 34.23552480 5.00000000
-4.88581924 34.19904658 5.00000000
-4.89325259 34.09048781 5.00000000
-4.92887403 33.91518148 5.00000000
-5.00936253 33.68343740 5.00000000
-5.14792769 33.40975084 5.00000000
-5.35329439 33.11168976 5.00000000
-5.62903178 32.80854620 5.00000000
-5.97327818 32.51985523 5.00000000
-6.37888281 32.26389536 5.00000000
-6.83395378 32.05628533 5.00000000
-7.32276994 31.90878514 5.00000000
-7.82698688 31.82839345 5.00000000
-8.32704422 31.81681041 5.00000000
-8.80366633 31.87030743 5.00000000
-9.23934119 31.98001371 5.00000000
-9.61966381 32.13259759 5.00000000
-9.93444111 32.31129045 5.00000000
-10.17847344 32.49717444 5.00000000
-10.35195271 32.67063527 5.00000000
-10.46044653 32.81286849 5.00000000
-10.51446967 32.90732357 5.00000000
-10.52867565 32.94097495 5.00000000
-10.64574744 33.07145105 5.00000000
-11.08434644 33.19845273 5.00000000
-11.61808472 33.01545256 5.00000000
-11.88648281 32.64604630 5.00000000
-11.89886507 32.47118494 5.00000000
-11.88943396 32.43589643 5.00000000
-11.87413424 32.32816444 5.00000000
-11.87252903 32.14928286 5.00000000
-11.90307636 31.90586844 5.00000000
-11.98171091 31.60935327 5.00000000
-12.12061946 31.27510741 5.00000000
-12.32730425 30.92125923 5.00000000
-12.60400581 30.56730400 5.00000000
-12.94752996 30.23260753 5.00000000
-13.34949197 29.93491970 5.00000000
-13.79695932 29.68901215 5.00000000
-14.27344353 29.50554461 5.00000000
-14.76016517 29.39024692 5.00000000
-15.23749460 29.34347959 5.00000000
-15.68645814 29.36020663 5.00000000
-16.09019377 29.43038267 5.00000000
-16.43524476 29.53972478 5.00000000
-16.71259186 29.67080958 5.00000000
-16.91834472 29.80441151 5.00000000
-17.05403965 29.92097946 5.00000000
-17.12652057 30.00213843 5.00000000
-17.14741262 30.03210085 5.00000000
-17.28905362 30.13538515 5.00000000
-17.74447332 30.16842168 5.00000000
-18.22850026 29.87845007 5.00000000
-18.41422933 29.46131313 5.00000000
-18.38998528 29.28769849 5.00000000
-18.37342338 29.25514195 5.00000000
-18.33605925 29.15294516 5.00000000
-18.29729754 28.97830631 5.00000000
-18.27656864 28.73385993 5.00000000
-18.29183586 28.42747529 5.00000000
-18.35821531 28.07165279 5.00000000
-18.48681436 27.68256486 5.00000000
-18.68387790 27.27881491 5.00000000
-18.95030791 26.88000967 5.00000000
-19.28159331 26.50525443 5.00000000
-19.66815537 26.17168687 5.00000000
-20.09608222 25.89316189 5.00000000
-20.54819608 25.67918862 5.00000000
-21.00537124 25.53420090 5.00000000
-21.44800160 25.45721764 5.00000000
-21.85750505 25.44191880 5.00000000
-22.21774936 25.47713139 5.00000000
-22.51628982 25.54768797 5.00000000
-22.74532389 25.63559195 5.00000000
-22.90228939 25.72140005 5.00000000
-22.99006033 25.78571587 5.00000000
-23.01672538 25.81067984 5.00000000
-23.17674519 25.88225831 5.00000000
-23.62908156 25.81988583 5.00000000
-24.04224286 25.43561594 5.00000000
-24.13718566 24.98897919 5.00000000
-24.07737489 24.82419907 5.00000000
-24.05440602 24.79579738 5.00000000
-23.99661048 24.70360228 5.00000000
-23.92238635 24.54083872 5.00000000
-23.85128717 24.30604386 5.00000000
-23.80251981 24.00318023 5.00000000
-23.79346905 23.64133224 5.00000000
-23.83836198 23.23400957 5.00000000
-23.94717487 22.79811071 5.00000000
-24.12486648 22.35262641 5.00000000
-24.37099650 21.91718236 5.00000000
-24.67975865 21.51053328 5.00000000
-25.04042567 21.14912375 5.00000000
-25.43817222 20.84582654 5.00000000
-25.85521237 20.60895509 5.00000000
-26.27216447 20.44162607 5.00000000
-26.66953848 20.34152100 5.00000000
-27.02923169 20.30106511 5.00000000
-27.33591786 20.30800981 5.00000000
-27.57822326 20.34637401 5.00000000
-27.74959920 20.39767204 5.00000000
-27.84882414 20.44233380 5.00000000
-27.88009679 20.46120827 5.00000000
-28.05150179 20.49795258 5.00000000
-28.48098556 20.34289708 5.00000000
-28.80522409 19.88112334 5.00000000
-28.80523116 19.42450696 5.00000000
-28.71246769 19.27576304 5.00000000
-28.68409569 19.25275749 5.00000000
-28.60839469 19.17459344 5.00000000
-28.50195209 19.03081872 5.00000000
-28.38359000 18.81593704 5.00000000
-28.27291943 18.52983101 5.00000000
-28.18883403 18.17777202 5.00000000
-28.14805879 17.77001657 5.00000000
-28.16386539 17.32101968 5.00000000
-28.24505261 16.84832611 5.00000000
-28.39527020 16.37122425 5.00000000
-28.61273806 15.90926616 5.00000000
-28.89038237 15.48076741 5.00000000
-29.21637816 15.10140182 5.00000000
-29.57505664 14.78299906 5.00000000
-29.94810768 14.53263736 5.00000000
-30.31598511 14.35210113 5.00000000
-30.65940690 14.23774487 5.00000000
-30.96083513 14.18077417 5.00000000
-31.20582194 14.16792190 5.00000000
-31.38411836 14.18246788 5.00000000
-31.49046070 14.20552364 5.00000000
-31.52497420 14.21748371 5.00000000
-31.70027315 14.21778797 5.00000000
-32.08813382 13.97682611 5.00000000
-32.30927880 13.45773025 5.00000000
-32.21434983 13.01109056 5.00000000
-32.09268786 12.88488366 5.00000000
-32.06015275 12.86827971 5.00000000
-31.96985477 12.80756286 5.00000000
-31.83584575 12.68906062 5.00000000
-31.67539374 12.50348349 5.00000000
-31.50765681 12.24663926 5.00000000
-31.35221169 11.91975595 5.00000000
-31.22755036 11.52938857 5.00000000
-31.14965985 11.08691697 5.00000000
-31.13079442 10.60767312 5.00000000
-31.17853433 10.10976509 5.00000000
-31.29520351 9.61268778 5.00000000
-31.47769073 9.13582726 5.00000000
-31.71768819 8.69697338 5.00000000
-32.00232903 8.31095503 5.00000000
-32.31517488 7.98850267 5.00000000
-32.63747771 7.73542556 5.00000000
-32.94961891 7.55216685 5.00000000
-33.23261533 7.43377065 5.00000000
-33.46957645 7.37026361 5.00000000
-33.64700095 7.34742181 5.00000000
-33.75581302 7.34786394 5.00000000
-33.79205895 7.35238690 5.00000000
-33.96359047 7.31623780 5.00000000
-34.29287666 6.99990076 5.00000000
-34.40126299 6.44616977 5.00000000
-34.21554684 6.02902708 5.00000000
-34.07030358 5.93087304 5.00000000
-34.03502728 5.92139636 5.00000000
-33.93407878 5.88078032 5.00000000
-33.77836018 5.79272968 5.00000000
-33.58283078 5.64456771 5.00000000
-33.36535838 5.42821061 5.00000000
-33.14534725 5.14078934 5.00000000
-32.94224813 4.78487098 5.00000000
-32.77406470 4.36826278 5.00000000
-32.65597112 3.90341391 5.00000000
-32.59914691 3.40646067 5.00000000
-32.60991840 2.89598881 5.00000000
-32.68927295 2.39160761 5.00000000
-32.83278304 1.91244546 5.00000000
-33.03094607 1.47568238 5.00000000
-33.26991387 1.09523207 5.00000000
-33.53255592 0.78067478 5.00000000
-33.79977446 0.53652291 5.00000000
-34.05197078 0.36187568 5.00000000
-34.27054988 0.25048944 5.00000000
-34.43934814 0.19125816 5.00000000
-34.54587433 0.16906732 5.00000000
-34.58226858 0.16595549 5.00000000
-34.74253590 0.09493293 5.00000000
-34.99885623 -0.28295383 5.00000000
-34.98974691 -0.84711926 5.00000000
-34.72136026 -1.21653383 5.00000000
-34.55888355 -1.28234519 5.00000000
-34.52240781 -1.28428042 5.00000000
-34.41522073 -1.30302053 5.00000000
-34.24459819 -1.35677134 5.00000000
-34.02253697 -1.46104277 5.00000000
-33.76483370 -1.62745689 5.00000000
-33.48987210 -1.86285443 5.00000000
-33.21721159 -2.16876844 5.00000000
-32.96608565 -2.54130544 5.00000000
-32.75392519 -2.97144322 5.00000000
-32.59502033 -3.44572242 5.00000000
-32.49942337 -3.94727876 5.00000000
-32.47217709 -4.45713677 5.00000000
-32.51292773 -4.95566550 5.00000000
-32.61595226 -5.42408467 5.00000000
-32.77059798 -5.84590543 5.00000000
-32.96210053 -6.20819524 5.00000000
-33.17271768 -6.50256966 5.00000000
-33.38309170 -6.72583499 5.00000000
-33.57373582 -6.88023233 5.00000000
-33.72653056 -6.97326439 5.00000000
-33.82611516 -7.01711835 5.00000000
-33.86106712 -7.02772897 5.00000000
-34.00306580 -7.13052096 5.00000000
-34.17521784 -7.55344198 5.00000000
-34.04901099 -8.10338511 5.00000000
-33.70968363 -8.40892636 5.00000000
-33.53707447 -8.43951878 5.00000000
-33.50099345 -8.43382799 5.00000000
-33.39225238 -8.42987314 5.00000000
-33.21418293 -8.44697494 5.00000000
-32.97529504 -8.50279867 5.00000000
-32.68862376 -8.61199672 5.00000000
-32.37072882 -8.78508253 5.00000000
-32.04042350 -9.02762228 5.00000000
-31.71733047 -9.33980643 5.00000000
-31.42037555 -9.71643403 5.00000000
-31.16633496 -10.14731091 5.00000000
-30.96854759 -10.61803131 5.00000000
-30.83589127 -11.11108288 5.00000000
-30.77210146 -11.60719009 5.00000000
-30.77548484 -12.08679318 5.00000000
-30.83904971 -12.53154880 5.00000000
-30.95104318 -12.92573733 5.00000000
-31.09585396 -13.25746874 5.00000000
-31.25521133 -13.51959440 5.00000000
-31.40958840 -13.71025493 5.00000000
-31.53970176 -13.83302183 5.00000000
-31.62799245 -13.89662227 5.00000000
-31.65997455 -13.91426795 5.00000000
-31.77749856 -14.04433687 5.00000000
-31.85795844 -14.49380848 5.00000000
-31.62016991 -15.00549415 5.00000000
-31.22473206 -15.23380847 5.00000000
-31.04953431 -15.22784490 5.00000000
-31.01542493 -15.21477681 5.00000000
-30.90988237 -15.18829984 5.00000000
-30.73214851 -15.16800521 5.00000000
-30.48687447 -15.17294146 5.00000000
-30.18376410 -15.22015096 5.00000000
-29.83682937 -15.32336036 5.00000000
-29.46331517 -15.49192569 5.00000000
-29.08237576 -15.73011306 5.00000000
-28.71360473 -16.03677004 5.00000000
-28.37553119 -16.40541321 5.00000000
-28.08419768 -16.82472495 5.00000000
-27.85192904 -17.27942135 5.00000000
-27.68638669 -17.75142479 5.00000000
-27.58998105 -18.22125084 5.00000000
-27.55968698 -18.66950336 5.00000000
-27.58727673 -19.07836268 5.00000000
-27.65995220 -19.43295281 5.00000000
-27.76132824 -19.72248266 5.00000000
-27.87269125 -19.94107359 5.00000000
-27.97443665 -20.08820983 5.00000000
-28.04757470 -20.16877712 5.00000000
-28.07518917 -20.19268665 5.00000000
-28.16310215 -20.34434787 5.00000000
-28.14835338 -20.80072599 5.00000000
-27.80937567 -21.25179109 5.00000000
-27.37510988 -21.39290004 5.00000000
-27.20498051 -21.35064113 5.00000000
-27.17433351 -21.33076687 5.00000000
-27.07660218 -21.28292495 5.00000000
-26.90697172 -21.22612086 5.00000000
-26.66603121 -21.17995391 5.00000000
-26.35972911 -21.16311158 5.00000000
-25.99891730 -21.19193381 5.00000000
-25.59851857 -21.27915762 5.00000000
-25.17638167 -21.43293826 5.00000000
-24.75191160 -21.65622225 5.00000000
-24.34458056 -21.94652024 5.00000000
-23.97243357 -22.29609736 5.00000000
-23.65070385 -22.69256620 5.00000000
-23.39064398 -23.11983703 5.00000000
-23.19866270 -23.55935240 5.00000000
-23.07583369 -23.99151104 5.00000000
-23.01781390 -24.39717203 5.00000000
-23.01517780 -24.75912360 5.00000000
-23.05414189 -25.06340379 5.00000000
-23.11762375 -25.30037166 5.00000000
-23.18655442 -25.46544668 5.00000000
-23.24134334 -25.55945963 5.00000000
-23.26338331 -25.58858805 5.00000000
-23.31784303 -25.75521325 5.00000000
-23.20853021 -26.19855197 5.00000000
-22.78317827 -26.56928279 5.00000000
-22.32906403 -26.61701923 5.00000000
-22.17143851 -26.54031189 5.00000000
-22.14559332 -26.51450006 5.00000000
-22.05994455 -26.44738412 5.00000000
-21.90583115 -26.35655318 5.00000000
-21.67975442 -26.26130074 5.00000000
-21.38364748 -26.18114266 5.00000000
-21.02472779 -26.13431807 5.00000000
-20.61494389 -26.13638825 5.00000000
-20.17005889 -26.19904122 5.00000000
-19.70844117 -26.32919362 5.00000000
-19.24965493 -26.52845903 5.00000000
-18.81295908 -26.79302334 5.00000000
-18.41582942 -27.11393701 5.00000000
-18.07261787 -27.47780146 5.00000000
-17.79345146 -27.86779721 5.00000000
-17.58345573 -28.26497456 5.00000000
-17.44236215 -28.64970789 5.00000000
-17.36452970 -29.00320187 5.00000000
-17.33937892 -29.30893390 5.00000000
-17.35220515 -29.55392208 5.00000000
-17.38530850 -29.72972130 5.00000000
-17.41935376 -29.83307110 5.00000000
-17.43485596 -29.86614536 5.00000000
-17.45348228 -30.04045221 5.00000000
-17.25438291 -30.45137551 5.00000000
-16.76124666 -30.72556933 5.00000000
-16.30713093 -30.67784695 5.00000000
-16.16889827 -30.57004367 5.00000000
-16.14898443 -30.53942237 5.00000000
-16.07916148 -30.45596569 5.00000000
-15.94730065 -30.33507765 5.00000000
-15.74596833 -30.19490270 5.00000000
-15.47299784 -30.05493218 5.00000000
-15.13165679 -29.93450722 5.00000000
-14.73039723 -29.85133330 5.00000000
-14.28220775 -29.82012036 5.00000000
-13.80361728 -29.85145290 5.00000000
-13.31342702 -29.95097685 5.00000000
-12.83126800 -30.11896563 5.00000000
-12.37609488 -30.35029866 5.00000000
-11.96473165 -30.63485411 5.00000000
-11.61058102 -30.95828556 5.00000000
-11.32259638 -31.30312306 5.00000000
-11.10459548 -31.65011404 5.00000000
-10.95496832 -31.97970106 5.00000000
-10.86680189 -32.27352297 5.00000000
-10.82841193 -32.51582428 5.00000000
-10.82424117 -32.69466445 5.00000000
-10.83605483 -32.80283422 5.00000000
-10.84434174 -32.83840881 5.00000000
-10.82632060 -33.01277927 5.00000000
-10.54613627 -33.37332782 5.00000000
-10.00676813 -33.53900105 5.00000000
-9.57249797 -33.39790556 5.00000000
-9.45969958 -33.26371785 5.00000000
-9.44658743 -33.22962538 5.00000000
-9.39564190 -33.13347542 5.00000000
-9.29179658 -32.98781366 5.00000000
-9.12400787 -32.80884253 5.00000000
-8.88610394 -32.61517695 5.00000000
-8.57725977 -32.42641476 5.00000000
-8.20206153 -32.26163184 5.00000000
-7.77015560 -32.13791714 5.00000000
-7.29550908 -32.06906044 5.00000000
-6.79533845 -32.06449327 5.00000000
-6.28878894 -32.12856459 5.00000000
-5.79546560 -32.26020663 5.00000000
-5.33392924 -32.45301664 5.00000000
-4.92027247 -32.69574828 5.00000000
-4.56688524 -32.97317488 5.00000000
-4.28150470 -33.26725833 5.00000000
-4.06662226 -33.55853385 5.00000000
-3.91929346 -33.82760421 5.00000000
-3.83136514 -34.05662894 5.00000000
-3.79010257 -34.23069387 5.00000000
-3.77916831 -34.33895607 5.00000000
-3.77987776 -34.37547622 5.00000000
-3.72599677 -34.54228946 5.00000000
-3.37697288 -34.83670556 5.00000000
-2.81494582 -34.88661749 5.00000000
-2.41950090 -34.65831543 5.00000000
-2.33706662 -34.50360794 5.00000000
-2.33132923 -34.46753430 5.00000000
-2.30148769 -34.36289328 5.00000000
-2.23019642 -34.19882392 5.00000000
-2.10328448 -33.98887851 5.00000000
-1.91084467 -33.74998197 5.00000000
-1.64799534 -33.50113238 5.00000000
-1.31525638 -33.26194226 5.00000000
-0.91851037 -33.05113274 5.00000000
-0.46855212 -32.88509615 5.00000000
0.01973900 -32.77663747 5.00000000
0.52854037 -32.73399111 5.00000000
1.03845334 -32.76018877 5.00000000
1.52999147 -32.85282661 5.00000000
1.98507559 -33.00424990 5.00000000
2.38842070 -33.20214073 5.00000000
2.72870838 -33.43046380 5.00000000
2.99945470 -33.67069768 5.00000000
3.19950689 -33.90325683 5.00000000
3.33313069 -34.10899549 5.00000000
3.40968171 -34.27067771 5.00000000
3.44288600 -34.37430076 5.00000000
3.44978502 -34.41017036 5.00000000
3.53717101 -34.56213584 5.00000000
3.93978044 -34.77755210 5.00000000
4.49990313 -34.70952134 5.00000000
4.83923996 -34.40399060 5.00000000
4.88770735 -34.23552480 5.00000000
4.88581924 -34.19904658 5.00000000
4.89325259 -34.09048781 5.00000000
4.92887403 -33.91518148 5.00000000
5.00936253 -33.68343740 5.00000000
5.14792769 -33.40975084 5.00000000
5.35329439 -33.11168976 5.00000000
5.62903178 -32.80854620 5.00000000
5.97327818 -32.51985523 5.00000000
6.37888281 -32.26389536 5.00000000
6.83395378 -32.05628533 5.00000000
7.32276994 -31.90878514 5.00000000
7.82698688 -31.82839345 5.00000000
8.32704422 -31.81681041 5.00000000
8.80366633 -31.87030743 5.00000000
9.23934119 -31.98001371 5.00000000
9.61966381 -32.13259759 5.00000000
9.93444111 -32.31129045 5.00000000
10.17847344 -32.49717444 5.00000000
10.35195271 -32.67063527 5.00000000
10.46044653 -32.81286849 5.00000000
10.51446967 -32.90732357 5.00000000
10.52867565 -32.94097495 5.00000000
10.64574744 -33.07145105 5.00000000
11.08434644 -33.19845273 5.00000000
11.61808472 -33.01545256 5.00000000
11.88648281 -32.64604630 5.00000000
11.89886507 -32.47118494 5.00000000
11.88943396 -32.43589643 5.00000000
11.87413424 -32.32816444 5.00000000
11.87252903 -32.14928286 5.00000000
11.90307636 -31.90586844 5.00000000
11.98171091 -31.60935327 5.00000000
12.12061946 -31.27510741 5.00000000
12.32730425 -30.92125923 5.00000000
12.60400581 -30.56730400 5.00000000
12.94752996 -30.23260753 5.00000000
13.34949197 -29.93491970 5.00000000
13.79695932 -29.68901215 5.00000000
14.27344353 -29.50554461 5.00000000
14.76016517 -29.39024692 5.00000000
15.23749460 -29.34347959 5.00000000
15.68645814 -29.36020663 5.00000000
16.09019377 -29.43038267 5.00000000
16.43524476 -29.53972478 5.00000000
16.71259186 -29.67080958 5.00000000
16.91834472 -29.80441151 5.00000000
17.05403965 -29.92097946 5.00000000
17.12652057 -30.00213843 5.00000000
17.14741262 -30.03210085 5.00000000
17.28905362 -30.13538515 5.00000000
17.74447332 -30.16842168 5.00000000
18.22850026 -29.87845007 5.00000000
18.41422933 -29.46131313 5.00000000
18.38998528 -29.28769849 5.00000000
18.37342338 -29.25514195 5.00000000
18.33605925 -29.15294516 5.00000000
18.29729754 -28.97830631 5.00000000
18.27656864 -28.73385993 5.00000000
18.29183586 -28.42747529 5.00000000
18.35821531 -28.07165279 5.00000000
18.48681436 -27.68256486 5.00000000
18.68387790 -27.27881491 5.00000000
18.95030791 -26.88000967 5.00000000
19.28159331 -26.50525443 5.00000000
19.66815537 -26.17168687 5.00000000
20.09608222 -25.89316189 5.00000000
20.54819608 -25.67918862 5.00000000
21.00537124 -25.53420090 5.00000000
21.44800160 -25.45721764 5.00000000
21.85750505 -25.44191880 5.00000000
22.21774936 -25.47713139 5.00000000
22.51628982 -25.54768797 5.00000000
22.74532389 -25.63559195 5.00000000
22.90228939 -25.72140005 5.00000000
22.99006033 -25.78571587 5.00000000
23.01672538 -25.81067984 5.00000000
23.17674519 -25.88225831 5.00000000
23.62908156 -25.81988583 5.00000000
24.04224286 -25.43561594 5.00000000
24.13718566 -24.98897919 5.00000000
24.07737489 -24.82419907 5.00000000
24.05440602 -24.79579738 5.00000000
23.99661048 -24.70360228 5.00000000
23.92238635 -24.54083872 5.00000000
23.85128717 -24.30604386 5.00000000
23.80251981 -24.00318023 5.00000000
23.79346905 -23.64133224 5.00000000
23.83836198 -23.23400957 5.00000000
23.94717487 -22.79811071 5.00000000
24.12486648 -22.35262641 5.00000000
24.37099650 -21.91718236 5.00000000
24.67975865 -21.51053328 5.00000000
25.04042567 -21.14912375 5.00000000
25.43817222 -20.84582654 5.00000000
25.85521237 -20.60895509 5.00000000
26.27216447 -20.44162607 5.00000000
26.66953848 -20.34152100 5.00000000
27.02923169 -20.30106511 5.00000000
27.33591786 -20.30800981 5.00000000
27.57822326 -20.34637401 5.00000000
27.74959920 -20.39767204 5.00000000
27.84882414 -20.44233380 5.00000000
27.88009679 -20.46120827 5.00000000
28.05150179 -20.49795258 5.00000000
28.48098556 -20.34289708 5.00000000
28.80522409 -19.88112334 5.00000000
28.80523116 -19.42450696 5.00000000
28.71246769 -19.27576304 5.00000000
28.68409569 -19.25275749 5.00000000
28.60839469 -19.17459344 5.00000000
28.50195209 -19.03081872 5.00000000
28.38359000 -18.81593704 5.00000000
28.27291943 -18.52983101 5.00000000
28.18883403 -18.17777202 5.00000000
28.14805879 -17.77001657 5.00000000
28.16386539 -17.32101968 5.00000000
28.24505261 -16.84832611 5.00000000
28.39527020 -16.37122425 5.00000000
28.61273806 -15.90926616 5.00000000
28.89038237 -15.48076741 5.00000000
29.21637816 -15.10140182 5.00000000
29.57505664 -14.78299906 5.00000000
29.94810768 -14.53263736 5.00000000
30.31598511 -14.35210113 5.00000000
30.65940690 -14.23774487 5.00000000
30.96083513 -14.18077417 5.00000000
31.20582194 -14.16792190 5.00000000
31.38411836 -14.18246788 5.00000000
31.49046070 -14.20552364 5.00000000
31.52497420 -14.21748371 5.00000000
31.70027315 -14.21778797 5.00000000
32.08813382 -13.97682611 5.00000000
32.30927880 -13.45773025 5.00000000
32.21434983 -13.01109056 5.00000000
32.09268786 -12.88488366 5.00000000
32.06015275 -12.86827971 5.00000000
31.96985477 -12.80756286 5.00000000
31.83584575 -12.68906062 5.00000000
31.67539374 -12.50348349 5.00000000
31.50765681 -12.24663926 5.00000000
31.35221169 -11.91975595 5.00000000
31.22755036 -11.52938857 5.00000000
31.14965985 -11.08691697 5.00000000
31.13079442 -10.60767312 5.00000000
31.17853433 -10.10976509 5.00000000
31.29520351 -9.61268778 5.00000000
31.47769073 -9.13582726 5.00000000
31.71768819 -8.69697338 5.00000000
32.00232903 -8.31095503 5.00000000
32.31517488 -7.98850267 5.00000000
32.63747771 -7.73542556 5.00000000
32.94961891 -7.55216685 5.00000000
33.23261533 -7.43377065 5.00000000
33.46957645 -7.37026361 5.00000000
33.64700095 -7.34742181 5.00000000
33.75581302 -7.34786394 5.00000000
33.79205895 -7.35238690 5.00000000
33.96359047 -7.31623780 5.00000000
34.29287666 -6.99990076 5.00000000
34.40126299 -6.44616977 5.00000000
34.21554684 -6.02902708 5.00000000
34.07030358 -5.93087304 5.00000000
34.03502728 -5.92139636 5.00000000
33.93407878 -5.88078032 5.00000000
33.77836018 -5.79272968 5.00000000
33.58283078 -5.64456771 5.00000000
33.36535838 -5.42821061 5.00000000
33.14534725 -5.14078934 5.00000000
32.94224813 -4.78487098 5.00000000
32.77406470 -4.36826278 5.00000000
32.65597112 -3.90341391 5.00000000
32.59914691 -3.40646067 5.00000000
32.60991840 -2.89598881 5.00000000
32.68927295 -2.39160761 5.00000000
32.83278304 -1.91244546 5.00000000
33.03094607 -1.47568238 5.00000000
33.26991387 -1.09523207 5.00000000
33.53255592 -0.78067478 5.00000000
33.79977446 -0.53652291 5.00000000
34.05197078 -0.36187568 5.00000000
34.27054988 -0.25048944 5.00000000
34.43934814 -0.19125816 5.00000000
34.54587433 -0.16906732 5.00000000
34.58226858 -0.16595549 5.00000000
