34.49045823 -2.52371399 5.00000000
34.65519550 -2.46378528 5.00000000
34.93668709 -2.10425643 5.00000000
34.96606909 -1.54078299 5.00000000
34.72349730 -1.15392715 5.00000000
34.56588641 -1.07718978 5.00000000
34.52962753 -1.07277179 5.00000000
34.42396782 -1.04676627 5.00000000
34.25740766 -0.98150592 5.00000000
34.04297352 -0.86233497 5.00000000
33.79721776 -0.67873556 5.00000000
33.53894779 -0.42513646 5.00000000
33.28778202 -0.10134194 5.00000000
33.06264369 0.28745208 5.00000000
32.88030790 0.73105576 5.00000000
32.75411373 1.21506665 5.00000000
32.69294012 1.72197427 5.00000000
32.70052418 2.23250343 5.00000000
32.77517435 2.72709302 5.00000000
32.90990031 3.18739671 5.00000000
33.09294979 3.59769044 5.00000000
33.30871093 3.94607853 5.00000000
33.53891107 4.22540591 5.00000000
33.76401975 4.43380628 5.00000000
33.96474839 4.57484433 5.00000000
34.12353129 4.65724087 5.00000000
34.22587447 4.69420213 5.00000000
34.26146861 4.70240470 5.00000000
34.41014609 4.79527463 5.00000000
34.61073617 5.20547231 5.00000000
34.52232339 5.76274136 5.00000000
34.20462052 6.09070996 5.00000000
34.03449921 6.13300129 5.00000000
33.99811412 6.12978410 5.00000000
33.88935648 6.13325344 5.00000000
33.71286767 6.16245789 5.00000000
33.47834240 6.23444130 5.00000000
33.19978453 6.36293313 5.00000000
32.89443215 6.55729313 5.00000000
32.58143429 6.82179167 5.00000000
32.28038095 7.15528071 5.00000000
32.00979924 7.55128085 5.00000000
31.78573120 7.99847770 5.00000000
31.62050236 8.48158946 5.00000000
31.52177571 8.98253915 5.00000000
31.49196363 9.48184141 5.00000000
31.52804299 9.96009746 5.00000000
31.62178754 10.39948342 5.00000000
31.76039982 10.78511766 5.00000000
31.92749410 11.10620236 5.00000000
32.10435475 11.35685141 5.00000000
32.27137352 11.53654127 5.00000000
32.40955544 11.65015007 5.00000000
32.50197749 11.70758198 5.00000000
32.53508840 11.72300575 5.00000000
32.66120818 11.84475803 5.00000000
32.77212999 12.28769693 5.00000000
32.56978649 12.81440626 5.00000000
32.19083769 13.06915382 5.00000000
32.01564107 13.07515077 5.00000000
31.98071998 13.06443900 5.00000000
31.87361764 13.04522054 5.00000000
31.69491359 13.03709271 5.00000000
31.45054706 13.05874258 5.00000000
31.15136139 13.12651111 5.00000000
30.81227198 13.25313755 5.00000000
30.45112154 13.44678025 5.00000000
30.08731067 13.71038924 5.00000000
29.74030876 14.04147873 5.00000000
29.42815969 14.43231689 5.00000000
29.16609691 14.87051849 5.00000000
28.96537438 15.33999480 5.00000000
28.83240299 15.82218783 5.00000000
28.76825890 16.29749417 5.00000000
28.76860143 16.74676907 5.00000000
28.82400683 17.15279539 5.00000000
28.92069244 17.50160447 5.00000000
29.04157539 17.78354764 5.00000000
29.16758478 17.99403600 5.00000000
29.27912649 18.13389181 5.00000000
29.35758814 18.20928432 5.00000000
29.38676872 18.23125519 5.00000000
29.48481875 18.37656867 5.00000000
29.50122448 18.83289023 5.00000000
29.19379364 19.30602012 5.00000000
28.77016078 19.47641295 5.00000000
28.59754580 19.44585343 5.00000000
28.56561492 19.42811523 5.00000000
28.46484876 19.38704891 5.00000000
28.29173969 19.34194403 5.00000000
28.04821190 19.31231414 5.00000000
27.74147429 19.31639757 5.00000000
27.38346767 19.36975626 5.00000000
26.98994866 19.48408001 5.00000000
26.57928053 19.66628798 5.00000000
26.17102407 19.91799661 5.00000000
25.78443639 20.23539457 5.00000000
25.43699307 20.60953450 5.00000000
25.14304719 21.02701907 5.00000000
24.91272798 21.47102872 5.00000000
24.75116386 21.92261217 5.00000000
24.65808939 22.36214055 5.00000000
24.62786644 22.77081365 5.00000000
24.64991775 23.13210249 5.00000000
24.70953983 23.43301750 5.00000000
24.78903263 23.66510501 5.00000000
24.86905922 23.82509546 5.00000000
24.93013131 23.91515356 5.00000000
24.95410622 23.94271129 5.00000000
25.01980126 24.10523507 5.00000000
24.94097389 24.55499585 5.00000000
24.54189192 24.95386826 5.00000000
24.09208980 25.03245937 5.00000000
23.92960054 24.96667897 5.00000000
23.90205541 24.94268959 5.00000000
23.81202940 24.88157021 5.00000000
23.65208101 24.80145958 5.00000000
23.42003529 24.72184490 5.00000000
23.11915164 24.66206476 5.00000000
22.75787443 24.63982368 5.00000000
22.34918551 24.66983197 5.00000000
21.90960830 24.76267556 5.00000000
21.45794005 24.92400246 5.00000000
21.01380949 25.15408842 5.00000000
20.59617058 25.44781497 5.00000000
20.22184820 25.79506171 5.00000000
19.90424722 26.18148263 5.00000000
19.65232418 26.58960682 5.00000000
19.46990053 27.00017918 5.00000000
19.35537010 27.39363809 5.00000000
19.30182336 27.75161663 5.00000000
19.29757881 28.05835205 5.00000000
19.32708079 28.30189537 5.00000000
19.37209473 28.47502811 5.00000000
19.41310811 28.57581583 5.00000000
19.43082954 28.60775602 5.00000000
19.46129839 28.78038703 5.00000000
19.29068307 29.20393033 5.00000000
18.81739176 29.51111261 5.00000000
18.36107888 29.49446720 5.00000000
18.21581692 29.39634085 5.00000000
18.19386139 29.36714873 5.00000000
18.11851009 29.28864750 5.00000000
17.97871290 29.17703234 5.00000000
17.76829075 29.05091241 5.00000000
17.48641112 28.92988138 5.00000000
17.13765287 28.83301257 5.00000000
16.73165570 28.77739390 5.00000000
16.28238105 28.77681539 5.00000000
15.80704109 28.84070981 5.00000000
15.32477828 28.97342790 5.00000000
14.85519660 29.17390380 5.00000000
14.41685740 29.43573637 5.00000000
14.02585534 29.74768011 5.00000000
13.69458363 30.09450806 5.00000000
13.43078358 30.45818042 5.00000000
13.23695121 30.81922910 5.00000000
13.11014667 31.15825195 5.00000000
13.04222100 31.45740198 5.00000000
13.02044278 31.70175710 5.00000000
13.02847674 31.88046540 5.00000000
13.04763894 31.98757782 5.00000000
13.05833237 32.02250454 5.00000000
13.05224340 32.19769798 5.00000000
12.79729682 32.57651292 5.00000000
12.27048128 32.77857973 5.00000000
11.82760071 32.66742528 5.00000000
11.70591468 32.54124157 5.00000000
11.69050831 32.50812256 5.00000000
11.63312495 32.41567035 5.00000000
11.51958876 32.27742878 5.00000000
11.33998665 32.11031564 5.00000000
11.08943053 31.93332336 5.00000000
10.76843364 31.76606045 5.00000000
10.38287226 31.62724563 5.00000000
9.94353561 31.53327030 5.00000000
9.46529857 31.49693974 5.00000000
8.96598072 31.52648954 5.00000000
8.46497924 31.62495305 5.00000000
7.98178076 31.78992811 5.00000000
7.53446628 32.01376123 5.00000000
7.13832407 32.28413490 5.00000000
6.80467694 32.58501303 5.00000000
6.54001404 32.89787191 5.00000000
6.34549367 33.20312215 5.00000000
6.21685554 33.48161249 5.00000000
6.14474895 33.71609992 5.00000000
6.11545180 33.89257337 5.00000000
6.11192533 34.00132917 5.00000000
6.11512342 34.03771595 5.00000000
6.07274274 34.20781502 5.00000000
5.74460730 34.52534557 5.00000000
5.18729189 34.61346563 5.00000000
4.77719963 34.41266012 5.00000000
4.68440781 34.26393388 5.00000000
4.67622393 34.22833543 5.00000000
4.63931643 34.12597285 5.00000000
4.55700331 33.96714669 5.00000000
4.41607072 33.76634400 5.00000000
4.20778861 33.54112588 5.00000000
3.92858219 33.31077906 5.00000000
3.58030747 33.09483495 5.00000000
3.17010995 32.91156999 5.00000000
2.70987709 32.77660227 5.00000000
2.21532679 32.70169232 5.00000000
1.70480168 32.69384010 5.00000000
1.19786199 32.75474744 5.00000000
0.71378489 32.88068736 5.00000000
0.27008549 33.06279012 5.00000000
-0.11882673 33.28772420 5.00000000
-0.44275314 33.53871985 5.00000000
-0.69648786 33.79685659 5.00000000
-0.88021633 34.04251588 5.00000000
-0.99949990 34.25688739 5.00000000
-1.06484773 34.42341325 5.00000000
-1.09090874 34.52905928 5.00000000
-1.09534578 34.56531584 5.00000000
-1.17216592 34.72288640 5.00000000
-1.55914912 34.96525495 5.00000000
-2.12260705 34.93557699 5.00000000
-2.48198800 34.65389658 5.00000000
-2.54183017 34.48912786 5.00000000
-2.54243387 34.45260581 5.00000000
-2.55725248 34.34480659 5.00000000
-2.60474505 34.17233731 5.00000000
-2.70084870 33.94662110 5.00000000
-2.85775386 33.68302025 5.00000000
-3.08296715 33.39965678 5.00000000
-3.37873393 33.11602119 5.00000000
-3.74186472 32.85147614 5.00000000
-4.16397902 32.62377000 5.00000000
-4.63214756 32.44767422 5.00000000
-5.12988391 32.33384945 5.00000000
-5.63840909 32.28802713 5.00000000
-6.13809233 32.31056967 5.00000000
-6.60995712 32.39644276 5.00000000
-7.03713710 32.53560210 5.00000000
-7.40616987 32.71376480 5.00000000
-7.70802953 32.91350622 5.00000000
-7.93881853 33.11559796 5.00000000
-8.10006581 33.30048449 5.00000000
-8.19860830 33.44978478 5.00000000
-8.24606486 33.54770381 5.00000000
-8.25794310 33.58224556 5.00000000
-8.36584531 33.72040102 5.00000000
-8.79476325 33.87701491 5.00000000
-9.33973787 33.73083599 5.00000000
-9.63270084 33.38059148 5.00000000
-9.65697797 33.20698146 5.00000000
-9.64997512 33.17113198 5.00000000
-9.64205719 33.06260748 5.00000000
-9.65265355 32.88403280 5.00000000
-9.69972807 32.64326796 5.00000000
-9.79839877 32.35280501 5.00000000
-9.95977604 32.02880923 5.00000000
-10.19010844 31.68987839 5.00000000
-10.49030195 31.35561515 5.00000000
-10.85584927 31.04512243 5.00000000
-11.27717483 30.77553705 5.00000000
-11.74036894 30.56071442 5.00000000
-12.22825464 30.41016511 5.00000000
-12.72170546 30.32832505 5.00000000
-13.20111289 30.31421539 5.00000000
-13.64789081 30.36151805 5.00000000
-14.04590144 30.45906125 5.00000000
-14.38269332 30.59167768 5.00000000
-14.65045626 30.74136951 5.00000000
-14.84661997 30.88869063 5.00000000
-14.97405035 31.01424022 5.00000000
-15.04082838 31.10015271 5.00000000
-15.05962869 31.13147001 5.00000000
-15.19389711 31.24417231 5.00000000
-15.64600402 31.30818676 5.00000000
-16.14867733 31.05189560 5.00000000
-16.36241843 30.64839435 5.00000000
-16.35006949 30.47353063 5.00000000
-16.33576615 30.43992052 5.00000000
-16.30545773 30.33541377 5.00000000
-16.27869477 30.15853827 5.00000000
-16.27468277 29.91324738 5.00000000
-16.31080664 29.60861694 5.00000000
-16.40129492 29.25814903 5.00000000
-16.55612632 28.87873584 5.00000000
-16.78026265 28.48936331 5.00000000
-17.07326681 28.10965404 5.00000000
-17.42933545 27.75836124 5.00000000
-17.83774352 27.45192953 5.00000000
-18.28366678 27.20323294 5.00000000
-18.74931901 27.02058709 5.00000000
-19.21531668 26.90711135 5.00000000
-19.66216621 26.86048998 5.00000000
-20.07175972 26.87315057 5.00000000
-20.42876439 26.93284604 5.00000000
-20.72179875 27.02359570 5.00000000
-20.94430560 27.12691277 5.00000000
-21.09505455 27.22322453 5.00000000
-21.17823553 27.29337569 5.00000000
-21.20313624 27.32009983 5.00000000
-21.35790269 27.40242335 5.00000000
-21.81343934 27.37104061 5.00000000
-22.25184211 27.01583837 5.00000000
-22.37701982 26.57671532 5.00000000
-22.32858452 26.40824027 5.00000000
-22.30760581 26.37833846 5.00000000
-22.25623152 26.28241691 5.00000000
-22.19327891 26.11497089 5.00000000
-22.13835575 25.87587434 5.00000000
-22.11035400 25.57039023 5.00000000
-22.12599851 25.20876732 5.00000000
-22.19856203 24.80545395 5.00000000
-22.33684534 24.37798959 5.00000000
-22.54450067 23.94565889 5.00000000
-22.81975048 23.52801185 5.00000000
-23.15552311 23.14336359 5.00000000
-23.53999495 22.80738896 5.00000000
-23.95749735 22.53191982 5.00000000
-24.38971893 22.32403743 5.00000000
-24.81711059 22.18552961 5.00000000
-25.22038578 22.11275425 5.00000000
-25.58200043 22.09691979 5.00000000
-25.88749921 22.12476108 5.00000000
-26.12662458 22.17955865 5.00000000
-26.29410363 22.24242330 5.00000000
-26.39005216 22.29374719 5.00000000
-26.41996499 22.31471020 5.00000000
-26.58846545 22.36305699 5.00000000
-27.02752269 22.23764864 5.00000000
-27.38249460 21.79905937 5.00000000
-27.41363806 21.34350630 5.00000000
-27.33123327 21.18878310 5.00000000
-27.30449605 21.16389644 5.00000000
-27.23430120 21.08075231 5.00000000
-27.13791028 20.93005398 5.00000000
-27.03447634 20.70760143 5.00000000
-26.94357278 20.41461477 5.00000000
-26.88368979 20.05764151 5.00000000
-26.87081407 19.64805470 5.00000000
-26.91720072 19.20118075 5.00000000
-27.03043167 18.73512354 5.00000000
-27.21283290 18.26937543 5.00000000
-27.46129523 17.82332161 5.00000000
-27.76751238 17.41475264 5.00000000
-28.11861810 17.05849952 5.00000000
-28.49817342 16.76529595 5.00000000
-28.88742816 16.54095514 5.00000000
-29.26675997 16.38592446 5.00000000
-29.61718030 16.29525211 5.00000000
-29.92179172 16.25896824 5.00000000
-30.16708469 16.26285139 5.00000000
-30.34397422 16.28952144 5.00000000
-30.44849688 16.31977496 5.00000000
-30.48211449 16.33406065 5.00000000
-30.65698468 16.34631773 5.00000000
-31.06037360 16.13236473 5.00000000
-31.31640069 15.62955687 5.00000000
-31.25214878 15.17748363 5.00000000
-31.13937597 15.04327443 5.00000000
-31.10804879 15.02449058 5.00000000
-31.02210124 14.95775769 5.00000000
-30.89648474 14.83039327 5.00000000
-30.74906060 14.63430697 5.00000000
-30.59922815 14.36662269 5.00000000
-30.46643483 14.02990052 5.00000000
-30.36868258 13.63194118 5.00000000
-30.32114525 13.18518817 5.00000000
-30.33500309 12.70577339 5.00000000
-30.41658395 12.21227965 5.00000000
-30.56687698 11.72431494 5.00000000
-30.78145628 11.26100806 5.00000000
-31.05082031 10.83954095 5.00000000
-31.36112098 10.47383059 5.00000000
-31.69522649 10.17346155 5.00000000
-32.03403631 9.94295115 5.00000000
-32.35794727 9.78140372 5.00000000
-32.64835836 9.68258046 5.00000000
-32.88909844 9.63537948 5.00000000
-33.06766752 9.62468933 5.00000000
-33.17619617 9.63255026 5.00000000
-33.21204932 9.63953427 5.00000000
-33.38564656 9.61516595 5.00000000
-33.73573714 9.32201906 5.00000000
-33.88162979 8.77696773 5.00000000
-33.72479063 8.34813211 5.00000000
-33.58657851 8.24030249 5.00000000
-33.55203053 8.22844239 5.00000000
-33.45408659 8.18103727 5.00000000
-33.30473456 8.08257322 5.00000000
-33.11976335 7.92142307 5.00000000
-32.91755041 7.69074025 5.00000000
-32.71765047 7.38898555 5.00000000
-32.53929395 7.02004642 5.00000000
-32.39991025 6.59293959 5.00000000
-32.31378932 6.12111997 5.00000000
-32.29098432 5.62144864 5.00000000
-32.33653952 5.11289946 5.00000000
-32.45010283 4.61510340 5.00000000
-32.62595268 4.14684242 5.00000000
-32.85343707 3.72460857 5.00000000
-33.11779134 3.36133887 5.00000000
-33.40127154 3.06542316 5.00000000
-33.68451668 2.84006106 5.00000000
-33.94803507 2.68301746 5.00000000
-34.17370077 2.58679526 5.00000000
-34.34614508 2.53921211 5.00000000
-34.45393650 2.52433688 5.00000000
-34.49045823 2.52371399 5.00000000
-34.65519550 2.46378528 5.00000000
-34.93668709 2.10425643 5.00000000
-34.96606909 1.54078299 5.00000000
-34.72349730 1.15392715 5.00000000
-34.56588641 1.07718978 5.00000000
-34.52962753 1.07277179 5.00000000
-34.42396782 1.04676627 5.00000000
-34.25740766 0.98150592 5.00000000
-34.04297352 0.86233497 5.00000000
-33.79721776 0.67873556 5.00000000
-33.53894779 0.42513646 5.00000000
-33.28778202 0.10134194 5.00000000
-33.06264369 -0.28745208 5.00000000
-32.88030790 -0.73105576 5.00000000
-32.75411373 -1.21506665 5.00000000
-32.69294012 -1.72197427 5.00000000
-32.70052418 -2.23250343 5.00000000
-32.77517435 -2.72709302 5.00000000
-32.90990031 -3.18739671 5.00000000
-33.09294979 -3.59769044 5.00000000
-33.30871093 -3.94607853 5.00000000
-33.53891107 -4.22540591 5.00000000
-33.76401975 -4.43380628 5.00000000
-33.96474839 -4.57484433 5.00000000
-34.12353129 -4.65724087 5.00000000
-34.22587447 -4.69420213 5.00000000
-34.26146861 -4.70240470 5.00000000
-34.41014609 -4.79527463 5.00000000
-34.61073617 -5.20547231 5.00000000
-34.52232339 -5.76274136 5.00000000
-34.20462052 -6.09070996 5.00000000
-34.03449921 -6.13300129 5.00000000
-33.99811412 -6.12978410 5.00000000
-33.88935648 -6.13325344 5.00000000
-33.71286767 -6.16245789 5.00000000
-33.47834240 -6.23444130 5.00000000
-33.19978453 -6.36293313 5.00000000
-32.89443215 -6.55729313 5.00000000
-32.58143429 -6.82179167 5.00000000
-32.28038095 -7.15528071 5.00000000
-32.00979924 -7.55128085 5.00000000
-31.78573120 -7.99847770 5.00000000
-31.62050236 -8.48158946 5.00000000
-31.52177571 -8.98253915 5.00000000
-31.49196363 -9.48184141 5.00000000
-31.52804299 -9.96009746 5.00000000
-31.62178754 -10.39948342 5.00000000
-31.76039982 -10.78511766 5.00000000
-31.92749410 -11.10620236 5.00000000
-32.10435475 -11.35685141 5.00000000
-32.27137352 -11.53654127 5.00000000
-32.40955544 -11.65015007 5.00000000
-32.50197749 -11.70758198 5.00000000
-32.53508840 -11.72300575 5.00000000
-32.66120818 -11.84475803 5.00000000
-32.77212999 -12.28769693 5.00000000
-32.56978649 -12.81440626 5.00000000
-32.19083769 -13.06915382 5.00000000
-32.01564107 -13.07515077 5.00000000
-31.98071998 -13.06443900 5.00000000
-31.87361764 -13.04522054 5.00000000
-31.69491359 -13.03709271 5.00000000
-31.45054706 -13.05874258 5.00000000
-31.15136139 -13.12651111 5.00000000
-30.81227198 -13.25313755 5.00000000
-30.45112154 -13.44678025 5.00000000
-30.08731067 -13.71038924 5.00000000
-29.74030876 -14.04147873 5.00000000
-29.42815969 -14.43231689 5.00000000
-29.16609691 -14.87051849 5.00000000
-28.96537438 -15.33999480 5.00000000
-28.83240299 -15.82218783 5.00000000
-28.76825890 -16.29749417 5.00000000
-28.76860143 -16.74676907 5.00000000
-28.82400683 -17.15279539 5.00000000
-28.92069244 -17.50160447 5.00000000
-29.04157539 -17.78354764 5.00000000
-29.16758478 -17.99403600 5.00000000
-29.27912649 -18.13389181 5.00000000
-29.35758814 -18.20928432 5.00000000
-29.38676872 -18.23125519 5.00000000
-29.48481875 -18.37656867 5.00000000
-29.50122448 -18.83289023 5.00000000
-29.19379364 -19.30602012 5.00000000
-28.77016078 -19.47641295 5.00000000
-28.59754580 -19.44585343 5.00000000
-28.56561492 -19.42811523 5.00000000
-28.46484876 -19.38704891 5.00000000
-28.29173969 -19.34194403 5.00000000
-28.04821190 -19.31231414 5.00000000
-27.74147429 -19.31639757 5.00000000
-27.38346767 -19.36975626 5.00000000
-26.98994866 -19.48408001 5.00000000
-26.57928053 -19.66628798 5.00000000
-26.17102407 -19.91799661 5.00000000
-25.78443639 -20.23539457 5.00000000
-25.43699307 -20.60953450 5.00000000
-25.14304719 -21.02701907 5.00000000
-24.91272798 -21.47102872 5.00000000
-24.75116386 -21.92261217 5.00000000
-24.65808939 -22.36214055 5.00000000
-24.62786644 -22.77081365 5.00000000
-24.64991775 -23.13210249 5.00000000
-24.70953983 -23.43301750 5.00000000
-24.78903263 -23.66510501 5.00000000
-24.86905922 -23.82509546 5.00000000
-24.93013131 -23.91515356 5.00000000
-24.95410622 -23.94271129 5.00000000
-25.01980126 -24.10523507 5.00000000
-24.94097389 -24.55499585 5.00000000
-24.54189192 -24.95386826 5.00000000
-24.09208980 -25.03245937 5.00000000
-23.92960054 -24.96667897 5.00000000
-23.90205541 -24.94268959 5.00000000
-23.81202940 -24.88157021 5.00000000
-23.65208101 -24.80145958 5.00000000
-23.42003529 -24.72184490 5.00000000
-23.11915164 -24.66206476 5.00000000
-22.75787443 -24.63982368 5.00000000
-22.34918551 -24.66983197 5.00000000
-21.90960830 -24.76267556 5.00000000
-21.45794005 -24.92400246 5.00000000
-21.01380949 -25.15408842 5.00000000
-20.59617058 -25.44781497 5.00000000
-20.22184820 -25.79506171 5.00000000
-19.90424722 -26.18148263 5.00000000
-19.65232418 -26.58960682 5.00000000
-19.46990053 -27.00017918 5.00000000
-19.35537010 -27.39363809 5.00000000
-19.30182336 -27.75161663 5.00000000
-19.29757881 -28.05835205 5.00000000
-19.32708079 -28.30189537 5.00000000
-19.37209473 -28.47502811 5.00000000
-19.41310811 -28.57581583 5.00000000
-19.43082954 -28.60775602 5.00000000
-19.46129839 -28.78038703 5.00000000
-19.29068307 -29.20393033 5.00000000
-18.81739176 -29.51111261 5.00000000
-18.36107888 -29.49446720 5.00000000
-18.21581692 -29.39634085 5.00000000
-18.19386139 -29.36714873 5.00000000
-18.11851009 -29.28864750 5.00000000
-17.97871290 -29.17703234 5.00000000
-17.76829075 -29.05091241 5.00000000
-17.48641112 -28.92988138 5.00000000
-17.13765287 -28.83301257 5.00000000
-16.73165570 -28.77739390 5.00000000
-16.28238105 -28.77681539 5.00000000
-15.80704109 -28.84070981 5.00000000
-15.32477828 -28.97342790 5.00000000
-14.85519660 -29.17390380 5.00000000
-14.41685740 -29.43573637 5.00000000
-14.02585534 -29.74768011 5.00000000
-13.69458363 -30.09450806 5.00000000
-13.43078358 -30.45818042 5.00000000
-13.23695121 -30.81922910 5.00000000
-13.11014667 -31.15825195 5.00000000
-13.04222100 -31.45740198 5.00000000
-13.02044278 -31.70175710 5.00000000
-13.02847674 -31.88046540 5.00000000
-13.04763894 -31.98757782 5.00000000
-13.05833237 -32.02250454 5.00000000
-13.05224340 -32.19769798 5.00000000
-12.79729682 -32.57651292 5.00000000
-12.27048128 -32.77857973 5.00000000
-11.82760071 -32.66742528 5.00000000
-11.70591468 -32.54124157 5.00000000
-11.69050831 -32.50812256 5.00000000
-11.63312495 -32.41567035 5.00000000
-11.51958876 -32.27742878 5.00000000
-11.33998665 -32.11031564 5.00000000
-11.08943053 -31.93332336 5.00000000
-10.76843364 -31.76606045 5.00000000
-10.38287226 -31.62724563 5.00000000
-9.94353561 -31.53327030 5.00000000
-9.46529857 -31.49693974 5.00000000
-8.96598072 -31.52648954 5.00000000
-8.46497924 -31.62495305 5.00000000
-7.98178076 -31.78992811 5.00000000
-7.53446628 -32.01376123 5.00000000
-7.13832407 -32.28413490 5.00000000
-6.80467694 -32.58501303 5.00000000
-6.54001404 -32.89787191 5.00000000
-6.34549367 -33.20312215 5.00000000
-6.21685554 -33.48161249 5.00000000
-6.14474895 -33.71609992 5.00000000
-6.11545180 -33.89257337 5.00000000
-6.11192533 -34.00132917 5.00000000
-6.11512342 -34.03771595 5.00000000
-6.07274274 -34.20781502 5.00000000
-5.74460730 -34.52534557 5.00000000
-5.18729189 -34.61346563 5.00000000
-4.77719963 -34.41266012 5.00000000
-4.68440781 -34.26393388 5.00000000
-4.67622393 -34.22833543 5.00000000
-4.63931643 -34.12597285 5.00000000
-4.55700331 -33.96714669 5.00000000
-4.41607072 -33.76634400 5.00000000
-4.20778861 -33.54112588 5.00000000
-3.92858219 -33.31077906 5.00000000
-3.58030747 -33.09483495 5.00000000
-3.17010995 -32.91156999 5.00000000
-2.70987709 -32.77660227 5.00000000
-2.21532679 -32.70169232 5.00000000
-1.70480168 -32.69384010 5.00000000
-1.19786199 -32.75474744 5.00000000
-0.71378489 -32.88068736 5.00000000
-0.27008549 -33.06279012 5.00000000
0.11882673 -33.28772420 5.00000000
0.44275314 -33.53871985 5.00000000
0.69648786 -33.79685659 5.00000000
0.88021633 -34.04251588 5.00000000
0.99949990 -34.25688739 5.00000000
1.06484773 -34.42341325 5.00000000
1.09090874 -34.52905928 5.00000000
1.09534578 -34.56531584 5.00000000
1.17216592 -34.72288640 5.00000000
1.55914912 -34.96525495 5.00000000
2.12260705 -34.93557699 5.00000000
2.48198800 -34.65389658 5.00000000
2.54183017 -34.48912786 5.00000000
2.54243387 -34.45260581 5.00000000
2.55725248 -34.34480659 5.00000000
2.60474505 -34.17233731 5.00000000
2.70084870 -33.94662110 5.00000000
2.85775386 -33.68302025 5.00000000
3.08296715 -33.39965678 5.00000000
3.37873393 -33.11602119 5.00000000
3.74186472 -32.85147614 5.00000000
4.16397902 -32.62377000 5.00000000
4.63214756 -32.44767422 5.00000000
5.12988391 -32.33384945 5.00000000
5.63840909 -32.28802713 5.00000000
6.13809233 -32.31056967 5.00000000
6.60995712 -32.39644276 5.00000000
7.03713710 -32.53560210 5.00000000
7.40616987 -32.71376480 5.00000000
7.70802953 -32.91350622 5.00000000
7.93881853 -33.11559796 5.00000000
8.10006581 -33.30048449 5.00000000
8.19860830 -33.44978478 5.00000000
8.24606486 -33.54770381 5.00000000
8.25794310 -33.58224556 5.00000000
8.36584531 -33.72040102 5.00000000
8.79476325 -33.87701491 5.00000000
9.33973787 -33.73083599 5.00000000
9.63270084 -33.38059148 5.00000000
9.65697797 -33.20698146 5.00000000
9.64997512 -33.17113198 5.00000000
9.64205719 -33.06260748 5.00000000
9.65265355 -32.88403280 5.00000000
9.69972807 -32.64326796 5.00000000
9.79839877 -32.35280501 5.00000000
9.95977604 -32.02880923 5.00000000
10.19010844 -31.68987839 5.00000000
10.49030195 -31.35561515 5.00000000
10.85584927 -31.04512243 5.00000000
11.27717483 -30.77553705 5.00000000
11.74036894 -30.56071442 5.00000000
12.22825464 -30.41016511 5.00000000
12.72170546 -30.32832505 5.00000000
13.20111289 -30.31421539 5.00000000
13.64789081 -30.36151805 5.00000000
14.04590144 -30.45906125 5.00000000
14.38269332 -30.59167768 5.00000000
14.65045626 -30.74136951 5.00000000
14.84661997 -30.88869063 5.00000000
14.97405035 -31.01424022 5.00000000
15.04082838 -31.10015271 5.00000000
15.05962869 -31.13147001 5.00000000
15.19389711 -31.24417231 5.00000000
15.64600402 -31.30818676 5.00000000
16.14867733 -31.05189560 5.00000000
16.36241843 -30.64839435 5.00000000
16.35006949 -30.47353063 5.00000000
16.33576615 -30.43992052 5.00000000
16.30545773 -30.33541377 5.00000000
16.27869477 -30.15853827 5.00000000
16.27468277 -29.91324738 5.00000000
16.31080664 -29.60861694 5.00000000
16.40129492 -29.25814903 5.00000000
16.55612632 -28.87873584 5.00000000
16.78026265 -28.48936331 5.00000000
17.07326681 -28.10965404 5.00000000
17.42933545 -27.75836124 5.00000000
17.83774352 -27.45192953 5.00000000
18.28366678 -27.20323294 5.00000000
18.74931901 -27.02058709 5.00000000
19.21531668 -26.90711135 5.00000000
19.66216621 -26.86048998 5.00000000
20.07175972 -26.87315057 5.00000000
20.42876439 -26.93284604 5.00000000
20.72179875 -27.02359570 5.00000000
20.94430560 -27.12691277 5.00000000
21.09505455 -27.22322453 5.00000000
21.17823553 -27.29337569 5.00000000
21.20313624 -27.32009983 5.00000000
21.35790269 -27.40242335 5.00000000
21.81343934 -27.37104061 5.00000000
22.25184211 -27.01583837 5.00000000
22.37701982 -26.57671532 5.00000000
22.32858452 -26.40824027 5.00000000
22.30760581 -26.37833846 5.00000000
22.25623152 -26.28241691 5.00000000
22.19327891 -26.11497089 5.00000000
22.13835575 -25.87587434 5.00000000
22.11035400 -25.57039023 5.00000000
22.12599851 -25.20876732 5.00000000
22.19856203 -24.80545395 5.00000000
22.33684534 -24.37798959 5.00000000
22.54450067 -23.94565889 5.00000000
22.81975048 -23.52801185 5.00000000
23.15552311 -23.14336359 5.00000000
23.53999495 -22.80738896 5.00000000
23.95749735 -22.53191982 5.00000000
24.38971893 -22.32403743 5.00000000
24.81711059 -22.18552961 5.00000000
25.22038578 -22.11275425 5.00000000
25.58200043 -22.09691979 5.00000000
25.88749921 -22.12476108 5.00000000
26.12662458 -22.17955865 5.00000000
26.29410363 -22.24242330 5.00000000
26.39005216 -22.29374719 5.00000000
26.41996499 -22.31471020 5.00000000
26.58846545 -22.36305699 5.00000000
27.02752269 -22.23764864 5.00000000
27.38249460 -21.79905937 5.00000000
27.41363806 -21.34350630 5.00000000
27.33123327 -21.18878310 5.00000000
27.30449605 -21.16389644 5.00000000
27.23430120 -21.08075231 5.00000000
27.13791028 -20.93005398 5.00000000
27.03447634 -20.70760143 5.00000000
26.94357278 -20.41461477 5.00000000
26.88368979 -20.05764151 5.00000000
26.87081407 -19.64805470 5.00000000
26.91720072 -19.20118075 5.00000000
27.03043167 -18.73512354 5.00000000
27.21283290 -18.26937543 5.00000000
27.46129523 -17.82332161 5.00000000
27.76751238 -17.41475264 5.00000000
28.11861810 -17.05849952 5.00000000
28.49817342 -16.76529595 5.00000000
28.88742816 -16.54095514 5.00000000
29.26675997 -16.38592446 5.00000000
29.61718030 -16.29525211 5.00000000
29.92179172 -16.25896824 5.00000000
30.16708469 -16.26285139 5.00000000
30.34397422 -16.28952144 5.00000000
30.44849688 -16.31977496 5.00000000
30.48211449 -16.33406065 5.00000000
30.65698468 -16.34631773 5.00000000
31.06037360 -16.13236473 5.00000000
31.31640069 -15.62955687 5.00000000
31.25214878 -15.17748363 5.00000000
31.13937597 -15.04327443 5.00000000
31.10804879 -15.02449058 5.00000000
31.02210124 -14.95775769 5.00000000
30.89648474 -14.83039327 5.00000000
30.74906060 -14.63430697 5.00000000
30.59922815 -14.36662269 5.00000000
30.46643483 -14.02990052 5.00000000
30.36868258 -13.63194118 5.00000000
30.32114525 -13.18518817 5.00000000
30.33500309 -12.70577339 5.00000000
30.41658395 -12.21227965 5.00000000
30.56687698 -11.72431494 5.00000000
30.78145628 -11.26100806 5.00000000
31.05082031 -10.83954095 5.00000000
31.36112098 -10.47383059 5.00000000
31.69522649 -10.17346155 5.00000000
32.03403631 -9.94295115 5.00000000
32.35794727 -9.78140372 5.00000000
32.64835836 -9.68258046 5.00000000
32.88909844 -9.63537948 5.00000000
33.06766752 -9.62468933 5.00000000
33.17619617 -9.63255026 5.00000000
33.21204932 -9.63953427 5.00000000
33.38564656 -9.61516595 5.00000000
33.73573714 -9.32201906 5.00000000
33.88162979 -8.77696773 5.00000000
33.72479063 -8.34813211 5.00000000
33.58657851 -8.24030249 5.00000000
33.55203053 -8.22844239 5.00000000
33.45408659 -8.18103727 5.00000000
33.30473456 -8.08257322 5.00000000
33.11976335 -7.92142307 5.00000000
32.91755041 -7.69074025 5.00000000
32.71765047 -7.38898555 5.00000000
32.53929395 -7.02004642 5.00000000
32.39991025 -6.59293959 5.00000000
32.31378932 -6.12111997 5.00000000
32.29098432 -5.62144864 5.00000000
32.33653952 -5.11289946 5.00000000
32.45010283 -4.61510340 5.00000000
32.62595268 -4.14684242 5.00000000
32.85343707 -3.72460857 5.00000000
33.11779134 -3.36133887 5.00000000
33.40127154 -3.06542316 5.00000000
33.68451668 -2.84006106 5.00000000
33.94803507 -2.68301746 5.00000000
34.17370077 -2.58679526 5.00000000
34.34614508 -2.53921211 5.00000000
34.45393650 -2.52433688 5.00000000
34.49045823 -2.52371399 5.00000000
