34.57508222 -0.72424473 0.00000000
34.73647527 -0.65581885 0.00000000
34.99886296 -0.28211948 0.00000000
34.99886296 0.28211948 0.00000000
34.73647527 0.65581885 0.00000000
34.57508222 0.72424473 0.00000000
34.53864248 0.72676859 0.00000000
34.43177192 0.74723673 0.00000000
34.26203940 0.80373514 0.00000000
34.04169052 0.91157803 0.00000000
33.78670749 1.08213093 0.00000000
33.51558208 1.32193689 0.00000000
33.24789592 1.63221298 0.00000000
33.00281711 2.00875571 0.00000000
32.79762862 2.44226264 0.00000000
32.64640144 2.91904545 0.00000000
32.55891428 3.42207979 0.00000000
32.53990292 3.93231122 0.00000000
32.58869670 4.43011708 0.00000000
32.69927017 4.89681193 0.00000000
32.86070578 5.31608104 0.00000000
33.05803234 5.67523194 0.00000000
33.27337454 5.96616771 0.00000000
33.48732564 6.18600757 0.00000000
33.68043756 6.33730694 0.00000000
33.83471434 6.42786010 0.00000000
33.93499396 6.47010060 0.00000000
33.97011267 6.48014556 0.00000000
34.11375235 6.58063167 0.00000000
34.29270977 7.00071828 0.00000000
34.17539790 7.55262727 0.00000000
33.84104754 7.86360694 0.00000000
33.66895478 7.89698205 0.00000000
33.63278659 7.89187451 0.00000000
33.52399584 7.88967574 0.00000000
33.34622570 7.90965014 0.00000000
33.10827018 7.96932330 0.00000000
32.82339920 8.08313526 0.00000000
32.50834007 8.26133074 0.00000000
32.18199346 8.50917147 0.00000000
31.86398257 8.82653109 0.00000000
31.57314679 9.20790377 0.00000000
31.32609556 9.64282583 0.00000000
31.13593349 10.11667805 0.00000000
31.01125449 10.61180702 0.00000000
30.95548236 11.10887942 0.00000000
30.96660821 11.58836538 0.00000000
31.03734512 12.03203682 0.00000000
31.15568795 12.42436590 0.00000000
31.30583546 12.75371619 0.00000000
31.46940393 13.01323496 0.00000000
31.62683899 13.20137830 0.00000000
31.75891739 13.32202860 0.00000000
31.84822337 13.38419535 0.00000000
31.88048618 13.40132240 0.00000000
32.00009476 13.52947701 0.00000000
32.08780061 13.97759106 0.00000000
31.85830395 14.49304901 0.00000000
31.46660364 14.72771768 0.00000000
31.29133244 14.72458336 0.00000000
31.25701653 14.71206765 0.00000000
31.15106027 14.68729805 0.00000000
30.97302193 14.66987547 0.00000000
30.72785956 14.67877090 0.00000000
30.42555086 14.73086779 0.00000000
30.08032760 14.83966479 0.00000000
29.70958346 15.01423833 0.00000000
29.33253910 15.25854470 0.00000000
28.96876694 15.57111531 0.00000000
28.63668900 15.94516844 0.00000000
28.35216300 16.36912894 0.00000000
28.12726544 16.82751593 0.00000000
27.96936489 17.30213043 0.00000000
27.88055689 17.77345167 0.00000000
27.85750355 18.22213485 0.00000000
27.89169049 18.63049546 0.00000000
27.97008115 18.98386607 0.00000000
28.07611827 19.27172153 0.00000000
28.19099579 19.48848608 0.00000000
28.29510336 19.63396053 0.00000000
28.36953259 19.71333654 0.00000000
28.39752947 19.73679713 0.00000000
28.48787947 19.88701929 0.00000000
28.48050059 20.34357604 0.00000000
28.14884925 20.80005495 0.00000000
27.71691817 20.94815648 0.00000000
27.54612873 20.90864972 0.00000000
27.51516487 20.88927283 0.00000000
27.41667390 20.84301496 0.00000000
27.24614847 20.78895686 0.00000000
27.00449402 20.74668577 0.00000000
26.69795994 20.73479070 0.00000000
26.33766047 20.76943428 0.00000000
25.93872211 20.86311093 0.00000000
25.51912292 21.02368669 0.00000000
25.09831297 21.25379440 0.00000000
24.69572170 21.55063068 0.00000000
24.32926694 21.90617035 0.00000000
24.01397991 22.30778165 0.00000000
23.76085197 22.73919532 0.00000000
23.57599144 23.18175283 0.00000000
23.46015539 23.61583815 0.00000000
23.40869232 24.02238296 0.00000000
23.41190008 24.38432992 0.00000000
23.45577152 24.68794140 0.00000000
23.52307080 24.92385351 0.00000000
23.59465753 25.08779416 0.00000000
23.65095710 25.18091033 0.00000000
23.67346446 25.20967913 0.00000000
23.73060715 25.37540339 0.00000000
23.62846603 25.82044913 0.00000000
23.20915476 26.19799869 0.00000000
22.75587038 26.25306032 0.00000000
22.59702701 26.17890776 0.00000000
22.57076847 26.15351655 0.00000000
22.48404731 26.08779210 0.00000000
22.32848759 25.99946107 0.00000000
22.10090252 25.90787092 0.00000000
21.80354007 25.83250377 0.00000000
21.44391120 25.79147983 0.00000000
21.03421413 25.80016547 0.00000000
20.59039861 25.86999269 0.00000000
20.13094228 26.00758068 0.00000000
19.67543287 26.21422695 0.00000000
19.24306517 26.48580699 0.00000000
18.85116824 26.81309026 0.00000000
18.51387580 27.18244825 0.00000000
18.24104203 27.57690015 0.00000000
18.03748587 27.97741600 0.00000000
17.90262197 28.36437706 0.00000000
17.83050663 28.71908153 0.00000000
17.81029499 29.02517976 0.00000000
17.82707475 29.26992893 0.00000000
17.86301195 29.44517081 0.00000000
17.89872130 29.54795750 0.00000000
17.91475545 29.58077718 0.00000000
17.93619342 29.75476060 0.00000000
17.74375412 30.16884469 0.00000000
17.25510884 30.45096417 0.00000000
16.80028185 30.41057945 0.00000000
16.66032678 30.30502191 0.00000000
16.63992118 30.27472610 0.00000000
16.56875996 30.19240754 0.00000000
16.43496465 30.07366407 0.00000000
16.23139553 29.93675779 0.00000000
15.95620087 29.80121247 0.00000000
15.61296011 29.68631395 0.00000000
15.21041005 29.60962898 0.00000000
14.76177508 29.58565587 0.00000000
14.28375282 29.62471089 0.00000000
13.79523320 29.73213571 0.00000000
13.31584911 29.90788678 0.00000000
12.86447005 30.14653817 0.00000000
12.45775442 30.43769776 0.00000000
12.10887156 30.76680461 0.00000000
11.82649166 31.11624652 0.00000000
11.61412114 31.46671177 0.00000000
11.46983448 31.79867148 0.00000000
11.38642311 32.09387849 0.00000000
11.35194998 32.33676801 0.00000000
11.35066703 32.51565220 0.00000000
11.36422550 32.62361715 0.00000000
11.37308566 32.65905332 0.00000000
11.35788198 32.83369199 0.00000000
11.08355501 33.19871697 0.00000000
10.54693187 33.37307640 0.00000000
10.11044039 33.23901033 0.00000000
9.99549032 33.10666118 0.00000000
9.98182948 33.07278484 0.00000000
9.92933830 32.97746990 0.00000000
9.82315489 32.83350365 0.00000000
9.65249866 32.65726470 0.00000000
9.41149912 32.46746517 0.00000000
9.09964774 32.28371370 0.00000000
8.72183807 32.12500962 0.00000000
8.28799114 32.00828392 0.00000000
7.81229482 31.94709908 0.00000000
7.31211565 31.95060747 0.00000000
6.80666655 32.02284840 0.00000000
6.31553279 32.16243770 0.00000000
5.85716939 32.36267382 0.00000000
5.44748529 32.61205207 0.00000000
5.09862302 32.89514775 0.00000000
4.81802748 33.19380019 0.00000000
4.60787552 33.48850689 0.00000000
4.46490991 33.75992073 0.00000000
4.38069052 33.99033516 0.00000000
4.34224350 34.16504356 0.00000000
4.33305850 34.27346818 0.00000000
4.33435745 34.30997212 0.00000000
4.28317659 34.47763349 0.00000000
3.93895137 34.77764601 0.00000000
3.37780336 34.83662504 0.00000000
2.97872417 34.61473697 0.00000000
2.89380297 34.46138049 0.00000000
2.88748394 34.42540419 0.00000000
2.85595691 34.32125858 0.00000000
2.78202613 34.15836156 0.00000000
2.65174129 33.95049243 0.00000000
2.45546971 33.71473386 0.00000000
2.18863711 33.47016025 0.00000000
1.85207992 33.23637318 0.00000000
1.45198222 33.03199637 0.00000000
0.99940205 32.87324574 0.00000000
0.50942356 32.77268437 0.00000000
0.00000000 32.73825788 0.00000000
-0.50942356 32.77268437 0.00000000
-0.99940205 32.87324574 0.00000000
-1.45198222 33.03199637 0.00000000
-1.85207992 33.23637318 0.00000000
-2.18863711 33.47016025 0.00000000
-2.45546971 33.71473386 0.00000000
-2.65174129 33.95049243 0.00000000
-2.78202613 34.15836156 0.00000000
-2.85595691 34.32125858 0.00000000
-2.88748394 34.42540419 0.00000000
-2.89380297 34.46138049 0.00000000
-2.97872417 34.61473697 0.00000000
-3.37780336 34.83662504 0.00000000
-3.93895137 34.77764601 0.00000000
-4.28317659 34.47763349 0.00000000
-4.33435745 34.30997212 0.00000000
-4.33305850 34.27346818 0.00000000
-4.34224350 34.16504356 0.00000000
-4.38069052 33.99033516 0.00000000
-4.46490991 33.75992073 0.00000000
-4.60787552 33.48850689 0.00000000
-4.81802748 33.19380019 0.00000000
-5.09862302 32.89514775 0.00000000
-5.44748529 32.61205207 0.00000000
-5.85716939 32.36267382 0.00000000
-6.31553279 32.16243770 0.00000000
-6.80666655 32.02284840 0.00000000
-7.31211565 31.95060747 0.00000000
-7.81229482 31.94709908 0.00000000
-8.28799114 32.00828392 0.00000000
-8.72183807 32.12500962 0.00000000
-9.09964774 32.28371370 0.00000000
-9.41149912 32.46746517 0.00000000
-9.65249866 32.65726470 0.00000000
-9.82315489 32.83350365 0.00000000
-9.92933830 32.97746990 0.00000000
-9.98182948 33.07278484 0.00000000
-9.99549032 33.10666118 0.00000000
-10.11044039 33.23901033 0.00000000
-10.54693187 33.37307640 0.00000000
-11.08355501 33.19871697 0.00000000
-11.35788198 32.83369199 0.00000000
-11.37308566 32.65905332 0.00000000
-11.36422550 32.62361715 0.00000000
-11.35066703 32.51565220 0.00000000
-11.35194998 32.33676801 0.00000000
-11.38642311 32.09387849 0.00000000
-11.46983448 31.79867148 0.00000000
-11.61412114 31.46671177 0.00000000
-11.82649166 31.11624652 0.00000000
-12.10887156 30.76680461 0.00000000
-12.45775442 30.43769776 0.00000000
-12.86447005 30.14653817 0.00000000
-13.31584911 29.90788678 0.00000000
-13.79523320 29.73213571 0.00000000
-14.28375282 29.62471089 0.00000000
-14.76177508 29.58565587 0.00000000
-15.21041005 29.60962898 0.00000000
-15.61296011 29.68631395 0.00000000
-15.95620087 29.80121247 0.00000000
-16.23139553 29.93675779 0.00000000
-16.43496465 30.07366407 0.00000000
-16.56875996 30.19240754 0.00000000
-16.63992118 30.27472610 0.00000000
-16.66032678 30.30502191 0.00000000
-16.80028185 30.41057945 0.00000000
-17.25510884 30.45096417 0.00000000
-17.74375412 30.16884469 0.00000000
-17.93619342 29.75476060 0.00000000
-17.91475545 29.58077718 0.00000000
-17.89872130 29.54795750 0.00000000
-17.86301195 29.44517081 0.00000000
-17.82707475 29.26992893 0.00000000
-17.81029499 29.02517976 0.00000000
-17.83050663 28.71908153 0.00000000
-17.90262197 28.36437706 0.00000000
-18.03748587 27.97741600 0.00000000
-18.24104203 27.57690015 0.00000000
-18.51387580 27.18244825 0.00000000
-18.85116824 26.81309026 0.00000000
-19.24306517 26.48580699 0.00000000
-19.67543287 26.21422695 0.00000000
-20.13094228 26.00758068 0.00000000
-20.59039861 25.86999269 0.00000000
-21.03421413 25.80016547 0.00000000
-21.44391120 25.79147983 0.00000000
-21.80354007 25.83250377 0.00000000
-22.10090252 25.90787092 0.00000000
-22.32848759 25.99946107 0.00000000
-22.48404731 26.08779210 0.00000000
-22.57076847 26.15351655 0.00000000
-22.59702701 26.17890776 0.00000000
-22.75587038 26.25306032 0.00000000
-23.20915476 26.19799869 0.00000000
-23.62846603 25.82044913 0.00000000
-23.73060715 25.37540339 0.00000000
-23.67346446 25.20967913 0.00000000
-23.65095710 25.18091033 0.00000000
-23.59465753 25.08779416 0.00000000
-23.52307080 24.92385351 0.00000000
-23.45577152 24.68794140 0.00000000
-23.41190008 24.38432992 0.00000000
-23.40869232 24.02238296 0.00000000
-23.46015539 23.61583815 0.00000000
-23.57599144 23.18175283 0.00000000
-23.76085197 22.73919532 0.00000000
-24.01397991 22.30778165 0.00000000
-24.32926694 21.90617035 0.00000000
-24.69572170 21.55063068 0.00000000
-25.09831297 21.25379440 0.00000000
-25.51912292 21.02368669 0.00000000
-25.93872211 20.86311093 0.00000000
-26.33766047 20.76943428 0.00000000
-26.69795994 20.73479070 0.00000000
-27.00449402 20.74668577 0.00000000
-27.24614847 20.78895686 0.00000000
-27.41667390 20.84301496 0.00000000
-27.51516487 20.88927283 0.00000000
-27.54612873 20.90864972 0.00000000
-27.71691817 20.94815648 0.00000000
-28.14884925 20.80005495 0.00000000
-28.48050059 20.34357604 0.00000000
-28.48787947 19.88701929 0.00000000
-28.39752947 19.73679713 0.00000000
-28.36953259 19.71333654 0.00000000
-28.29510336 19.63396053 0.00000000
-28.19099579 19.48848608 0.00000000
-28.07611827 19.27172153 0.00000000
-27.97008115 18.98386607 0.00000000
-27.89169049 18.63049546 0.00000000
-27.85750355 18.22213485 0.00000000
-27.88055689 17.77345167 0.00000000
-27.96936489 17.30213043 0.00000000
-28.12726544 16.82751593 0.00000000
-28.35216300 16.36912894 0.00000000
-28.63668900 15.94516844 0.00000000
-28.96876694 15.57111531 0.00000000
-29.33253910 15.25854470 0.00000000
-29.70958346 15.01423833 0.00000000
-30.08032760 14.83966479 0.00000000
-30.42555086 14.73086779 0.00000000
-30.72785956 14.67877090 0.00000000
-30.97302193 14.66987547 0.00000000
-31.15106027 14.68729805 0.00000000
-31.25701653 14.71206765 0.00000000
-31.29133244 14.72458336 0.00000000
-31.46660364 14.72771768 0.00000000
-31.85830395 14.49304901 0.00000000
-32.08780061 13.97759106 0.00000000
-32.00009476 13.52947701 0.00000000
-31.88048618 13.40132240 0.00000000
-31.84822337 13.38419535 0.00000000
-31.75891739 13.32202860 0.00000000
-31.62683899 13.20137830 0.00000000
-31.46940393 13.01323496 0.00000000
-31.30583546 12.75371619 0.00000000
-31.15568795 12.42436590 0.00000000
-31.03734512 12.03203682 0.00000000
-30.96660821 11.58836538 0.00000000
-30.95548236 11.10887942 0.00000000
-31.01125449 10.61180702 0.00000000
-31.13593349 10.11667805 0.00000000
-31.32609556 9.64282583 0.00000000
-31.57314679 9.20790377 0.00000000
-31.86398257 8.82653109 0.00000000
-32.18199346 8.50917147 0.00000000
-32.50834007 8.26133074 0.00000000
-32.82339920 8.08313526 0.00000000
-33.10827018 7.96932330 0.00000000
-33.34622570 7.90965014 0.00000000
-33.52399584 7.88967574 0.00000000
-33.63278659 7.89187451 0.00000000
-33.66895478 7.89698205 0.00000000
-33.84104754 7.86360694 0.00000000
-34.17539790 7.55262727 0.00000000
-34.29270977 7.00071828 0.00000000
-34.11375235 6.58063167 0.00000000
-33.97011267 6.48014556 0.00000000
-33.93499396 6.47010060 0.00000000
-33.83471434 6.42786010 0.00000000
-33.68043756 6.33730694 0.00000000
-33.48732564 6.18600757 0.00000000
-33.27337454 5.96616771 0.00000000
-33.05803234 5.67523194 0.00000000
-32.86070578 5.31608104 0.00000000
-32.69927017 4.89681193 0.00000000
-32.58869670 4.43011708 0.00000000
-32.53990292 3.93231122 0.00000000
-32.55891428 3.42207979 0.00000000
-32.64640144 2.91904545 0.00000000
-32.79762862 2.44226264 0.00000000
-33.00281711 2.00875571 0.00000000
-33.24789592 1.63221298 0.00000000
-33.51558208 1.32193689 0.00000000
-33.78670749 1.08213093 0.00000000
-34.04169052 0.91157803 0.00000000
-34.26203940 0.80373514 0.00000000
-34.43177192 0.74723673 0.00000000
-34.53864248 0.72676859 0.00000000
-34.57508222 0.72424473 0.00000000
-34.73647527 0.65581885 0.00000000
-34.99886296 0.28211948 0.00000000
-34.99886296 -0.28211948 0.00000000
-34.73647527 -0.65581885 0.00000000
-34.57508222 -0.72424473 0.00000000
-34.53864248 -0.72676859 0.00000000
-34.43177192 -0.74723673 0.00000000
-34.26203940 -0.80373514 0.00000000
-34.04169052 -0.91157803 0.00000000
-33.78670749 -1.08213093 0.00000000
-33.51558208 -1.32193689 0.00000000
-33.24789592 -1.63221298 0.00000000
-33.00281711 -2.00875571 0.00000000
-32.79762862 -2.44226264 0.00000000
-32.64640144 -2.91904545 0.00000000
-32.55891428 -3.42207979 0.00000000
-32.53990292 -3.93231122 0.00000000
-32.58869670 -4.43011708 0.00000000
-32.69927017 -4.89681193 0.00000000
-32.86070578 -5.31608104 0.00000000
-33.05803234 -5.67523194 0.00000000
-33.27337454 -5.96616771 0.00000000
-33.48732564 -6.18600757 0.00000000
-33.68043756 -6.33730694 0.00000000
-33.83471434 -6.42786010 0.00000000
-33.93499396 -6.47010060 0.00000000
-33.97011267 -6.48014556 0.00000000
-34.11375235 -6.58063167 0.00000000
-34.29270977 -7.00071828 0.00000000
-34.17539790 -7.55262727 0.00000000
-33.84104754 -7.86360694 0.00000000
-33.66895478 -7.89698205 0.00000000
-33.63278659 -7.89187451 0.00000000
-33.52399584 -7.88967574 0.00000000
-33.34622570 -7.90965014 0.00000000
-33.10827018 -7.96932330 0.00000000
-32.82339920 -8.08313526 0.00000000
-32.50834007 -8.26133074 0.00000000
-32.18199346 -8.50917147 0.00000000
-31.86398257 -8.82653109 0.00000000
-31.57314679 -9.20790377 0.00000000
-31.32609556 -9.64282583 0.00000000
-31.13593349 -10.11667805 0.00000000
-31.01125449 -10.61180702 0.00000000
-30.95548236 -11.10887942 0.00000000
-30.96660821 -11.58836538 0.00000000
-31.03734512 -12.03203682 0.00000000
-31.15568795 -12.42436590 0.00000000
-31.30583546 -12.75371619 0.00000000
-31.46940393 -13.01323496 0.00000000
-31.62683899 -13.20137830 0.00000000
-31.75891739 -13.32202860 0.00000000
-31.84822337 -13.38419535 0.00000000
-31.88048618 -13.40132240 0.00000000
-32.00009476 -13.52947701 0.00000000
-32.08780061 -13.97759106 0.00000000
-31.85830395 -14.49304901 0.00000000
-31.46660364 -14.72771768 0.00000000
-31.29133244 -14.72458336 0.00000000
-31.25701653 -14.71206765 0.00000000
-31.15106027 -14.68729805 0.00000000
-30.97302193 -14.66987547 0.00000000
-30.72785956 -14.67877090 0.00000000
-30.42555086 -14.73086779 0.00000000
-30.08032760 -14.83966479 0.00000000
-29.70958346 -15.01423833 0.00000000
-29.33253910 -15.25854470 0.00000000
-28.96876694 -15.57111531 0.00000000
-28.63668900 -15.94516844 0.00000000
-28.35216300 -16.36912894 0.00000000
-28.12726544 -16.82751593 0.00000000
-27.96936489 -17.30213043 0.00000000
-27.88055689 -17.77345167 0.00000000
-27.85750355 -18.22213485 0.00000000
-27.89169049 -18.63049546 0.00000000
-27.97008115 -18.98386607 0.00000000
-28.07611827 -19.27172153 0.00000000
-28.19099579 -19.48848608 0.00000000
-28.29510336 -19.63396053 0.00000000
-28.36953259 -19.71333654 0.00000000
-28.39752947 -19.73679713 0.00000000
-28.48787947 -19.88701929 0.00000000
-28.48050059 -20.34357604 0.00000000
-28.14884925 -20.80005495 0.00000000
-27.71691817 -20.94815648 0.00000000
-27.54612873 -20.90864972 0.00000000
-27.51516487 -20.88927283 0.00000000
-27.41667390 -20.84301496 0.00000000
-27.24614847 -20.78895686 0.00000000
-27.00449402 -20.74668577 0.00000000
-26.69795994 -20.73479070 0.00000000
-26.33766047 -20.76943428 0.00000000
-25.93872211 -20.86311093 0.00000000
-25.51912292 -21.02368669 0.00000000
-25.09831297 -21.25379440 0.00000000
-24.69572170 -21.55063068 0.00000000
-24.32926694 -21.90617035 0.00000000
-24.01397991 -22.30778165 0.00000000
-23.76085197 -22.73919532 0.00000000
-23.57599144 -23.18175283 0.00000000
-23.46015539 -23.61583815 0.00000000
-23.40869232 -24.02238296 0.00000000
-23.41190008 -24.38432992 0.00000000
-23.45577152 -24.68794140 0.00000000
-23.52307080 -24.92385351 0.00000000
-23.59465753 -25.08779416 0.00000000
-23.65095710 -25.18091033 0.00000000
-23.67346446 -25.20967913 0.00000000
-23.73060715 -25.37540339 0.00000000
-23.62846603 -25.82044913 0.00000000
-23.20915476 -26.19799869 0.00000000
-22.75587038 -26.25306032 0.00000000
-22.59702701 -26.17890776 0.00000000
-22.57076847 -26.15351655 0.00000000
-22.48404731 -26.08779210 0.00000000
-22.32848759 -25.99946107 0.00000000
-22.10090252 -25.90787092 0.00000000
-21.80354007 -25.83250377 0.00000000
-21.44391120 -25.79147983 0.00000000
-21.03421413 -25.80016547 0.00000000
-20.59039861 -25.86999269 0.00000000
-20.13094228 -26.00758068 0.00000000
-19.67543287 -26.21422695 0.00000000
-19.24306517 -26.48580699 0.00000000
-18.85116824 -26.81309026 0.00000000
-18.51387580 -27.18244825 0.00000000
-18.24104203 -27.57690015 0.00000000
-18.03748587 -27.97741600 0.00000000
-17.90262197 -28.36437706 0.00000000
-17.83050663 -28.71908153 0.00000000
-17.81029499 -29.02517976 0.00000000
-17.82707475 -29.26992893 0.00000000
-17.86301195 -29.44517081 0.00000000
-17.89872130 -29.54795750 0.00000000
-17.91475545 -29.58077718 0.00000000
-17.93619342 -29.75476060 0.00000000
-17.74375412 -30.16884469 0.00000000
-17.25510884 -30.45096417 0.00000000
-16.80028185 -30.41057945 0.00000000
-16.66032678 -30.30502191 0.00000000
-16.63992118 -30.27472610 0.00000000
-16.56875996 -30.19240754 0.00000000
-16.43496465 -30.07366407 0.00000000
-16.23139553 -29.93675779 0.00000000
-15.95620087 -29.80121247 0.00000000
-15.61296011 -29.68631395 0.00000000
-15.21041005 -29.60962898 0.00000000
-14.76177508 -29.58565587 0.00000000
-14.28375282 -29.62471089 0.00000000
-13.79523320 -29.73213571 0.00000000
-13.31584911 -29.90788678 0.00000000
-12.86447005 -30.14653817 0.00000000
-12.45775442 -30.43769776 0.00000000
-12.10887156 -30.76680461 0.00000000
-11.82649166 -31.11624652 0.00000000
-11.61412114 -31.46671177 0.00000000
-11.46983448 -31.79867148 0.00000000
-11.38642311 -32.09387849 0.00000000
-11.35194998 -32.33676801 0.00000000
-11.35066703 -32.51565220 0.00000000
-11.36422550 -32.62361715 0.00000000
-11.37308566 -32.65905332 0.00000000
-11.35788198 -32.83369199 0.00000000
-11.08355501 -33.19871697 0.00000000
-10.54693187 -33.37307640 0.00000000
-10.11044039 -33.23901033 0.00000000
-9.99549032 -33.10666118 0.00000000
-9.98182948 -33.07278484 0.00000000
-9.92933830 -32.97746990 0.00000000
-9.82315489 -32.83350365 0.00000000
-9.65249866 -32.65726470 0.00000000
-9.41149912 -32.46746517 0.00000000
-9.09964774 -32.28371370 0.00000000
-8.72183807 -32.12500962 0.00000000
-8.28799114 -32.00828392 0.00000000
-7.81229482 -31.94709908 0.00000000
-7.31211565 -31.95060747 0.00000000
-6.80666655 -32.02284840 0.00000000
-6.31553279 -32.16243770 0.00000000
-5.85716939 -32.36267382 0.00000000
-5.44748529 -32.61205207 0.00000000
-5.09862302 -32.89514775 0.00000000
-4.81802748 -33.19380019 0.00000000
-4.60787552 -33.48850689 0.00000000
-4.46490991 -33.75992073 0.00000000
-4.38069052 -33.99033516 0.00000000
-4.34224350 -34.16504356 0.00000000
-4.33305850 -34.27346818 0.00000000
-4.33435745 -34.30997212 0.00000000
-4.28317659 -34.47763349 0.00000000
-3.93895137 -34.77764601 0.00000000
-3.37780336 -34.83662504 0.00000000
-2.97872417 -34.61473697 0.00000000
-2.89380297 -34.46138049 0.00000000
-2.88748394 -34.42540419 0.00000000
-2.85595691 -34.32125858 0.00000000
-2.78202613 -34.15836156 0.00000000
-2.65174129 -33.95049243 0.00000000
-2.45546971 -33.71473386 0.00000000
-2.18863711 -33.47016025 0.00000000
-1.85207992 -33.23637318 0.00000000
-1.45198222 -33.03199637 0.00000000
-0.99940205 -32.87324574 0.00000000
-0.50942356 -32.77268437 0.00000000
-0.00000000 -32.73825788 0.00000000
0.50942356 -32.77268437 0.00000000
0.99940205 -32.87324574 0.00000000
1.45198222 -33.03199637 0.00000000
1.85207992 -33.23637318 0.00000000
2.18863711 -33.47016025 0.00000000
2.45546971 -33.71473386 0.00000000
2.65174129 -33.95049243 0.00000000
2.78202613 -34.15836156 0.00000000
2.85595691 -34.32125858 0.00000000
2.88748394 -34.42540419 0.00000000
2.89380297 -34.46138049 0.00000000
2.97872417 -34.61473697 0.00000000
3.37780336 -34.83662504 0.00000000
3.93895137 -34.77764601 0.00000000
4.28317659 -34.47763349 0.00000000
4.33435745 -34.30997212 0.00000000
4.33305850 -34.27346818 0.00000000
4.34224350 -34.16504356 0.00000000
4.38069052 -33.99033516 0.00000000
4.46490991 -33.75992073 0.00000000
4.60787552 -33.48850689 0.00000000
4.81802748 -33.19380019 0.00000000
5.09862302 -32.89514775 0.00000000
5.44748529 -32.61205207 0.00000000
5.85716939 -32.36267382 0.00000000
6.31553279 -32.16243770 0.00000000
6.80666655 -32.02284840 0.00000000
7.31211565 -31.95060747 0.00000000
7.81229482 -31.94709908 0.00000000
8.28799114 -32.00828392 0.00000000
8.72183807 -32.12500962 0.00000000
9.09964774 -32.28371370 0.00000000
9.41149912 -32.46746517 0.00000000
9.65249866 -32.65726470 0.00000000
9.82315489 -32.83350365 0.00000000
9.92933830 -32.97746990 0.00000000
9.98182948 -33.07278484 0.00000000
9.99549032 -33.10666118 0.00000000
10.11044039 -33.23901033 0.00000000
10.54693187 -33.37307640 0.00000000
11.08355501 -33.19871697 0.00000000
11.35788198 -32.83369199 0.00000000
11.37308566 -32.65905332 0.00000000
11.36422550 -32.62361715 0.00000000
11.35066703 -32.51565220 0.00000000
11.35194998 -32.33676801 0.00000000
11.38642311 -32.09387849 0.00000000
11.46983448 -31.79867148 0.00000000
11.61412114 -31.46671177 0.00000000
11.82649166 -31.11624652 0.00000000
12.10887156 -30.76680461 0.00000000
12.45775442 -30.43769776 0.00000000
12.86447005 -30.14653817 0.00000000
13.31584911 -29.90788678 0.00000000
13.79523320 -29.73213571 0.00000000
14.28375282 -29.62471089 0.00000000
14.76177508 -29.58565587 0.00000000
15.21041005 -29.60962898 0.00000000
15.61296011 -29.68631395 0.00000000
15.95620087 -29.80121247 0.00000000
16.23139553 -29.93675779 0.00000000
16.43496465 -30.07366407 0.00000000
16.56875996 -30.19240754 0.00000000
16.63992118 -30.27472610 0.00000000
16.66032678 -30.30502191 0.00000000
16.80028185 -30.41057945 0.00000000
17.25510884 -30.45096417 0.00000000
17.74375412 -30.16884469 0.00000000
17.93619342 -29.75476060 0.00000000
17.91475545 -29.58077718 0.00000000
17.89872130 -29.54795750 0.00000000
17.86301195 -29.44517081 0.00000000
17.82707475 -29.26992893 0.00000000
17.81029499 -29.02517976 0.00000000
17.83050663 -28.71908153 0.00000000
17.90262197 -28.36437706 0.00000000
18.03748587 -27.97741600 0.00000000
18.24104203 -27.57690015 0.00000000
18.51387580 -27.18244825 0.00000000
18.85116824 -26.81309026 0.00000000
19.24306517 -26.48580699 0.00000000
19.67543287 -26.21422695 0.00000000
20.13094228 -26.00758068 0.00000000
20.59039861 -25.86999269 0.00000000
21.03421413 -25.80016547 0.00000000
21.44391120 -25.79147983 0.00000000
21.80354007 -25.83250377 0.00000000
22.10090252 -25.90787092 0.00000000
22.32848759 -25.99946107 0.00000000
22.48404731 -26.08779210 0.00000000
22.57076847 -26.15351655 0.00000000
22.59702701 -26.17890776 0.00000000
22.75587038 -26.25306032 0.00000000
23.20915476 -26.19799869 0.00000000
23.62846603 -25.82044913 0.00000000
23.73060715 -25.37540339 0.00000000
23.67346446 -25.20967913 0.00000000
23.65095710 -25.18091033 0.00000000
23.59465753 -25.08779416 0.00000000
23.52307080 -24.92385351 0.00000000
23.45577152 -24.68794140 0.00000000
23.41190008 -24.38432992 0.00000000
23.40869232 -24.02238296 0.00000000
23.46015539 -23.61583815 0.00000000
23.57599144 -23.18175283 0.00000000
23.76085197 -22.73919532 0.00000000
24.01397991 -22.30778165 0.00000000
24.32926694 -21.90617035 0.00000000
24.69572170 -21.55063068 0.00000000
25.09831297 -21.25379440 0.00000000
25.51912292 -21.02368669 0.00000000
25.93872211 -20.86311093 0.00000000
26.33766047 -20.76943428 0.00000000
26.69795994 -20.73479070 0.00000000
27.00449402 -20.74668577 0.00000000
27.24614847 -20.78895686 0.00000000
27.41667390 -20.84301496 0.00000000
27.51516487 -20.88927283 0.00000000
27.54612873 -20.90864972 0.00000000
27.71691817 -20.94815648 0.00000000
28.14884925 -20.80005495 0.00000000
28.48050059 -20.34357604 0.00000000
28.48787947 -19.88701929 0.00000000
28.39752947 -19.73679713 0.00000000
28.36953259 -19.71333654 0.00000000
28.29510336 -19.63396053 0.00000000
28.19099579 -19.48848608 0.00000000
28.07611827 -19.27172153 0.00000000
27.97008115 -18.98386607 0.00000000
27.89169049 -18.63049546 0.00000000
27.85750355 -18.22213485 0.00000000
27.88055689 -17.77345167 0.00000000
27.96936489 -17.30213043 0.00000000
28.12726544 -16.82751593 0.00000000
28.35216300 -16.36912894 0.00000000
28.63668900 -15.94516844 0.00000000
28.96876694 -15.57111531 0.00000000
29.33253910 -15.25854470 0.00000000
29.70958346 -15.01423833 0.00000000
30.08032760 -14.83966479 0.00000000
30.42555086 -14.73086779 0.00000000
30.72785956 -14.67877090 0.00000000
30.97302193 -14.66987547 0.00000000
31.15106027 -14.68729805 0.00000000
31.25701653 -14.71206765 0.00000000
31.29133244 -14.72458336 0.00000000
31.46660364 -14.72771768 0.00000000
31.85830395 -14.49304901 0.00000000
32.08780061 -13.97759106 0.00000000
32.00009476 -13.52947701 0.00000000
31.88048618 -13.40132240 0.00000000
31.84822337 -13.38419535 0.00000000
31.75891739 -13.32202860 0.00000000
31.62683899 -13.20137830 0.00000000
31.46940393 -13.01323496 0.00000000
31.30583546 -12.75371619 0.00000000
31.15568795 -12.42436590 0.00000000
31.03734512 -12.03203682 0.00000000
30.96660821 -11.58836538 0.00000000
30.95548236 -11.10887942 0.00000000
31.01125449 -10.61180702 0.00000000
31.13593349 -10.11667805 0.00000000
31.32609556 -9.64282583 0.00000000
31.57314679 -9.20790377 0.00000000
31.86398257 -8.82653109 0.00000000
32.18199346 -8.50917147 0.00000000
32.50834007 -8.26133074 0.00000000
32.82339920 -8.08313526 0.00000000
33.10827018 -7.96932330 0.00000000
33.34622570 -7.90965014 0.00000000
33.52399584 -7.88967574 0.00000000
33.63278659 -7.89187451 0.00000000
33.66895478 -7.89698205 0.00000000
33.84104754 -7.86360694 0.00000000
34.17539790 -7.55262727 0.00000000
34.29270977 -7.00071828 0.00000000
34.11375235 -6.58063167 0.00000000
33.97011267 -6.48014556 0.00000000
33.93499396 -6.47010060 0.00000000
33.83471434 -6.42786010 0.00000000
33.68043756 -6.33730694 0.00000000
33.48732564 -6.18600757 0.00000000
33.27337454 -5.96616771 0.00000000
33.05803234 -5.67523194 0.00000000
32.86070578 -5.31608104 0.00000000
32.69927017 -4.89681193 0.00000000
32.58869670 -4.43011708 0.00000000
32.53990292 -3.93231122 0.00000000
32.55891428 -3.42207979 0.00000000
32.64640144 -2.91904545 0.00000000
32.79762862 -2.44226264 0.00000000
33.00281711 -2.00875571 0.00000000
33.24789592 -1.63221298 0.00000000
33.51558208 -1.32193689 0.00000000
33.78670749 -1.08213093 0.00000000
34.04169052 -0.91157803 0.00000000
34.26203940 -0.80373514 0.00000000
34.43177192 -0.74723673 0.00000000
34.53864248 -0.72676859 0.00000000
34.57508222 -0.72424473 0.00000000
