34.53479893 -1.81892947 5.00000000
34.69827817 -1.75564949 5.00000000
34.97236988 -1.39044784 5.00000000
34.99024023 -0.82649193 5.00000000
34.73981983 -0.44466980 5.00000000
34.58067490 -0.37116668 5.00000000
34.54433337 -0.36748997 5.00000000
34.43816468 -0.34364734 5.00000000
34.27030670 -0.28180158 5.00000000
34.05348393 -0.16703398 5.00000000
33.80403050 0.01150908 5.00000000
33.54063615 0.25978171 5.00000000
33.28291121 0.57838019 5.00000000
33.04988106 0.96249606 5.00000000
32.85852537 1.40228415 5.00000000
32.72247452 1.88361738 5.00000000
32.65096315 2.38917022 5.00000000
32.64812117 2.89974780 5.00000000
32.71265679 3.39575855 5.00000000
32.83795575 3.85871723 5.00000000
33.01258930 4.27266309 5.00000000
33.22119175 4.62538416 5.00000000
33.44564032 4.90935374 5.00000000
33.66644676 5.12230715 5.00000000
33.86425370 5.26741446 5.00000000
34.02132105 5.35303599 5.00000000
34.12288818 5.39207929 5.00000000
34.15830741 5.40100694 5.00000000
34.30505759 5.49689334 5.00000000
34.49723005 5.91110134 5.00000000
34.39745686 6.46644891 5.00000000
34.07312346 6.78786198 5.00000000
33.90217408 6.82667079 5.00000000
33.86586227 6.82271133 5.00000000
33.75705646 6.82395923 5.00000000
33.58000812 6.84955388 5.00000000
33.34406192 6.91673353 5.00000000
33.06293846 7.03951071 5.00000000
32.75368112 7.22759522 5.00000000
32.43534774 7.48564754 5.00000000
32.12754768 7.81291986 5.00000000
31.84893648 8.20331245 5.00000000
31.61578387 8.64584083 5.00000000
31.44072485 9.12547807 5.00000000
31.33178992 9.62430743 5.00000000
31.29178885 10.12289686 5.00000000
31.31809521 10.60178990 5.00000000
31.40284841 11.04299841 5.00000000
31.53355756 11.43138257 5.00000000
31.69406080 11.75581221 5.00000000
31.86576658 12.01002032 5.00000000
32.02908146 12.19308306 5.00000000
32.16491479 12.30948969 5.00000000
32.25614488 12.36879679 5.00000000
32.28893395 12.38489343 5.00000000
32.41254139 12.50919556 5.00000000
32.51439573 12.95430702 5.00000000
32.30133957 13.47677490 5.00000000
31.91726810 13.72373162 5.00000000
31.74198556 13.72614999 5.00000000
31.70729048 13.71472740 5.00000000
31.60060288 13.69332603 5.00000000
31.42210205 13.68155096 5.00000000
31.17734440 13.69820660 5.00000000
30.87683735 13.75985195 5.00000000
30.53523306 13.87952815 5.00000000
30.17020394 14.06575617 5.00000000
29.80108630 14.32188157 5.00000000
29.44739624 14.64581662 5.00000000
29.12733175 15.03019954 5.00000000
28.85637600 15.46295874 5.00000000
28.64610911 15.92823864 5.00000000
28.50331958 16.40761600 5.00000000
28.42948362 16.88151348 5.00000000
28.42065236 17.33070171 5.00000000
28.46775559 17.73777470 5.00000000
28.55729873 18.08848528 5.00000000
28.67239950 18.37283797 5.00000000
28.79408467 18.58585542 5.00000000
28.90274742 18.72795963 5.00000000
28.97965327 18.80493853 5.00000000
29.00837914 18.82750065 5.00000000
29.10344159 18.97478591 5.00000000
29.11052630 19.43134732 5.00000000
28.79349875 19.89810116 5.00000000
28.36647497 20.05980834 5.00000000
28.19451997 20.02573057 5.00000000
28.16295794 20.00734407 5.00000000
28.06305132 19.96422878 5.00000000
27.89089934 19.91559861 5.00000000
27.64802733 19.88100231 5.00000000
27.34127029 19.87882163 5.00000000
26.98224879 19.92485909 5.00000000
26.58647745 20.03112376 5.00000000
26.17217445 20.20490834 5.00000000
25.75886349 20.44822833 5.00000000
25.36587547 20.75766641 5.00000000
25.01086505 21.12463392 5.00000000
24.70845587 21.53602939 5.00000000
24.46911848 21.97524360 5.00000000
24.29836718 22.42343392 5.00000000
24.19633742 22.86097018 5.00000000
24.15777610 23.26894096 5.00000000
24.17244568 23.63060474 5.00000000
24.22591097 23.93267443 5.00000000
24.30064821 24.16633672 5.00000000
24.37739129 24.32792786 5.00000000
24.43661175 24.41921422 5.00000000
24.46001897 24.44725574 5.00000000
24.52238175 24.61108706 5.00000000
24.43438718 25.05914450 5.00000000
24.02724386 25.44978492 5.00000000
23.57593077 25.51917517 5.00000000
23.41481856 25.45009063 5.00000000
23.38776901 25.42554381 5.00000000
23.29900976 25.36259893 5.00000000
23.14073049 25.27923903 5.00000000
22.91035879 25.19490282 5.00000000
22.61075852 25.12899142 5.00000000
22.25001077 25.09937809 5.00000000
21.84079432 25.12103513 5.00000000
21.39941299 25.20488366 5.00000000
20.94454479 25.35695434 5.00000000
20.49580871 25.57792366 5.00000000
20.07225929 25.86306123 5.00000000
19.69092454 26.20259231 5.00000000
19.36549948 26.58244759 5.00000000
19.10529550 26.98534269 5.00000000
18.91452643 27.39210456 5.00000000
18.79198587 27.78314285 5.00000000
18.73114076 28.13995339 5.00000000
18.72063388 28.44653819 5.00000000
18.74515682 28.69063313 5.00000000
18.78662618 28.86464891 5.00000000
18.82557304 28.96625306 5.00000000
18.84263859 28.99854845 5.00000000
18.86957614 29.17176561 5.00000000
18.69034809 29.59173683 5.00000000
18.21088312 29.88919095 5.00000000
17.75500526 29.86323159 5.00000000
17.61177722 29.76215961 5.00000000
17.59042234 29.73252527 5.00000000
17.51668967 29.65250181 5.00000000
17.37920068 29.53805541 5.00000000
17.17139764 29.40766518 5.00000000
16.89204810 29.28090370 5.00000000
16.54534052 29.17693381 5.00000000
16.14056367 29.11303671 5.00000000
15.69139449 29.10328461 5.00000000
15.21484898 29.15745977 5.00000000
14.72997676 29.28030290 5.00000000
14.25639947 29.47114865 5.00000000
13.81280533 29.72397622 5.00000000
13.41551522 30.02787108 5.00000000
13.07723073 30.36786250 5.00000000
12.80605987 30.72607253 5.00000000
12.60489569 31.08308808 5.00000000
12.47119510 31.41945103 5.00000000
12.39717526 31.71715172 5.00000000
12.37041212 31.96101121 5.00000000
12.37479537 32.13984629 5.00000000
12.39176645 32.24732766 5.00000000
12.40174449 32.28246544 5.00000000
12.39207952 32.45749802 5.00000000
12.12945110 32.83102825 5.00000000
11.59861940 33.02229592 5.00000000
11.15810082 32.90212150 5.00000000
11.03901671 32.77347939 5.00000000
11.02428980 32.74005271 5.00000000
10.96880618 32.64644806 5.00000000
10.85811640 32.50591703 5.00000000
10.68196401 32.33517145 5.00000000
10.43507412 32.15309999 5.00000000
10.11755949 31.97931753 5.00000000
9.73491294 31.83265889 5.00000000
9.29758676 31.72973238 5.00000000
8.82019127 31.68364430 5.00000000
8.32037414 31.70299241 5.00000000
7.81746659 31.79120547 5.00000000
7.33100024 31.94627973 5.00000000
6.87920858 32.16093250 5.00000000
6.47762822 32.42316100 5.00000000
6.13790705 32.71716368 5.00000000
5.86691107 33.02455320 5.00000000
5.66619838 33.32576791 5.00000000
5.53190060 33.60157353 5.00000000
5.45502105 33.83453973 5.00000000
5.42212661 34.01037817 5.00000000
5.41638020 34.11903929 5.00000000
5.41883464 34.15548378 5.00000000
5.37298956 34.32468202 5.00000000
5.03843890 34.63544620 5.00000000
4.47944036 34.71216810 5.00000000
4.07353383 34.50303081 5.00000000
3.98379819 34.35244086 5.00000000
3.97634290 34.31668274 5.00000000
3.94153323 34.21358788 5.00000000
3.86248033 34.05311409 5.00000000
3.72567730 33.84947557 5.00000000
3.52203733 33.62005151 5.00000000
3.24759256 33.38405161 5.00000000
2.90379980 33.16104113 5.00000000
2.49742988 32.96943858 5.00000000
2.04004887 32.82510153 5.00000000
1.54713125 32.74010901 5.00000000
1.03687291 32.72183405 5.00000000
0.52879526 32.77237753 5.00000000
0.04224752 32.88840685 5.00000000
-0.40507772 33.06141177 5.00000000
-0.79850177 33.27835779 5.00000000
-1.12748570 33.52268688 5.00000000
-1.38643840 33.77558881 5.00000000
-1.57514467 34.01744534 5.00000000
-1.69878061 34.22933651 5.00000000
-1.76751509 34.39449332 5.00000000
-1.79572785 34.49958519 5.00000000
-1.80090428 34.53574359 5.00000000
-1.88092583 34.69171271 5.00000000
-2.27277726 34.92612895 5.00000000
-2.83551172 34.88495196 5.00000000
-3.18906613 34.59599211 5.00000000
-3.24553142 34.43003583 5.00000000
-3.24538926 34.39350906 5.00000000
-3.25800363 34.28542974 5.00000000
-3.30196466 34.11202666 5.00000000
-3.39343939 33.88439518 5.00000000
-3.54492939 33.61764546 5.00000000
-3.76430975 33.32974245 5.00000000
-4.05422332 33.04012675 5.00000000
-4.41187668 32.76822212 5.00000000
-4.82925346 32.53194432 5.00000000
-5.29372870 32.34632575 5.00000000
-5.78903709 32.22236147 5.00000000
-6.29652061 32.16616517 5.00000000
-6.79655997 32.17850001 5.00000000
-7.27007982 32.25472021 5.00000000
-7.70001222 32.38512798 5.00000000
-8.07260595 32.55571828 5.00000000
-8.37848117 32.74925440 5.00000000
-8.61334856 32.94659155 5.00000000
-8.77833741 33.12814704 5.00000000
-8.87990791 33.27540407 5.00000000
-8.92935398 33.37233367 5.00000000
-8.94193504 33.40662567 5.00000000
-9.05263574 33.54254908 5.00000000
-9.48466215 33.69037227 5.00000000
-10.02653833 33.53309603 5.00000000
-10.31228860 33.17694255 5.00000000
-10.33301574 33.00287301 5.00000000
-10.32528234 32.96717400 5.00000000
-10.31515010 32.85883380 5.00000000
-10.32209795 32.68007998 5.00000000
-10.36424649 32.43840413 5.00000000
-10.45696568 32.14598698 5.00000000
-10.61169366 31.81876361 5.00000000
-10.83505743 31.47520028 5.00000000
-11.12836305 31.13487710 5.00000000
-11.48749423 30.81698503 5.00000000
-11.90322731 30.53885284 5.00000000
-12.36193840 30.31461707 5.00000000
-12.84664832 30.15413703 5.00000000
-13.33832517 30.06223830 5.00000000
-13.81734455 30.03834260 5.00000000
-14.26499520 30.07651267 5.00000000
-14.66491457 30.16590858 5.00000000
-15.00434411 30.29162043 5.00000000
-15.27510778 30.43581361 5.00000000
-15.47423874 30.57909857 5.00000000
-15.60420614 30.70201998 5.00000000
-15.67272449 30.78655103 5.00000000
-15.69216034 30.81747792 5.00000000
-15.82870202 30.92741511 5.00000000
-16.28202179 30.98218466 5.00000000
-16.77935710 30.71568289 5.00000000
-16.98481457 30.30790139 5.00000000
-16.96889768 30.13332628 5.00000000
-16.95391103 30.10001524 5.00000000
-16.92147502 29.99614914 5.00000000
-16.89110603 29.81985699 5.00000000
-16.88208629 29.57469916 5.00000000
-16.91198240 29.26939463 5.00000000
-16.99529563 28.91715211 5.00000000
-17.14234754 28.53465653 5.00000000
-17.35848656 28.14078856 5.00000000
-17.64367638 27.75517562 5.00000000
-17.99249776 27.39668552 5.00000000
-18.39456368 27.08197844 5.00000000
-18.83531584 26.82422842 5.00000000
-19.29714156 26.63211253 5.00000000
-19.76072502 26.50914527 5.00000000
-20.20652943 26.45340943 5.00000000
-20.61629606 26.45770391 5.00000000
-20.97444522 26.51009729 5.00000000
-21.26927149 26.59484458 5.00000000
-21.49384158 26.69359676 5.00000000
-21.64652568 26.78681030 5.00000000
-21.73112173 26.85524837 5.00000000
-21.75656292 26.88145850 5.00000000
-21.91297807 26.96060468 5.00000000
-22.36777895 26.91992691 5.00000000
-22.79883746 26.55584701 5.00000000
-22.91502264 26.11425952 5.00000000
-22.86315737 25.94680860 5.00000000
-22.84157246 25.91734138 5.00000000
-22.78825027 25.82248883 5.00000000
-22.72189172 25.65636315 5.00000000
-22.66209791 25.41843792 5.00000000
-22.62786434 25.11358927 5.00000000
-22.63612163 24.75172230 5.00000000
-22.70043480 24.34701136 5.00000000
-22.82996091 23.91681252 5.00000000
-23.02874521 23.48033185 5.00000000
-23.29540973 23.05715158 5.00000000
-23.62325825 22.66572740 5.00000000
-24.00078969 22.32197231 5.00000000
-24.41258026 22.03803564 5.00000000
-24.84046698 21.82137110 5.00000000
-25.26494136 21.67416527 5.00000000
-25.66664648 21.59317063 5.00000000
-26.02786242 21.56995569 5.00000000
-26.33386598 21.59155321 5.00000000
-26.57406041 21.64145668 5.00000000
-26.74278818 21.70088847 5.00000000
-26.83976468 21.75024250 5.00000000
-26.87009931 21.77059035 5.00000000
-27.03955183 21.81548646 5.00000000
-27.47595683 21.68113918 5.00000000
-27.82189921 21.23539320 5.00000000
-27.84373427 20.77929919 5.00000000
-27.75818737 20.62629087 5.00000000
-27.73094757 20.60195534 5.00000000
-27.65906965 20.52026185 5.00000000
-27.55962171 20.37156314 5.00000000
-27.45166710 20.15126897 5.00000000
-27.35480002 19.86019956 5.00000000
-27.28764050 19.50452346 5.00000000
-27.26640414 19.09528496 5.00000000
-27.30365642 18.64755701 5.00000000
-27.40734738 18.17928491 5.00000000
-27.58020050 17.70990947 5.00000000
-27.81950309 17.25887531 5.00000000
-28.11731385 16.84413889 5.00000000
-28.46107207 16.48079085 5.00000000
-28.83456134 16.17989829 5.00000000
-29.21915413 15.94765608 5.00000000
-29.59524129 15.78491218 5.00000000
-29.94373713 15.68710352 5.00000000
-30.24754417 15.64460737 5.00000000
-30.49286528 15.64348109 5.00000000
-30.67026251 15.66653369 5.00000000
-30.77538112 15.69464666 5.00000000
-30.80928342 15.70824294 5.00000000
-30.98436743 15.71692680 5.00000000
-31.38330356 15.49478163 5.00000000
-31.62901047 14.98685080 5.00000000
-31.55554110 14.53618377 5.00000000
-31.44005139 14.40430525 5.00000000
-31.40834720 14.38616499 5.00000000
-31.32105495 14.32120096 5.00000000
-31.19286399 14.19642806 5.00000000
-31.04146672 14.00339288 5.00000000
-30.88619968 13.73882382 5.00000000
-30.74655854 13.40488336 5.00000000
-30.64070077 13.00900299 5.00000000
-30.58405113 12.56331378 5.00000000
-30.58811694 12.08371599 5.00000000
-30.65960417 11.58865934 5.00000000
-30.79990215 11.09772755 5.00000000
-31.00497648 10.63013578 5.00000000
-31.26567845 10.20325641 5.00000000
-31.56844701 9.83128629 5.00000000
-31.89634964 9.52415779 5.00000000
-32.23038204 9.28677732 5.00000000
-32.55092685 9.11864966 5.00000000
-32.83925953 9.01391711 5.00000000
-33.07898562 8.96181032 5.00000000
-33.25729919 8.94747620 5.00000000
-33.36596573 8.95311945 5.00000000
-33.40195401 8.95936993 5.00000000
-33.57501748 8.93146202 5.00000000
-33.91904933 8.63122777 5.00000000
-34.05378219 8.08331111 5.00000000
-33.88821936 7.65776738 5.00000000
-33.74783429 7.55278238 5.00000000
-33.71305134 7.54163019 5.00000000
-33.61415986 7.49623487 5.00000000
-33.46282844 7.40084095 5.00000000
-33.27460528 7.24350131 5.00000000
-33.06772420 7.01699556 5.00000000
-32.86170443 6.71938552 5.00000000
-32.67585175 6.35416515 5.00000000
-32.52777604 5.92999344 5.00000000
-32.43203902 5.46003069 5.00000000
-32.39903602 4.96092918 5.00000000
-32.43419769 4.45155584 5.00000000
-32.53757286 3.95154472 5.00000000
-32.70382465 3.47979071 5.00000000
-32.92264005 3.05299990 5.00000000
-33.17952163 2.68440811 5.00000000
-33.45690044 2.38276573 5.00000000
-33.73548487 2.15166704 5.00000000
-33.99574166 1.98927542 5.00000000
-34.21939555 1.88846543 5.00000000
-34.39083232 1.83737107 5.00000000
-34.49829753 1.82029796 5.00000000
-34.53479893 1.81892947 5.00000000
-34.69827817 1.75564949 5.00000000
-34.97236988 1.39044784 5.00000000
-34.99024023 0.82649193 5.00000000
-34.73981983 0.44466980 5.00000000
-34.58067490 0.37116668 5.00000000
-34.54433337 0.36748997 5.00000000
-34.43816468 0.34364734 5.00000000
-34.27030670 0.28180158 5.00000000
-34.05348393 0.16703398 5.00000000
-33.80403050 -0.01150908 5.00000000
-33.54063615 -0.25978171 5.00000000
-33.28291121 -0.57838019 5.00000000
-33.04988106 -0.96249606 5.00000000
-32.85852537 -1.40228415 5.00000000
-32.72247452 -1.88361738 5.00000000
-32.65096315 -2.38917022 5.00000000
-32.64812117 -2.89974780 5.00000000
-32.71265679 -3.39575855 5.00000000
-32.83795575 -3.85871723 5.00000000
-33.01258930 -4.27266309 5.00000000
-33.22119175 -4.62538416 5.00000000
-33.44564032 -4.90935374 5.00000000
-33.66644676 -5.12230715 5.00000000
-33.86425370 -5.26741446 5.00000000
-34.02132105 -5.35303599 5.00000000
-34.12288818 -5.39207929 5.00000000
-34.15830741 -5.40100694 5.00000000
-34.30505759 -5.49689334 5.00000000
-34.49723005 -5.91110134 5.00000000
-34.39745686 -6.46644891 5.00000000
-34.07312346 -6.78786198 5.00000000
-33.90217408 -6.82667079 5.00000000
-33.86586227 -6.82271133 5.00000000
-33.75705646 -6.82395923 5.00000000
-33.58000812 -6.84955388 5.00000000
-33.34406192 -6.91673353 5.00000000
-33.06293846 -7.03951071 5.00000000
-32.75368112 -7.22759522 5.00000000
-32.43534774 -7.48564754 5.00000000
-32.12754768 -7.81291986 5.00000000
-31.84893648 -8.20331245 5.00000000
-31.61578387 -8.64584083 5.00000000
-31.44072485 -9.12547807 5.00000000
-31.33178992 -9.62430743 5.00000000
-31.29178885 -10.12289686 5.00000000
-31.31809521 -10.60178990 5.00000000
-31.40284841 -11.04299841 5.00000000
-31.53355756 -11.43138257 5.00000000
-31.69406080 -11.75581221 5.00000000
-31.86576658 -12.01002032 5.00000000
-32.02908146 -12.19308306 5.00000000
-32.16491479 -12.30948969 5.00000000
-32.25614488 -12.36879679 5.00000000
-32.28893395 -12.38489343 5.00000000
-32.41254139 -12.50919556 5.00000000
-32.51439573 -12.95430702 5.00000000
-32.30133957 -13.47677490 5.00000000
-31.91726810 -13.72373162 5.00000000
-31.74198556 -13.72614999 5.00000000
-31.70729048 -13.71472740 5.00000000
-31.60060288 -13.69332603 5.00000000
-31.42210205 -13.68155096 5.00000000
-31.17734440 -13.69820660 5.00000000
-30.87683735 -13.75985195 5.00000000
-30.53523306 -13.87952815 5.00000000
-30.17020394 -14.06575617 5.00000000
-29.80108630 -14.32188157 5.00000000
-29.44739624 -14.64581662 5.00000000
-29.12733175 -15.03019954 5.00000000
-28.85637600 -15.46295874 5.00000000
-28.64610911 -15.92823864 5.00000000
-28.50331958 -16.40761600 5.00000000
-28.42948362 -16.88151348 5.00000000
-28.42065236 -17.33070171 5.00000000
-28.46775559 -17.73777470 5.00000000
-28.55729873 -18.08848528 5.00000000
-28.67239950 -18.37283797 5.00000000
-28.79408467 -18.58585542 5.00000000
-28.90274742 -18.72795963 5.00000000
-28.97965327 -18.80493853 5.00000000
-29.00837914 -18.82750065 5.00000000
-29.10344159 -18.97478591 5.00000000
-29.11052630 -19.43134732 5.00000000
-28.79349875 -19.89810116 5.00000000
-28.36647497 -20.05980834 5.00000000
-28.19451997 -20.02573057 5.00000000
-28.16295794 -20.00734407 5.00000000
-28.06305132 -19.96422878 5.00000000
-27.89089934 -19.91559861 5.00000000
-27.64802733 -19.88100231 5.00000000
-27.34127029 -19.87882163 5.00000000
-26.98224879 -19.92485909 5.00000000
-26.58647745 -20.03112376 5.00000000
-26.17217445 -20.20490834 5.00000000
-25.75886349 -20.44822833 5.00000000
-25.36587547 -20.75766641 5.00000000
-25.01086505 -21.12463392 5.00000000
-24.70845587 -21.53602939 5.00000000
-24.46911848 -21.97524360 5.00000000
-24.29836718 -22.42343392 5.00000000
-24.19633742 -22.86097018 5.00000000
-24.15777610 -23.26894096 5.00000000
-24.17244568 -23.63060474 5.00000000
-24.22591097 -23.93267443 5.00000000
-24.30064821 -24.16633672 5.00000000
-24.37739129 -24.32792786 5.00000000
-24.43661175 -24.41921422 5.00000000
-24.46001897 -24.44725574 5.00000000
-24.52238175 -24.61108706 5.00000000
-24.43438718 -25.05914450 5.00000000
-24.02724386 -25.44978492 5.00000000
-23.57593077 -25.51917517 5.00000000
-23.41481856 -25.45009063 5.00000000
-23.38776901 -25.42554381 5.00000000
-23.29900976 -25.36259893 5.00000000
-23.14073049 -25.27923903 5.00000000
-22.91035879 -25.19490282 5.00000000
-22.61075852 -25.12899142 5.00000000
-22.25001077 -25.09937809 5.00000000
-21.84079432 -25.12103513 5.00000000
-21.39941299 -25.20488366 5.00000000
-20.94454479 -25.35695434 5.00000000
-20.49580871 -25.57792366 5.00000000
-20.07225929 -25.86306123 5.00000000
-19.69092454 -26.20259231 5.00000000
-19.36549948 -26.58244759 5.00000000
-19.10529550 -26.98534269 5.00000000
-18.91452643 -27.39210456 5.00000000
-18.79198587 -27.78314285 5.00000000
-18.73114076 -28.13995339 5.00000000
-18.72063388 -28.44653819 5.00000000
-18.74515682 -28.69063313 5.00000000
-18.78662618 -28.86464891 5.00000000
-18.82557304 -28.96625306 5.00000000
-18.84263859 -28.99854845 5.00000000
-18.86957614 -29.17176561 5.00000000
-18.69034809 -29.59173683 5.00000000
-18.21088312 -29.88919095 5.00000000
-17.75500526 -29.86323159 5.00000000
-17.61177722 -29.76215961 5.00000000
-17.59042234 -29.73252527 5.00000000
-17.51668967 -29.65250181 5.00000000
-17.37920068 -29.53805541 5.00000000
-17.17139764 -29.40766518 5.00000000
-16.89204810 -29.28090370 5.00000000
-16.54534052 -29.17693381 5.00000000
-16.14056367 -29.11303671 5.00000000
-15.69139449 -29.10328461 5.00000000
-15.21484898 -29.15745977 5.00000000
-14.72997676 -29.28030290 5.00000000
-14.25639947 -29.47114865 5.00000000
-13.81280533 -29.72397622 5.00000000
-13.41551522 -30.02787108 5.00000000
-13.07723073 -30.36786250 5.00000000
-12.80605987 -30.72607253 5.00000000
-12.60489569 -31.08308808 5.00000000
-12.47119510 -31.41945103 5.00000000
-12.39717526 -31.71715172 5.00000000
-12.37041212 -31.96101121 5.00000000
-12.37479537 -32.13984629 5.00000000
-12.39176645 -32.24732766 5.00000000
-12.40174449 -32.28246544 5.00000000
-12.39207952 -32.45749802 5.00000000
-12.12945110 -32.83102825 5.00000000
-11.59861940 -33.02229592 5.00000000
-11.15810082 -32.90212150 5.00000000
-11.03901671 -32.77347939 5.00000000
-11.02428980 -32.74005271 5.00000000
-10.96880618 -32.64644806 5.00000000
-10.85811640 -32.50591703 5.00000000
-10.68196401 -32.33517145 5.00000000
-10.43507412 -32.15309999 5.00000000
-10.11755949 -31.97931753 5.00000000
-9.73491294 -31.83265889 5.00000000
-9.29758676 -31.72973238 5.00000000
-8.82019127 -31.68364430 5.00000000
-8.32037414 -31.70299241 5.00000000
-7.81746659 -31.79120547 5.00000000
-7.33100024 -31.94627973 5.00000000
-6.87920858 -32.16093250 5.00000000
-6.47762822 -32.42316100 5.00000000
-6.13790705 -32.71716368 5.00000000
-5.86691107 -33.02455320 5.00000000
-5.66619838 -33.32576791 5.00000000
-5.53190060 -33.60157353 5.00000000
-5.45502105 -33.83453973 5.00000000
-5.42212661 -34.01037817 5.00000000
-5.41638020 -34.11903929 5.00000000
-5.41883464 -34.15548378 5.00000000
-5.37298956 -34.32468202 5.00000000
-5.03843890 -34.63544620 5.00000000
-4.47944036 -34.71216810 5.00000000
-4.07353383 -34.50303081 5.00000000
-3.98379819 -34.35244086 5.00000000
-3.97634290 -34.31668274 5.00000000
-3.94153323 -34.21358788 5.00000000
-3.86248033 -34.05311409 5.00000000
-3.72567730 -33.84947557 5.00000000
-3.52203733 -33.62005151 5.00000000
-3.24759256 -33.38405161 5.00000000
-2.90379980 -33.16104113 5.00000000
-2.49742988 -32.96943858 5.00000000
-2.04004887 -32.82510153 5.00000000
-1.54713125 -32.74010901 5.00000000
-1.03687291 -32.72183405 5.00000000
-0.52879526 -32.77237753 5.00000000
-0.04224752 -32.88840685 5.00000000
0.40507772 -33.06141177 5.00000000
0.79850177 -33.27835779 5.00000000
1.12748570 -33.52268688 5.00000000
1.38643840 -33.77558881 5.00000000
1.57514467 -34.01744534 5.00000000
1.69878061 -34.22933651 5.00000000
1.76751509 -34.39449332 5.00000000
1.79572785 -34.49958519 5.00000000
1.80090428 -34.53574359 5.00000000
1.88092583 -34.69171271 5.00000000
2.27277726 -34.92612895 5.00000000
2.83551172 -34.88495196 5.00000000
3.18906613 -34.59599211 5.00000000
3.24553142 -34.43003583 5.00000000
3.24538926 -34.39350906 5.00000000
3.25800363 -34.28542974 5.00000000
3.30196466 -34.11202666 5.00000000
3.39343939 -33.88439518 5.00000000
3.54492939 -33.61764546 5.00000000
3.76430975 -33.32974245 5.00000000
4.05422332 -33.04012675 5.00000000
4.41187668 -32.76822212 5.00000000
4.82925346 -32.53194432 5.00000000
5.29372870 -32.34632575 5.00000000
5.78903709 -32.22236147 5.00000000
6.29652061 -32.16616517 5.00000000
6.79655997 -32.17850001 5.00000000
7.27007982 -32.25472021 5.00000000
7.70001222 -32.38512798 5.00000000
8.07260595 -32.55571828 5.00000000
8.37848117 -32.74925440 5.00000000
8.61334856 -32.94659155 5.00000000
8.77833741 -33.12814704 5.00000000
8.87990791 -33.27540407 5.00000000
8.92935398 -33.37233367 5.00000000
8.94193504 -33.40662567 5.00000000
9.05263574 -33.54254908 5.00000000
9.48466215 -33.69037227 5.00000000
10.02653833 -33.53309603 5.00000000
10.31228860 -33.17694255 5.00000000
10.33301574 -33.00287301 5.00000000
10.32528234 -32.96717400 5.00000000
10.31515010 -32.85883380 5.00000000
10.32209795 -32.68007998 5.00000000
10.36424649 -32.43840413 5.00000000
10.45696568 -32.14598698 5.00000000
10.61169366 -31.81876361 5.00000000
10.83505743 -31.47520028 5.00000000
11.12836305 -31.13487710 5.00000000
11.48749423 -30.81698503 5.00000000
11.90322731 -30.53885284 5.00000000
12.36193840 -30.31461707 5.00000000
12.84664832 -30.15413703 5.00000000
13.33832517 -30.06223830 5.00000000
13.81734455 -30.03834260 5.00000000
14.26499520 -30.07651267 5.00000000
14.66491457 -30.16590858 5.00000000
15.00434411 -30.29162043 5.00000000
15.27510778 -30.43581361 5.00000000
15.47423874 -30.57909857 5.00000000
15.60420614 -30.70201998 5.00000000
15.67272449 -30.78655103 5.00000000
15.69216034 -30.81747792 5.00000000
15.82870202 -30.92741511 5.00000000
16.28202179 -30.98218466 5.00000000
16.77935710 -30.71568289 5.00000000
16.98481457 -30.30790139 5.00000000
16.96889768 -30.13332628 5.00000000
16.95391103 -30.10001524 5.00000000
16.92147502 -29.99614914 5.00000000
16.89110603 -29.81985699 5.00000000
16.88208629 -29.57469916 5.00000000
16.91198240 -29.26939463 5.00000000
16.99529563 -28.91715211 5.00000000
17.14234754 -28.53465653 5.00000000
17.35848656 -28.14078856 5.00000000
17.64367638 -27.75517562 5.00000000
17.99249776 -27.39668552 5.00000000
18.39456368 -27.08197844 5.00000000
18.83531584 -26.82422842 5.00000000
19.29714156 -26.63211253 5.00000000
19.76072502 -26.50914527 5.00000000
20.20652943 -26.45340943 5.00000000
20.61629606 -26.45770391 5.00000000
20.97444522 -26.51009729 5.00000000
21.26927149 -26.59484458 5.00000000
21.49384158 -26.69359676 5.00000000
21.64652568 -26.78681030 5.00000000
21.73112173 -26.85524837 5.00000000
21.75656292 -26.88145850 5.00000000
21.91297807 -26.96060468 5.00000000
22.36777895 -26.91992691 5.00000000
22.79883746 -26.55584701 5.00000000
22.91502264 -26.11425952 5.00000000
22.86315737 -25.94680860 5.00000000
22.84157246 -25.91734138 5.00000000
22.78825027 -25.82248883 5.00000000
22.72189172 -25.65636315 5.00000000
22.66209791 -25.41843792 5.00000000
22.62786434 -25.11358927 5.00000000
22.63612163 -24.75172230 5.00000000
22.70043480 -24.34701136 5.00000000
22.82996091 -23.91681252 5.00000000
23.02874521 -23.48033185 5.00000000
23.29540973 -23.05715158 5.00000000
23.62325825 -22.66572740 5.00000000
24.00078969 -22.32197231 5.00000000
24.41258026 -22.03803564 5.00000000
24.84046698 -21.82137110 5.00000000
25.26494136 -21.67416527 5.00000000
25.66664648 -21.59317063 5.00000000
26.02786242 -21.56995569 5.00000000
26.33386598 -21.59155321 5.00000000
26.57406041 -21.64145668 5.00000000
26.74278818 -21.70088847 5.00000000
26.83976468 -21.75024250 5.00000000
26.87009931 -21.77059035 5.00000000
27.03955183 -21.81548646 5.00000000
27.47595683 -21.68113918 5.00000000
27.82189921 -21.23539320 5.00000000
27.84373427 -20.77929919 5.00000000
27.75818737 -20.62629087 5.00000000
27.73094757 -20.60195534 5.00000000
27.65906965 -20.52026185 5.00000000
27.55962171 -20.37156314 5.00000000
27.45166710 -20.15126897 5.00000000
27.35480002 -19.86019956 5.00000000
27.28764050 -19.50452346 5.00000000
27.26640414 -19.09528496 5.00000000
27.30365642 -18.64755701 5.00000000
27.40734738 -18.17928491 5.00000000
27.58020050 -17.70990947 5.00000000
27.81950309 -17.25887531 5.00000000
28.11731385 -16.84413889 5.00000000
28.46107207 -16.48079085 5.00000000
28.83456134 -16.17989829 5.00000000
29.21915413 -15.94765608 5.00000000
29.59524129 -15.78491218 5.00000000
29.94373713 -15.68710352 5.00000000
30.24754417 -15.64460737 5.00000000
30.49286528 -15.64348109 5.00000000
30.67026251 -15.66653369 5.00000000
30.77538112 -15.69464666 5.00000000
30.80928342 -15.70824294 5.00000000
30.98436743 -15.71692680 5.00000000
31.38330356 -15.49478163 5.00000000
31.62901047 -14.98685080 5.00000000
31.55554110 -14.53618377 5.00000000
31.44005139 -14.40430525 5.00000000
31.40834720 -14.38616499 5.00000000
31.32105495 -14.32120096 5.00000000
31.19286399 -14.19642806 5.00000000
31.04146672 -14.00339288 5.00000000
30.88619968 -13.73882382 5.00000000
30.74655854 -13.40488336 5.00000000
30.64070077 -13.00900299 5.00000000
30.58405113 -12.56331378 5.00000000
30.58811694 -12.08371599 5.00000000
30.65960417 -11.58865934 5.00000000
30.79990215 -11.09772755 5.00000000
31.00497648 -10.63013578 5.00000000
31.26567845 -10.20325641 5.00000000
31.56844701 -9.83128629 5.00000000
31.89634964 -9.52415779 5.00000000
32.23038204 -9.28677732 5.00000000
32.55092685 -9.11864966 5.00000000
32.83925953 -9.01391711 5.00000000
33.07898562 -8.96181032 5.00000000
33.25729919 -8.94747620 5.00000000
33.36596573 -8.95311945 5.00000000
33.40195401 -8.95936993 5.00000000
33.57501748 -8.93146202 5.00000000
33.91904933 -8.63122777 5.00000000
34.05378219 -8.08331111 5.00000000
33.88821936 -7.65776738 5.00000000
33.74783429 -7.55278238 5.00000000
33.71305134 -7.54163019 5.00000000
33.61415986 -7.49623487 5.00000000
33.46282844 -7.40084095 5.00000000
33.27460528 -7.24350131 5.00000000
33.06772420 -7.01699556 5.00000000
32.86170443 -6.71938552 5.00000000
32.67585175 -6.35416515 5.00000000
32.52777604 -5.92999344 5.00000000
32.43203902 -5.46003069 5.00000000
32.39903602 -4.96092918 5.00000000
32.43419769 -4.45155584 5.00000000
32.53757286 -3.95154472 5.00000000
32.70382465 -3.47979071 5.00000000
32.92264005 -3.05299990 5.00000000
33.17952163 -2.68440811 5.00000000
33.45690044 -2.38276573 5.00000000
33.73548487 -2.15166704 5.00000000
33.99574166 -1.98927542 5.00000000
34.21939555 -1.88846543 5.00000000
34.39083232 -1.83737107 5.00000000
34.49829753 -1.82029796 5.00000000
34.53479893 -1.81892947 5.00000000
