34.57532879 0.71237654 5.00000000
34.73374067 0.78744646 5.00000000
34.98038121 1.17172105 5.00000000
34.95694685 1.73547316 5.00000000
34.67926482 2.09795241 5.00000000
34.51516912 2.15961616 5.00000000
34.47865599 2.16062441 5.00000000
34.37102755 2.17663626 5.00000000
34.19909495 2.22603647 5.00000000
33.97445720 2.32463463 5.00000000
33.71261066 2.48445024 5.00000000
33.43175941 2.71278871 5.00000000
33.15141761 3.01167934 5.00000000
32.89091143 3.37771839 5.00000000
32.66789529 3.80232924 5.00000000
32.49699652 4.27241978 5.00000000
32.38869247 4.77138649 5.00000000
32.34850623 5.28038807 5.00000000
32.37658269 5.77979094 5.00000000
32.46767765 6.25067551 5.00000000
32.61156060 6.67628772 5.00000000
32.79380038 7.04332422 5.00000000
32.99687343 7.34295269 5.00000000
33.20150937 7.57148883 5.00000000
33.38817080 7.73067812 5.00000000
33.53855355 7.82756067 5.00000000
33.63699228 7.87392960 5.00000000
33.67166349 7.88542447 5.00000000
33.81100578 7.99178962 5.00000000
33.97236145 8.41894634 5.00000000
33.83222853 8.96550683 5.00000000
33.48525085 9.26233171 5.00000000
33.31192041 9.28853054 5.00000000
33.27599556 9.28192524 5.00000000
33.16739000 9.27520999 5.00000000
32.98894367 9.28778389 5.00000000
32.74871508 9.33752262 5.00000000
32.45936298 9.43940492 5.00000000
32.13717477 9.60436139 5.00000000
31.80081626 9.83843421 5.00000000
31.46989896 10.14231215 5.00000000
31.16347469 10.51127656 5.00000000
30.89857315 10.93556265 5.00000000
30.68889480 11.40110806 5.00000000
30.54375934 11.89063155 5.00000000
30.46739057 12.38495869 5.00000000
30.45859248 12.86449301 5.00000000
30.51084149 13.31071952 5.00000000
30.61278772 13.70762517 5.00000000
30.74912687 14.04292730 5.00000000
30.90177569 14.30901559 5.00000000
31.05126081 14.50353530 5.00000000
31.17821431 14.62956706 5.00000000
31.26486128 14.69538929 5.00000000
31.29638492 14.71384152 5.00000000
31.41056768 14.84685322 5.00000000
31.47958648 15.29822327 5.00000000
31.22887948 15.80370484 5.00000000
30.82777073 16.02190266 5.00000000
30.65278094 16.01149156 5.00000000
30.61901445 15.99756141 5.00000000
30.51417836 15.96841254 5.00000000
30.33701725 15.94361058 5.00000000
30.09169696 15.94231607 5.00000000
29.78748539 15.98181232 5.00000000
29.43804137 16.07617739 5.00000000
29.06036663 16.23520230 5.00000000
28.67350090 16.46363820 5.00000000
28.29706072 16.76083067 5.00000000
27.94973387 17.12076895 5.00000000
27.64784516 17.53254650 5.00000000
27.40410361 17.98119737 5.00000000
27.22662729 18.44884431 5.00000000
27.11832067 18.91607043 5.00000000
27.07665220 19.36340900 5.00000000
27.09384933 19.77283713 5.00000000
27.15749591 20.12915861 5.00000000
27.25148613 20.42116970 5.00000000
27.35726171 20.64251839 5.00000000
27.45523750 20.79219118 5.00000000
27.52630581 20.87458995 5.00000000
27.55330415 20.89919308 5.00000000
27.63733706 21.05303809 5.00000000
27.61100252 21.50889444 5.00000000
27.26067854 21.95120510 5.00000000
26.82296910 22.08123958 5.00000000
26.65396785 22.03467356 5.00000000
26.62383548 22.01402738 5.00000000
26.52735070 21.96371883 5.00000000
26.35921760 21.90262499 5.00000000
26.11952730 21.85035381 5.00000000
25.81375174 21.82573782 5.00000000
25.45232432 21.84538730 5.00000000
25.04983953 21.92241414 5.00000000
24.62393325 22.06542426 5.00000000
24.19392941 22.27785604 5.00000000
23.77935711 22.55771550 5.00000000
23.39845202 22.89772853 5.00000000
23.06675704 23.28589858 5.00000000
22.79592974 23.70642692 5.00000000
22.59284811 24.14092481 5.00000000
22.45908328 24.56982460 5.00000000
22.39077972 24.97388122 5.00000000
22.37895207 25.33564909 5.00000000
22.41017585 25.64082070 5.00000000
22.46761900 25.87932437 5.00000000
22.53233507 26.04609676 5.00000000
22.58471869 26.14147085 5.00000000
22.60601178 26.17114962 5.00000000
22.65622219 26.33910418 5.00000000
22.53568526 26.77952371 5.00000000
22.10105514 27.13933237 5.00000000
21.64587502 27.17552037 5.00000000
21.49024847 27.09483460 5.00000000
21.46506714 27.06837471 5.00000000
21.38115053 26.99910521 5.00000000
21.22939366 26.90438958 5.00000000
21.00580895 26.80342624 5.00000000
20.71183328 26.71577386 5.00000000
20.35421855 26.65984896 5.00000000
19.94451425 26.65151128 5.00000000
19.49818157 26.70284539 5.00000000
19.03340729 26.82123221 5.00000000
18.56970833 27.00878164 5.00000000
18.12643425 27.26216995 5.00000000
17.72128251 27.57289429 5.00000000
17.36894068 27.92792491 5.00000000
17.07995968 28.31070494 5.00000000
16.85994465 28.70242096 5.00000000
16.70912559 29.08344687 5.00000000
16.62234063 29.43485014 5.00000000
16.58943335 29.73984480 5.00000000
16.59603354 29.98507970 5.00000000
16.62466147 30.16166294 5.00000000
16.65607100 30.26584405 5.00000000
16.67072821 30.29930135 5.00000000
16.68492169 30.47402502 5.00000000
16.47545041 30.87975929 5.00000000
15.97550958 31.14134059 5.00000000
15.52275232 31.08210053 5.00000000
15.38730210 30.97082135 5.00000000
15.36817237 30.93970418 5.00000000
15.30049147 30.85450114 5.00000000
15.17174334 30.73030325 5.00000000
14.97403596 30.58506033 5.00000000
14.70470831 30.43820238 5.00000000
14.36653577 30.30914729 5.00000000
13.96751799 30.21580950 5.00000000
13.52026578 30.17322405 5.00000000
13.04103393 30.19239182 5.00000000
12.54847419 30.27943442 5.00000000
12.06220432 30.43512372 5.00000000
11.60130290 30.65482220 5.00000000
11.18284557 30.92883857 5.00000000
10.82059505 31.24317140 5.00000000
10.52394553 31.58058379 5.00000000
10.29720249 31.92192633 5.00000000
10.13925315 32.24760698 5.00000000
10.04365301 32.53909498 5.00000000
9.99912176 32.78034316 5.00000000
9.99041039 32.95901971 5.00000000
9.99947307 33.06745462 5.00000000
10.00685383 33.10322821 5.00000000
9.98441006 33.27708474 5.00000000
9.69515932 33.63040121 5.00000000
9.15175759 33.78232279 5.00000000
8.72121087 33.63024374 5.00000000
8.61185680 33.49323460 5.00000000
8.59961472 33.45882012 5.00000000
8.55112752 33.36140732 5.00000000
8.45101504 33.21315520 5.00000000
8.28782574 33.02998051 5.00000000
8.05491703 32.83033540 5.00000000
7.75096643 32.63379045 5.00000000
7.38007416 32.45953185 5.00000000
6.95144951 32.32488803 5.00000000
6.47870482 32.24399904 5.00000000
5.97881152 32.22673061 5.00000000
5.47079819 32.27791654 5.00000000
4.97429068 32.39698729 5.00000000
4.50800644 32.57801357 5.00000000
4.08831849 32.81016136 5.00000000
3.72799950 33.07852358 5.00000000
3.43524223 33.36526443 5.00000000
3.21303165 33.65098867 5.00000000
3.05891684 33.91623056 5.00000000
2.96520039 34.14294833 5.00000000
2.91953043 34.31590917 5.00000000
2.90585020 34.42385875 5.00000000
2.90563192 34.46038515 5.00000000
2.84753179 34.62577617 5.00000000
2.49114325 34.91123323 5.00000000
1.92802988 34.94685538 5.00000000
1.53851065 34.70858392 5.00000000
1.46003203 34.55183277 5.00000000
1.45521265 34.51562506 5.00000000
1.42803827 34.41025991 5.00000000
1.36093683 34.24443290 5.00000000
1.23939777 34.03133205 5.00000000
1.05308723 33.78762522 5.00000000
0.79664267 33.53218037 5.00000000
0.47008569 33.28461689 5.00000000
0.07882153 33.06379929 5.00000000
-0.36677479 32.88638877 5.00000000
-0.85215391 32.76556404 5.00000000
-1.35970808 32.71000952 5.00000000
-1.87012191 32.72324858 5.00000000
-2.36385420 32.80337305 5.00000000
-2.82263720 32.94318982 5.00000000
-3.23087800 33.13077315 5.00000000
-3.57685459 33.35038037 5.00000000
-3.85361476 33.58366067 5.00000000
-4.05950867 33.81106412 5.00000000
-4.19831447 34.01334281 5.00000000
-4.27894701 34.17302873 5.00000000
-4.31477228 34.27577508 5.00000000
-4.32258005 34.31145790 5.00000000
-4.41379728 34.46115504 5.00000000
-4.82174773 34.66627682 5.00000000
-5.37996199 34.58404269 5.00000000
-5.71142987 34.26999244 5.00000000
-5.75560314 34.10035005 5.00000000
-5.75278921 34.06393156 5.00000000
-5.75746311 33.95521902 5.00000000
-5.78862085 33.77906456 5.00000000
-5.86319784 33.54535108 5.00000000
-5.99476754 33.26823369 5.00000000
-6.19249820 32.96505310 5.00000000
-6.46044779 32.65500447 5.00000000
-6.79725132 32.35766387 5.00000000
-7.19622457 32.09148551 5.00000000
-7.64587612 31.87238509 5.00000000
-8.13078859 31.71251813 5.00000000
-8.63280120 31.61934687 5.00000000
-9.13240307 31.59506772 5.00000000
-9.61023010 31.63644281 5.00000000
-10.04855063 31.73504896 5.00000000
-10.43262571 31.87792466 5.00000000
-10.75183970 32.04856555 5.00000000
-11.00051418 32.22819194 5.00000000
-11.17834284 32.39719101 5.00000000
-11.29041393 32.53662296 5.00000000
-11.34681851 32.62967555 5.00000000
-11.36187453 32.66295529 5.00000000
-11.48222224 32.79041606 5.00000000
-11.92390520 32.90623778 5.00000000
-12.45282371 32.70974139 5.00000000
-12.71175350 32.33363784 5.00000000
-12.71969084 32.15851841 5.00000000
-12.70936657 32.12348079 5.00000000
-12.69133573 32.01617213 5.00000000
-12.68518802 31.83738900 5.00000000
-12.70954356 31.59327730 5.00000000
-12.78062220 31.29486071 5.00000000
-12.91099719 30.95719482 5.00000000
-13.10862870 30.59821165 5.00000000
-13.37625168 30.23734326 5.00000000
-13.71116481 29.89403033 5.00000000
-14.10543686 29.58622998 5.00000000
-14.54651461 29.32903752 5.00000000
-15.01818565 29.13352799 5.00000000
-15.50182210 29.00590632 5.00000000
-15.97780984 28.94703144 5.00000000
-16.42705337 28.95235085 5.00000000
-16.83244102 29.01225067 5.00000000
-17.18015766 29.11279433 5.00000000
-17.46074443 29.23679312 5.00000000
-17.66982399 29.36512649 5.00000000
-17.80843559 29.47821063 5.00000000
-17.88295431 29.55750263 5.00000000
-17.90460058 29.58692481 5.00000000
-18.04881898 29.68657856 5.00000000
-18.50493080 29.70803824 5.00000000
-18.98143727 29.40586743 5.00000000
-19.15651250 28.98414811 5.00000000
-19.12786702 28.81120519 5.00000000
-19.11048362 28.77907977 5.00000000
-19.07053607 28.67786488 5.00000000
-19.02735161 28.50426678 5.00000000
-19.00042124 28.26042570 5.00000000
-19.00790235 27.95375214 5.00000000
-19.06522364 27.59635859 5.00000000
-19.18389963 27.20413015 5.00000000
-19.37064565 26.79550566 5.00000000
-19.62686135 26.39006259 5.00000000
-19.94852232 26.00701464 5.00000000
-20.32648815 25.66373723 5.00000000
-20.74720333 25.37443413 5.00000000
-21.19373713 25.14904763 5.00000000
-21.64708261 24.99249590 5.00000000
-22.08761506 24.90429608 5.00000000
-22.49659789 24.87860211 5.00000000
-22.85762029 24.90465429 5.00000000
-23.15785636 24.96760615 5.00000000
-23.38904904 25.04966504 5.00000000
-23.54814316 25.13145905 5.00000000
-23.63751920 25.19352502 5.00000000
-23.66480966 25.21780373 5.00000000
-23.82659572 25.28529512 5.00000000
-24.27720213 25.21145487 5.00000000
-24.68047094 24.81681595 5.00000000
-24.76403998 24.36791203 5.00000000
-24.70006362 24.20470406 5.00000000
-24.67638084 24.17689487 5.00000000
-24.61626248 24.08619733 5.00000000
-24.53792862 23.92537131 5.00000000
-24.46088934 23.69245789 5.00000000
-24.40444595 23.39093047 5.00000000
-24.38620833 23.02942906 5.00000000
-24.42074209 22.62109763 5.00000000
-24.51844946 22.18257588 5.00000000
-24.68476988 21.73272247 5.00000000
-24.91976163 21.29116797 5.00000000
-25.21809661 20.87680848 5.00000000
-25.56946866 20.50635574 5.00000000
-25.95938414 20.19305488 5.00000000
-26.37027399 19.94566835 5.00000000
-26.78284199 19.76780406 5.00000000
-27.17754548 19.65763926 5.00000000
-27.53609522 19.60806136 5.00000000
-27.84285885 19.60721498 5.00000000
-28.08606041 19.63941303 5.00000000
-28.25868388 19.68634211 5.00000000
-28.35901108 19.72846947 5.00000000
-28.39075300 19.74654363 5.00000000
-28.56303590 19.77892295 5.00000000
-28.98844322 19.61300995 5.00000000
-29.30084960 19.14315054 5.00000000
-29.28926008 18.68668127 5.00000000
-29.19274891 18.54034121 5.00000000
-29.16380180 18.51806365 5.00000000
-29.08614010 18.44184737 5.00000000
-28.97608041 18.30082232 5.00000000
-28.85229920 18.08901598 5.00000000
-28.73439816 17.80581290 5.00000000
-28.64139871 17.45600297 5.00000000
-28.59028094 17.04941459 5.00000000
-28.59467937 16.60016109 5.00000000
-28.66383551 16.12555810 5.00000000
-28.80188778 15.64479509 5.00000000
-29.00755325 15.17746302 5.00000000
-29.27422552 14.74205121 5.00000000
-29.59048149 14.35452873 5.00000000
-29.94095787 14.02711939 5.00000000
-30.30753020 13.76736415 5.00000000
-30.67070392 13.57754324 5.00000000
-31.01111067 13.45450206 5.00000000
-31.31099480 13.38989443 5.00000000
-31.55557618 13.37082443 5.00000000
-31.73418451 13.38083756 5.00000000
-31.84107809 13.40118513 5.00000000
-31.87588420 13.41226481 5.00000000
-32.05113435 13.40811694 5.00000000
-32.43275025 13.15738238 5.00000000
-32.64064053 12.63283759 5.00000000
-32.53439897 12.18875286 5.00000000
-32.40957099 12.06567649 5.00000000
-32.37662469 12.04990418 5.00000000
-32.28481382 11.99150019 5.00000000
-32.14783845 11.87643957 5.00000000
-31.98272513 11.69499727 5.00000000
-31.80851928 11.44249586 5.00000000
-31.64482252 11.11966579 5.00000000
-31.51028732 10.73259033 5.00000000
-31.42118458 10.29223961 5.00000000
-31.39015398 9.81362946 5.00000000
-31.42523323 9.31466959 5.00000000
-31.52924061 8.81478959 5.00000000
-31.69955824 8.33344829 5.00000000
-31.92833282 7.88864080 5.00000000
-32.20307821 7.49551800 5.00000000
-32.50763390 7.16522437 5.00000000
-32.82340543 6.90404343 5.00000000
-33.13079177 6.71291645 5.00000000
-33.41069003 6.58737124 5.00000000
-33.64596184 6.51786663 5.00000000
-33.82274900 6.49052619 5.00000000
-33.93153720 6.48820470 5.00000000
-33.96788631 6.49180567 5.00000000
-34.13844443 6.45131188 5.00000000
-34.45959046 6.12671407 5.00000000
-34.55387885 5.57040901 5.00000000
-34.35762851 5.15811747 5.00000000
-34.20993931 5.06368380 5.00000000
-34.17443371 5.05510608 5.00000000
-34.07248626 5.01706691 5.00000000
-33.91458168 4.93299942 5.00000000
-33.71535251 4.78985106 5.00000000
-33.49245548 4.57908685 5.00000000
-33.26521574 4.29734586 5.00000000
-33.05314294 3.94670036 5.00000000
-32.87443325 3.53449787 5.00000000
-32.74457210 3.07279813 5.00000000
-32.67514519 2.57744834 5.00000000
-32.67294886 2.06686757 5.00000000
-32.73946817 1.56063370 5.00000000
-32.87076279 1.07798141 5.00000000
-33.05776951 0.63632651 5.00000000
-33.28699802 0.24992989 5.00000000
-33.54156661 -0.07119620 5.00000000
-33.80249829 -0.32205581 5.00000000
-34.05017778 -0.50305168 5.00000000
-34.26585752 -0.61995321 5.00000000
-34.43309706 -0.68345231 5.00000000
-34.53902531 -0.70834141 5.00000000
-34.57532879 -0.71237654 5.00000000
-34.73374067 -0.78744646 5.00000000
-34.98038121 -1.17172105 5.00000000
-34.95694685 -1.73547316 5.00000000
-34.67926482 -2.09795241 5.00000000
-34.51516912 -2.15961616 5.00000000
-34.47865599 -2.16062441 5.00000000
-34.37102755 -2.17663626 5.00000000
-34.19909495 -2.22603647 5.00000000
-33.97445720 -2.32463463 5.00000000
-33.71261066 -2.48445024 5.00000000
-33.43175941 -2.71278871 5.00000000
-33.15141761 -3.01167934 5.00000000
-32.89091143 -3.37771839 5.00000000
-32.66789529 -3.80232924 5.00000000
-32.49699652 -4.27241978 5.00000000
-32.38869247 -4.77138649 5.00000000
-32.34850623 -5.28038807 5.00000000
-32.37658269 -5.77979094 5.00000000
-32.46767765 -6.25067551 5.00000000
-32.61156060 -6.67628772 5.00000000
-32.79380038 -7.04332422 5.00000000
-32.99687343 -7.34295269 5.00000000
-33.20150937 -7.57148883 5.00000000
-33.38817080 -7.73067812 5.00000000
-33.53855355 -7.82756067 5.00000000
-33.63699228 -7.87392960 5.00000000
-33.67166349 -7.88542447 5.00000000
-33.81100578 -7.99178962 5.00000000
-33.97236145 -8.41894634 5.00000000
-33.83222853 -8.96550683 5.00000000
-33.48525085 -9.26233171 5.00000000
-33.31192041 -9.28853054 5.00000000
-33.27599556 -9.28192524 5.00000000
-33.16739000 -9.27520999 5.00000000
-32.98894367 -9.28778389 5.00000000
-32.74871508 -9.33752262 5.00000000
-32.45936298 -9.43940492 5.00000000
-32.13717477 -9.60436139 5.00000000
-31.80081626 -9.83843421 5.00000000
-31.46989896 -10.14231215 5.00000000
-31.16347469 -10.51127656 5.00000000
-30.89857315 -10.93556265 5.00000000
-30.68889480 -11.40110806 5.00000000
-30.54375934 -11.89063155 5.00000000
-30.46739057 -12.38495869 5.00000000
-30.45859248 -12.86449301 5.00000000
-30.51084149 -13.31071952 5.00000000
-30.61278772 -13.70762517 5.00000000
-30.74912687 -14.04292730 5.00000000
-30.90177569 -14.30901559 5.00000000
-31.05126081 -14.50353530 5.00000000
-31.17821431 -14.62956706 5.00000000
-31.26486128 -14.69538929 5.00000000
-31.29638492 -14.71384152 5.00000000
-31.41056768 -14.84685322 5.00000000
-31.47958648 -15.29822327 5.00000000
-31.22887948 -15.80370484 5.00000000
-30.82777073 -16.02190266 5.00000000
-30.65278094 -16.01149156 5.00000000
-30.61901445 -15.99756141 5.00000000
-30.51417836 -15.96841254 5.00000000
-30.33701725 -15.94361058 5.00000000
-30.09169696 -15.94231607 5.00000000
-29.78748539 -15.98181232 5.00000000
-29.43804137 -16.07617739 5.00000000
-29.06036663 -16.23520230 5.00000000
-28.67350090 -16.46363820 5.00000000
-28.29706072 -16.76083067 5.00000000
-27.94973387 -17.12076895 5.00000000
-27.64784516 -17.53254650 5.00000000
-27.40410361 -17.98119737 5.00000000
-27.22662729 -18.44884431 5.00000000
-27.11832067 -18.91607043 5.00000000
-27.07665220 -19.36340900 5.00000000
-27.09384933 -19.77283713 5.00000000
-27.15749591 -20.12915861 5.00000000
-27.25148613 -20.42116970 5.00000000
-27.35726171 -20.64251839 5.00000000
-27.45523750 -20.79219118 5.00000000
-27.52630581 -20.87458995 5.00000000
-27.55330415 -20.89919308 5.00000000
-27.63733706 -21.05303809 5.00000000
-27.61100252 -21.50889444 5.00000000
-27.26067854 -21.95120510 5.00000000
-26.82296910 -22.08123958 5.00000000
-26.65396785 -22.03467356 5.00000000
-26.62383548 -22.01402738 5.00000000
-26.52735070 -21.96371883 5.00000000
-26.35921760 -21.90262499 5.00000000
-26.11952730 -21.85035381 5.00000000
-25.81375174 -21.82573782 5.00000000
-25.45232432 -21.84538730 5.00000000
-25.04983953 -21.92241414 5.00000000
-24.62393325 -22.06542426 5.00000000
-24.19392941 -22.27785604 5.00000000
-23.77935711 -22.55771550 5.00000000
-23.39845202 -22.89772853 5.00000000
-23.06675704 -23.28589858 5.00000000
-22.79592974 -23.70642692 5.00000000
-22.59284811 -24.14092481 5.00000000
-22.45908328 -24.56982460 5.00000000
-22.39077972 -24.97388122 5.00000000
-22.37895207 -25.33564909 5.00000000
-22.41017585 -25.64082070 5.00000000
-22.46761900 -25.87932437 5.00000000
-22.53233507 -26.04609676 5.00000000
-22.58471869 -26.14147085 5.00000000
-22.60601178 -26.17114962 5.00000000
-22.65622219 -26.33910418 5.00000000
-22.53568526 -26.77952371 5.00000000
-22.10105514 -27.13933237 5.00000000
-21.64587502 -27.17552037 5.00000000
-21.49024847 -27.09483460 5.00000000
-21.46506714 -27.06837471 5.00000000
-21.38115053 -26.99910521 5.00000000
-21.22939366 -26.90438958 5.00000000
-21.00580895 -26.80342624 5.00000000
-20.71183328 -26.71577386 5.00000000
-20.35421855 -26.65984896 5.00000000
-19.94451425 -26.65151128 5.00000000
-19.49818157 -26.70284539 5.00000000
-19.03340729 -26.82123221 5.00000000
-18.56970833 -27.00878164 5.00000000
-18.12643425 -27.26216995 5.00000000
-17.72128251 -27.57289429 5.00000000
-17.36894068 -27.92792491 5.00000000
-17.07995968 -28.31070494 5.00000000
-16.85994465 -28.70242096 5.00000000
-16.70912559 -29.08344687 5.00000000
-16.62234063 -29.43485014 5.00000000
-16.58943335 -29.73984480 5.00000000
-16.59603354 -29.98507970 5.00000000
-16.62466147 -30.16166294 5.00000000
-16.65607100 -30.26584405 5.00000000
-16.67072821 -30.29930135 5.00000000
-16.68492169 -30.47402502 5.00000000
-16.47545041 -30.87975929 5.00000000
-15.97550958 -31.14134059 5.00000000
-15.52275232 -31.08210053 5.00000000
-15.38730210 -30.97082135 5.00000000
-15.36817237 -30.93970418 5.00000000
-15.30049147 -30.85450114 5.00000000
-15.17174334 -30.73030325 5.00000000
-14.97403596 -30.58506033 5.00000000
-14.70470831 -30.43820238 5.00000000
-14.36653577 -30.30914729 5.00000000
-13.96751799 -30.21580950 5.00000000
-13.52026578 -30.17322405 5.00000000
-13.04103393 -30.19239182 5.00000000
-12.54847419 -30.27943442 5.00000000
-12.06220432 -30.43512372 5.00000000
-11.60130290 -30.65482220 5.00000000
-11.18284557 -30.92883857 5.00000000
-10.82059505 -31.24317140 5.00000000
-10.52394553 -31.58058379 5.00000000
-10.29720249 -31.92192633 5.00000000
-10.13925315 -32.24760698 5.00000000
-10.04365301 -32.53909498 5.00000000
-9.99912176 -32.78034316 5.00000000
-9.99041039 -32.95901971 5.00000000
-9.99947307 -33.06745462 5.00000000
-10.00685383 -33.10322821 5.00000000
-9.98441006 -33.27708474 5.00000000
-9.69515932 -33.63040121 5.00000000
-9.15175759 -33.78232279 5.00000000
-8.72121087 -33.63024374 5.00000000
-8.61185680 -33.49323460 5.00000000
-8.59961472 -33.45882012 5.00000000
-8.55112752 -33.36140732 5.00000000
-8.45101504 -33.21315520 5.00000000
-8.28782574 -33.02998051 5.00000000
-8.05491703 -32.83033540 5.00000000
-7.75096643 -32.63379045 5.00000000
-7.38007416 -32.45953185 5.00000000
-6.95144951 -32.32488803 5.00000000
-6.47870482 -32.24399904 5.00000000
-5.97881152 -32.22673061 5.00000000
-5.47079819 -32.27791654 5.00000000
-4.97429068 -32.39698729 5.00000000
-4.50800644 -32.57801357 5.00000000
-4.08831849 -32.81016136 5.00000000
-3.72799950 -33.07852358 5.00000000
-3.43524223 -33.36526443 5.00000000
-3.21303165 -33.65098867 5.00000000
-3.05891684 -33.91623056 5.00000000
-2.96520039 -34.14294833 5.00000000
-2.91953043 -34.31590917 5.00000000
-2.90585020 -34.42385875 5.00000000
-2.90563192 -34.46038515 5.00000000
-2.84753179 -34.62577617 5.00000000
-2.49114325 -34.91123323 5.00000000
-1.92802988 -34.94685538 5.00000000
-1.53851065 -34.70858392 5.00000000
-1.46003203 -34.55183277 5.00000000
-1.45521265 -34.51562506 5.00000000
-1.42803827 -34.41025991 5.00000000
-1.36093683 -34.24443290 5.00000000
-1.23939777 -34.03133205 5.00000000
-1.05308723 -33.78762522 5.00000000
-0.79664267 -33.53218037 5.00000000
-0.47008569 -33.28461689 5.00000000
-0.07882153 -33.06379929 5.00000000
0.36677479 -32.88638877 5.00000000
0.85215391 -32.76556404 5.00000000
1.35970808 -32.71000952 5.00000000
1.87012191 -32.72324858 5.00000000
2.36385420 -32.80337305 5.00000000
2.82263720 -32.94318982 5.00000000
3.23087800 -33.13077315 5.00000000
3.57685459 -33.35038037 5.00000000
3.85361476 -33.58366067 5.00000000
4.05950867 -33.81106412 5.00000000
4.19831447 -34.01334281 5.00000000
4.27894701 -34.17302873 5.00000000
4.31477228 -34.27577508 5.00000000
4.32258005 -34.31145790 5.00000000
4.41379728 -34.46115504 5.00000000
4.82174773 -34.66627682 5.00000000
5.37996199 -34.58404269 5.00000000
5.71142987 -34.26999244 5.00000000
5.75560314 -34.10035005 5.00000000
5.75278921 -34.06393156 5.00000000
5.75746311 -33.95521902 5.00000000
5.78862085 -33.77906456 5.00000000
5.86319784 -33.54535108 5.00000000
5.99476754 -33.26823369 5.00000000
6.19249820 -32.96505310 5.00000000
6.46044779 -32.65500447 5.00000000
6.79725132 -32.35766387 5.00000000
7.19622457 -32.09148551 5.00000000
7.64587612 -31.87238509 5.00000000
8.13078859 -31.71251813 5.00000000
8.63280120 -31.61934687 5.00000000
9.13240307 -31.59506772 5.00000000
9.61023010 -31.63644281 5.00000000
10.04855063 -31.73504896 5.00000000
10.43262571 -31.87792466 5.00000000
10.75183970 -32.04856555 5.00000000
11.00051418 -32.22819194 5.00000000
11.17834284 -32.39719101 5.00000000
11.29041393 -32.53662296 5.00000000
11.34681851 -32.62967555 5.00000000
11.36187453 -32.66295529 5.00000000
11.48222224 -32.79041606 5.00000000
11.92390520 -32.90623778 5.00000000
12.45282371 -32.70974139 5.00000000
12.71175350 -32.33363784 5.00000000
12.71969084 -32.15851841 5.00000000
12.70936657 -32.12348079 5.00000000
12.69133573 -32.01617213 5.00000000
12.68518802 -31.83738900 5.00000000
12.70954356 -31.59327730 5.00000000
12.78062220 -31.29486071 5.00000000
12.91099719 -30.95719482 5.00000000
13.10862870 -30.59821165 5.00000000
13.37625168 -30.23734326 5.00000000
13.71116481 -29.89403033 5.00000000
14.10543686 -29.58622998 5.00000000
14.54651461 -29.32903752 5.00000000
15.01818565 -29.13352799 5.00000000
15.50182210 -29.00590632 5.00000000
15.97780984 -28.94703144 5.00000000
16.42705337 -28.95235085 5.00000000
16.83244102 -29.01225067 5.00000000
17.18015766 -29.11279433 5.00000000
17.46074443 -29.23679312 5.00000000
17.66982399 -29.36512649 5.00000000
17.80843559 -29.47821063 5.00000000
17.88295431 -29.55750263 5.00000000
17.90460058 -29.58692481 5.00000000
18.04881898 -29.68657856 5.00000000
18.50493080 -29.70803824 5.00000000
18.98143727 -29.40586743 5.00000000
19.15651250 -28.98414811 5.00000000
19.12786702 -28.81120519 5.00000000
19.11048362 -28.77907977 5.00000000
19.07053607 -28.67786488 5.00000000
19.02735161 -28.50426678 5.00000000
19.00042124 -28.26042570 5.00000000
19.00790235 -27.95375214 5.00000000
19.06522364 -27.59635859 5.00000000
19.18389963 -27.20413015 5.00000000
19.37064565 -26.79550566 5.00000000
19.62686135 -26.39006259 5.00000000
19.94852232 -26.00701464 5.00000000
20.32648815 -25.66373723 5.00000000
20.74720333 -25.37443413 5.00000000
21.19373713 -25.14904763 5.00000000
21.64708261 -24.99249590 5.00000000
22.08761506 -24.90429608 5.00000000
22.49659789 -24.87860211 5.00000000
22.85762029 -24.90465429 5.00000000
23.15785636 -24.96760615 5.00000000
23.38904904 -25.04966504 5.00000000
23.54814316 -25.13145905 5.00000000
23.63751920 -25.19352502 5.00000000
23.66480966 -25.21780373 5.00000000
23.82659572 -25.28529512 5.00000000
24.27720213 -25.21145487 5.00000000
24.68047094 -24.81681595 5.00000000
24.76403998 -24.36791203 5.00000000
24.70006362 -24.20470406 5.00000000
24.67638084 -24.17689487 5.00000000
24.61626248 -24.08619733 5.00000000
24.53792862 -23.92537131 5.00000000
24.46088934 -23.69245789 5.00000000
24.40444595 -23.39093047 5.00000000
24.38620833 -23.02942906 5.00000000
24.42074209 -22.62109763 5.00000000
24.51844946 -22.18257588 5.00000000
24.68476988 -21.73272247 5.00000000
24.91976163 -21.29116797 5.00000000
25.21809661 -20.87680848 5.00000000
25.56946866 -20.50635574 5.00000000
25.95938414 -20.19305488 5.00000000
26.37027399 -19.94566835 5.00000000
26.78284199 -19.76780406 5.00000000
27.17754548 -19.65763926 5.00000000
27.53609522 -19.60806136 5.00000000
27.84285885 -19.60721498 5.00000000
28.08606041 -19.63941303 5.00000000
28.25868388 -19.68634211 5.00000000
28.35901108 -19.72846947 5.00000000
28.39075300 -19.74654363 5.00000000
28.56303590 -19.77892295 5.00000000
28.98844322 -19.61300995 5.00000000
29.30084960 -19.14315054 5.00000000
29.28926008 -18.68668127 5.00000000
29.19274891 -18.54034121 5.00000000
29.16380180 -18.51806365 5.00000000
29.08614010 -18.44184737 5.00000000
28.97608041 -18.30082232 5.00000000
28.85229920 -18.08901598 5.00000000
28.73439816 -17.80581290 5.00000000
28.64139871 -17.45600297 5.00000000
28.59028094 -17.04941459 5.00000000
28.59467937 -16.60016109 5.00000000
28.66383551 -16.12555810 5.00000000
28.80188778 -15.64479509 5.00000000
29.00755325 -15.17746302 5.00000000
29.27422552 -14.74205121 5.00000000
29.59048149 -14.35452873 5.00000000
29.94095787 -14.02711939 5.00000000
30.30753020 -13.76736415 5.00000000
30.67070392 -13.57754324 5.00000000
31.01111067 -13.45450206 5.00000000
31.31099480 -13.38989443 5.00000000
31.55557618 -13.37082443 5.00000000
31.73418451 -13.38083756 5.00000000
31.84107809 -13.40118513 5.00000000
31.87588420 -13.41226481 5.00000000
32.05113435 -13.40811694 5.00000000
32.43275025 -13.15738238 5.00000000
32.64064053 -12.63283759 5.00000000
32.53439897 -12.18875286 5.00000000
32.40957099 -12.06567649 5.00000000
32.37662469 -12.04990418 5.00000000
32.28481382 -11.99150019 5.00000000
32.14783845 -11.87643957 5.00000000
31.98272513 -11.69499727 5.00000000
31.80851928 -11.44249586 5.00000000
31.64482252 -11.11966579 5.00000000
31.51028732 -10.73259033 5.00000000
31.42118458 -10.29223961 5.00000000
31.39015398 -9.81362946 5.00000000
31.42523323 -9.31466959 5.00000000
31.52924061 -8.81478959 5.00000000
31.69955824 -8.33344829 5.00000000
31.92833282 -7.88864080 5.00000000
32.20307821 -7.49551800 5.00000000
32.50763390 -7.16522437 5.00000000
32.82340543 -6.90404343 5.00000000
33.13079177 -6.71291645 5.00000000
33.41069003 -6.58737124 5.00000000
33.64596184 -6.51786663 5.00000000
33.82274900 -6.49052619 5.00000000
33.93153720 -6.48820470 5.00000000
33.96788631 -6.49180567 5.00000000
34.13844443 -6.45131188 5.00000000
34.45959046 -6.12671407 5.00000000
34.55387885 -5.57040901 5.00000000
34.35762851 -5.15811747 5.00000000
34.20993931 -5.06368380 5.00000000
34.17443371 -5.05510608 5.00000000
34.07248626 -5.01706691 5.00000000
33.91458168 -4.93299942 5.00000000
33.71535251 -4.78985106 5.00000000
33.49245548 -4.57908685 5.00000000
33.26521574 -4.29734586 5.00000000
33.05314294 -3.94670036 5.00000000
32.87443325 -3.53449787 5.00000000
32.74457210 -3.07279813 5.00000000
32.67514519 -2.57744834 5.00000000
32.67294886 -2.06686757 5.00000000
32.73946817 -1.56063370 5.00000000
32.87076279 -1.07798141 5.00000000
33.05776951 -0.63632651 5.00000000
33.28699802 -0.24992989 5.00000000
33.54156661 0.07119620 5.00000000
33.80249829 0.32205581 5.00000000
34.05017778 0.50305168 5.00000000
34.26585752 0.61995321 5.00000000
34.43309706 0.68345231 5.00000000
34.53902531 0.70834141 5.00000000
34.57532879 0.71237654 5.00000000
