20.74960006 0.00000000 0.00000000
20.73925824 0.65503478 0.00000000
20.70824307 1.30941661 0.00000000
20.65658547 1.96249319 0.00000000
20.58433694 2.61361350 0.00000000
20.49156950 3.26212852 0.00000000
20.37837561 3.90739177 0.00000000
20.24486811 4.54876005 0.00000000
20.09118009 5.18559402 0.00000000
19.91746475 5.81725888 0.00000000
19.72389524 6.44312497 0.00000000
19.51066452 7.06256842 0.00000000
19.27798515 7.67497174 0.00000000
19.02608907 8.27972449 0.00000000
18.75522736 8.87622382 0.00000000
18.46567004 9.46387514 0.00000000
18.15770574 10.04209267 0.00000000
17.83164144 10.61030002 0.00000000
17.48780217 11.16793079 0.00000000
17.12653068 11.71442912 0.00000000
16.74818709 12.24925026 0.00000000
16.35314855 12.77186108 0.00000000
15.94180883 13.28174063 0.00000000
15.51457797 13.77838065 0.00000000
15.07188184 14.26128608 0.00000000
14.61416173 14.72997555 0.00000000
14.14187391 15.18398187 0.00000000
13.65548915 15.62285245 0.00000000
13.15549231 16.04614984 0.00000000
12.64238179 16.45345208 0.00000000
12.11666907 16.84435316 0.00000000
11.57887819 17.21846342 0.00000000
11.02954523 17.57540995 0.00000000
10.46921779 17.91483692 0.00000000
9.89845439 18.23640599 0.00000000
9.31782401 18.53979662 0.00000000
8.72790541 18.82470637 0.00000000
8.12928665 19.09085125 0.00000000
7.52256443 19.33796595 0.00000000
6.90834356 19.56580415 0.00000000
6.28723631 19.77413873 0.00000000
5.65986180 19.96276201 0.00000000
5.02684542 20.13148599 0.00000000
4.38881817 20.28014245 0.00000000
3.74641604 20.40858323 0.00000000
3.10027941 20.51668030 0.00000000
2.45105236 20.60432588 0.00000000
1.79938204 20.67143263 0.00000000
1.14591806 20.71793365 0.00000000
0.49131180 20.74378258 0.00000000
-0.16378421 20.74895365 0.00000000
-0.81871695 20.73344172 0.00000000
-1.47283358 20.69726224 0.00000000
-2.12548206 20.64045128 0.00000000
-2.77601181 20.56306546 0.00000000
-3.42377437 20.46518194 0.00000000
-4.06812404 20.34689828 0.00000000
-4.70841851 20.20833239 0.00000000
-5.34401953 20.04962239 0.00000000
-5.97429351 19.87092650 0.00000000
-6.59861219 19.67242283 0.00000000
-7.21635323 19.45430926 0.00000000
-7.82690085 19.21680322 0.00000000
-8.42964645 18.96014144 0.00000000
-9.02398919 18.68457979 0.00000000
-9.60933662 18.39039294 0.00000000
-10.18510526 18.07787415 0.00000000
-10.75072116 17.74733494 0.00000000
-11.30562051 17.39910480 0.00000000
-11.84925017 17.03353085 0.00000000
-12.38106824 16.65097751 0.00000000
-12.90054460 16.25182611 0.00000000
-13.40716141 15.83647454 0.00000000
-13.90041367 15.40533683 0.00000000
-14.37980969 14.95884274 0.00000000
-14.84487161 14.49743735 0.00000000
-15.29513584 14.02158060 0.00000000
-15.73015354 13.53174684 0.00000000
-16.14949108 13.02842433 0.00000000
-16.55273046 12.51211481 0.00000000
-16.93946972 11.98333294 0.00000000
-17.30932335 11.44260582 0.00000000
-17.66192266 10.89047247 0.00000000
-17.99691619 10.32748326 0.00000000
-18.31397000 9.75419938 0.00000000
-18.61276805 9.17119231 0.00000000
-18.89301248 8.57904319 0.00000000
-19.15442395 7.97834230 0.00000000
-19.39674188 7.36968842 0.00000000
-19.61972470 6.75368828 0.00000000
-19.82315017 6.13095591 0.00000000
-20.00681548 5.50211207 0.00000000
-20.17053756 4.86778361 0.00000000
-20.31415322 4.22860283 0.00000000
-20.43751928 3.58520690 0.00000000
-20.54051278 2.93823715 0.00000000
-20.62303105 2.28833850 0.00000000
-20.68499184 1.63615878 0.00000000
-20.72633337 0.98234811 0.00000000
-20.74701445 0.32755821 0.00000000
-20.74701445 -0.32755821 0.00000000
-20.72633337 -0.98234811 0.00000000
-20.68499184 -1.63615878 0.00000000
-20.62303105 -2.28833850 0.00000000
-20.54051278 -2.93823715 0.00000000
-20.43751928 -3.58520690 0.00000000
-20.31415322 -4.22860283 0.00000000
-20.17053756 -4.86778361 0.00000000
-20.00681548 -5.50211207 0.00000000
-19.82315017 -6.13095591 0.00000000
-19.61972470 -6.75368828 0.00000000
-19.39674188 -7.36968842 0.00000000
-19.15442395 -7.97834230 0.00000000
-18.89301248 -8.57904319 0.00000000
-18.61276805 -9.17119231 0.00000000
-18.31397000 -9.75419938 0.00000000
-17.99691619 -10.32748326 0.00000000
-17.66192266 -10.89047247 0.00000000
-17.30932335 -11.44260582 0.00000000
-16.93946972 -11.98333294 0.00000000
-16.55273046 -12.51211481 0.00000000
-16.14949108 -13.02842433 0.00000000
-15.73015354 -13.53174684 0.00000000
-15.29513584 -14.02158060 0.00000000
-14.84487161 -14.49743735 0.00000000
-14.37980969 -14.95884274 0.00000000
-13.90041367 -15.40533683 0.00000000
-13.40716141 -15.83647454 0.00000000
-12.90054460 -16.25182611 0.00000000
-12.38106824 -16.65097751 0.00000000
-11.84925017 -17.03353085 0.00000000
-11.30562051 -17.39910480 0.00000000
-10.75072116 -17.74733494 0.00000000
-10.18510526 -18.07787415 0.00000000
-9.60933662 -18.39039294 0.00000000
-9.02398919 -18.68457979 0.00000000
-8.42964645 -18.96014144 0.00000000
-7.82690085 -19.21680322 0.00000000
-7.21635323 -19.45430926 0.00000000
-6.59861219 -19.67242283 0.00000000
-5.97429351 -19.87092650 0.00000000
-5.34401953 -20.04962239 0.00000000
-4.70841851 -20.20833239 0.00000000
-4.06812404 -20.34689828 0.00000000
-3.42377437 -20.46518194 0.00000000
-2.77601181 -20.56306546 0.00000000
-2.12548206 -20.64045128 0.00000000
-1.47283358 -20.69726224 0.00000000
-0.81871695 -20.73344172 0.00000000
-0.16378421 -20.74895365 0.00000000
0.49131180 -20.74378258 0.00000000
1.14591806 -20.71793365 0.00000000
1.79938204 -20.67143263 0.00000000
2.45105236 -20.60432588 0.00000000
3.10027941 -20.51668030 0.00000000
3.74641604 -20.40858323 0.00000000
4.38881817 -20.28014245 0.00000000
5.02684542 -20.13148599 0.00000000
5.65986180 -19.96276201 0.00000000
6.28723631 -19.77413873 0.00000000
6.90834356 -19.56580415 0.00000000
7.52256443 -19.33796595 0.00000000
8.12928665 -19.09085125 0.00000000
8.72790541 -18.82470637 0.00000000
9.31782401 -18.53979662 0.00000000
9.89845439 -18.23640599 0.00000000
10.46921779 -17.91483692 0.00000000
11.02954523 -17.57540995 0.00000000
11.57887819 -17.21846342 0.00000000
12.11666907 -16.84435316 0.00000000
12.64238179 -16.45345208 0.00000000
13.15549231 -16.04614984 0.00000000
13.65548915 -15.62285245 0.00000000
14.14187391 -15.18398187 0.00000000
14.61416173 -14.72997555 0.00000000
15.07188184 -14.26128608 0.00000000
15.51457797 -13.77838065 0.00000000
15.94180883 -13.28174063 0.00000000
16.35314855 -12.77186108 0.00000000
16.74818709 -12.24925026 0.00000000
17.12653068 -11.71442912 0.00000000
17.48780217 -11.16793079 0.00000000
17.83164144 -10.61030002 0.00000000
18.15770574 -10.04209267 0.00000000
18.46567004 -9.46387514 0.00000000
18.75522736 -8.87622382 0.00000000
19.02608907 -8.27972449 0.00000000
19.27798515 -7.67497174 0.00000000
19.51066452 -7.06256842 0.00000000
19.72389524 -6.44312497 0.00000000
19.91746475 -5.81725888 0.00000000
20.09118009 -5.18559402 0.00000000
20.24486811 -4.54876005 0.00000000
20.37837561 -3.90739177 0.00000000
20.49156950 -3.26212852 0.00000000
20.58433694 -2.61361350 0.00000000
20.65658547 -1.96249319 0.00000000
20.70824307 -1.30941661 0.00000000
20.73925824 -0.65503478 0.00000000
20.74960006 -0.00000000 0.00000000
