13.81410897 -0.72396677 0.00000000
13.97858187 -0.65867002 0.00000000
14.24793717 -0.28473148 0.00000000
14.24793717 0.28473148 0.00000000
13.97858187 0.65867002 0.00000000
13.81410897 0.72396677 0.00000000
13.77909605 0.72502171 0.00000000
13.67576423 0.73958908 0.00000000
13.51001599 0.78385749 0.00000000
13.29183497 0.87188791 0.00000000
13.03458145 1.01461431 0.00000000
12.75404937 1.21906508 0.00000000
12.46735163 1.48786042 0.00000000
12.19171229 1.81902106 0.00000000
11.94325106 2.20610189 0.00000000
11.73584592 2.63864110 0.00000000
11.58015421 3.10289297 0.00000000
11.48286125 3.58279274 0.00000000
11.44620977 4.06108525 0.00000000
11.46784309 4.52053770 0.00000000
11.54097345 4.94515089 0.00000000
11.65486330 5.32128336 0.00000000
11.79558582 5.63860896 0.00000000
11.94701070 5.89084040 0.00000000
12.09194580 6.07616750 0.00000000
12.21335378 6.19737918 0.00000000
12.29555808 6.26166080 0.00000000
12.32535269 6.28008087 0.00000000
12.43514202 6.41886597 0.00000000
12.48144128 6.87738389 0.00000000
12.19670980 7.37055328 0.00000000
11.77647200 7.55971590 0.00000000
11.60138591 7.53402810 0.00000000
11.57053636 7.51743525 0.00000000
11.47376470 7.47838505 0.00000000
11.30808831 7.43384849 0.00000000
11.07512279 7.40099457 0.00000000
10.78097151 7.39597249 0.00000000
10.43579822 7.43276602 0.00000000
10.05311302 7.52220074 0.00000000
9.64882203 7.67117459 0.00000000
9.24010787 7.88216581 0.00000000
8.84422015 8.15305318 0.00000000
8.47726124 8.47726124 0.00000000
8.15305318 8.84422015 0.00000000
7.88216581 9.24010787 0.00000000
7.67117459 9.64882203 0.00000000
7.52220074 10.05311302 0.00000000
7.43276602 10.43579822 0.00000000
7.39597249 10.78097151 0.00000000
7.40099457 11.07512279 0.00000000
7.43384849 11.30808831 0.00000000
7.47838505 11.47376470 0.00000000
7.51743525 11.57053636 0.00000000
7.53402810 11.60138591 0.00000000
7.55971590 11.77647200 0.00000000
7.37055328 12.19670980 0.00000000
6.87738389 12.48144128 0.00000000
6.41886597 12.43514202 0.00000000
6.28008087 12.32535269 0.00000000
6.26166080 12.29555808 0.00000000
6.19737918 12.21335378 0.00000000
6.07616750 12.09194580 0.00000000
5.89084040 11.94701070 0.00000000
5.63860896 11.79558582 0.00000000
5.32128336 11.65486330 0.00000000
4.94515089 11.54097345 0.00000000
4.52053770 11.46784309 0.00000000
4.06108525 11.44620977 0.00000000
3.58279274 11.48286125 0.00000000
3.10289297 11.58015421 0.00000000
2.63864110 11.73584592 0.00000000
2.20610189 11.94325106 0.00000000
1.81902106 12.19171229 0.00000000
1.48786042 12.46735163 0.00000000
1.21906508 12.75404937 0.00000000
1.01461431 13.03458145 0.00000000
0.87188791 13.29183497 0.00000000
0.78385749 13.51001599 0.00000000
0.73958908 13.67576423 0.00000000
0.72502171 13.77909605 0.00000000
0.72396677 13.81410897 0.00000000
0.65867002 13.97858187 0.00000000
0.28473148 14.24793717 0.00000000
-0.28473148 14.24793717 0.00000000
-0.65867002 13.97858187 0.00000000
-0.72396677 13.81410897 0.00000000
-0.72502171 13.77909605 0.00000000
-0.73958908 13.67576423 0.00000000
-0.78385749 13.51001599 0.00000000
-0.87188791 13.29183497 0.00000000
-1.01461431 13.03458145 0.00000000
-1.21906508 12.75404937 0.00000000
-1.48786042 12.46735163 0.00000000
-1.81902106 12.19171229 0.00000000
-2.20610189 11.94325106 0.00000000
-2.63864110 11.73584592 0.00000000
-3.10289297 11.58015421 0.00000000
-3.58279274 11.48286125 0.00000000
-4.06108525 11.44620977 0.00000000
-4.52053770 11.46784309 0.00000000
-4.94515089 11.54097345 0.00000000
-5.32128336 11.65486330 0.00000000
-5.63860896 11.79558582 0.00000000
-5.89084040 11.94701070 0.00000000
-6.07616750 12.09194580 0.00000000
-6.19737918 12.21335378 0.00000000
-6.26166080 12.29555808 0.00000000
-6.28008087 12.32535269 0.00000000
-6.41886597 12.43514202 0.00000000
-6.87738389 12.48144128 0.00000000
-7.37055328 12.19670980 0.00000000
-7.55971590 11.77647200 0.00000000
-7.53402810 11.60138591 0.00000000
-7.51743525 11.57053636 0.00000000
-7.47838505 11.47376470 0.00000000
-7.43384849 11.30808831 0.00000000
-7.40099457 11.07512279 0.00000000
-7.39597249 10.78097151 0.00000000
-7.43276602 10.43579822 0.00000000
-7.52220074 10.05311302 0.00000000
-7.67117459 9.64882203 0.00000000
-7.88216581 9.24010787 0.00000000
-8.15305318 8.84422015 0.00000000
-8.47726124 8.47726124 0.00000000
-8.84422015 8.15305318 0.00000000
-9.24010787 7.88216581 0.00000000
-9.64882203 7.67117459 0.00000000
-10.05311302 7.52220074 0.00000000
-10.43579822 7.43276602 0.00000000
-10.78097151 7.39597249 0.00000000
-11.07512279 7.40099457 0.00000000
-11.30808831 7.43384849 0.00000000
-11.47376470 7.47838505 0.00000000
-11.57053636 7.51743525 0.00000000
-11.60138591 7.53402810 0.00000000
-11.77647200 7.55971590 0.00000000
-12.19670980 7.37055328 0.00000000
-12.48144128 6.87738389 0.00000000
-12.43514202 6.41886597 0.00000000
-12.32535269 6.28008087 0.00000000
-12.29555808 6.26166080 0.00000000
-12.21335378 6.19737918 0.00000000
-12.09194580 6.07616750 0.00000000
-11.94701070 5.89084040 0.00000000
-11.79558582 5.63860896 0.00000000
-11.65486330 5.32128336 0.00000000
-11.54097345 4.94515089 0.00000000
-11.46784309 4.52053770 0.00000000
-11.44620977 4.06108525 0.00000000
-11.48286125 3.58279274 0.00000000
-11.58015421 3.10289297 0.00000000
-11.73584592 2.63864110 0.00000000
-11.94325106 2.20610189 0.00000000
-12.19171229 1.81902106 0.00000000
-12.46735163 1.48786042 0.00000000
-12.75404937 1.21906508 0.00000000
-13.03458145 1.01461431 0.00000000
-13.29183497 0.87188791 0.00000000
-13.51001599 0.78385749 0.00000000
-13.67576423 0.73958908 0.00000000
-13.77909605 0.72502171 0.00000000
-13.81410897 0.72396677 0.00000000
-13.97858187 0.65867002 0.00000000
-14.24793717 0.28473148 0.00000000
-14.24793717 -0.28473148 0.00000000
-13.97858187 -0.65867002 0.00000000
-13.81410897 -0.72396677 0.00000000
-13.77909605 -0.72502171 0.00000000
-13.67576423 -0.73958908 0.00000000
-13.51001599 -0.78385749 0.00000000
-13.29183497 -0.87188791 0.00000000
-13.03458145 -1.01461431 0.00000000
-12.75404937 -1.21906508 0.00000000
-12.46735163 -1.48786042 0.00000000
-12.19171229 -1.81902106 0.00000000
-11.94325106 -2.20610189 0.00000000
-11.73584592 -2.63864110 0.00000000
-11.58015421 -3.10289297 0.00000000
-11.48286125 -3.58279274 0.00000000
-11.44620977 -4.06108525 0.00000000
-11.46784309 -4.52053770 0.00000000
-11.54097345 -4.94515089 0.00000000
-11.65486330 -5.32128336 0.00000000
-11.79558582 -5.63860896 0.00000000
-11.94701070 -5.89084040 0.00000000
-12.09194580 -6.07616750 0.00000000
-12.21335378 -6.19737918 0.00000000
-12.29555808 -6.26166080 0.00000000
-12.32535269 -6.28008087 0.00000000
-12.43514202 -6.41886597 0.00000000
-12.48144128 -6.87738389 0.00000000
-12.19670980 -7.37055328 0.00000000
-11.77647200 -7.55971590 0.00000000
-11.60138591 -7.53402810 0.00000000
-11.57053636 -7.51743525 0.00000000
-11.47376470 -7.47838505 0.00000000
-11.30808831 -7.43384849 0.00000000
-11.07512279 -7.40099457 0.00000000
-10.78097151 -7.39597249 0.00000000
-10.43579822 -7.43276602 0.00000000
-10.05311302 -7.52220074 0.00000000
-9.64882203 -7.67117459 0.00000000
-9.24010787 -7.88216581 0.00000000
-8.84422015 -8.15305318 0.00000000
-8.47726124 -8.47726124 0.00000000
-8.15305318 -8.84422015 0.00000000
-7.88216581 -9.24010787 0.00000000
-7.67117459 -9.64882203 0.00000000
-7.52220074 -10.05311302 0.00000000
-7.43276602 -10.43579822 0.00000000
-7.39597249 -10.78097151 0.00000000
-7.40099457 -11.07512279 0.00000000
-7.43384849 -11.30808831 0.00000000
-7.47838505 -11.47376470 0.00000000
-7.51743525 -11.57053636 0.00000000
-7.53402810 -11.60138591 0.00000000
-7.55971590 -11.77647200 0.00000000
-7.37055328 -12.19670980 0.00000000
-6.87738389 -12.48144128 0.00000000
-6.41886597 -12.43514202 0.00000000
-6.28008087 -12.32535269 0.00000000
-6.26166080 -12.29555808 0.00000000
-6.19737918 -12.21335378 0.00000000
-6.07616750 -12.09194580 0.00000000
-5.89084040 -11.94701070 0.00000000
-5.63860896 -11.79558582 0.00000000
-5.32128336 -11.65486330 0.00000000
-4.94515089 -11.54097345 0.00000000
-4.52053770 -11.46784309 0.00000000
-4.06108525 -11.44620977 0.00000000
-3.58279274 -11.48286125 0.00000000
-3.10289297 -11.58015421 0.00000000
-2.63864110 -11.73584592 0.00000000
-2.20610189 -11.94325106 0.00000000
-1.81902106 -12.19171229 0.00000000
-1.48786042 -12.46735163 0.00000000
-1.21906508 -12.75404937 0.00000000
-1.01461431 -13.03458145 0.00000000
-0.87188791 -13.29183497 0.00000000
-0.78385749 -13.51001599 0.00000000
-0.73958908 -13.67576423 0.00000000
-0.72502171 -13.77909605 0.00000000
-0.72396677 -13.81410897 0.00000000
-0.65867002 -13.97858187 0.00000000
-0.28473148 -14.24793717 0.00000000
0.28473148 -14.24793717 0.00000000
0.65867002 -13.97858187 0.00000000
0.72396677 -13.81410897 0.00000000
0.72502171 -13.77909605 0.00000000
0.73958908 -13.67576423 0.00000000
0.78385749 -13.51001599 0.00000000
0.87188791 -13.29183497 0.00000000
1.01461431 -13.03458145 0.00000000
1.21906508 -12.75404937 0.00000000
1.48786042 -12.46735163 0.00000000
1.81902106 -12.19171229 0.00000000
2.20610189 -11.94325106 0.00000000
2.63864110 -11.73584592 0.00000000
3.10289297 -11.58015421 0.00000000
3.58279274 -11.48286125 0.00000000
4.06108525 -11.44620977 0.00000000
4.52053770 -11.46784309 0.00000000
4.94515089 -11.54097345 0.00000000
5.32128336 -11.65486330 0.00000000
5.63860896 -11.79558582 0.00000000
5.89084040 -11.94701070 0.00000000
6.07616750 -12.09194580 0.00000000
6.19737918 -12.21335378 0.00000000
6.26166080 -12.29555808 0.00000000
6.28008087 -12.32535269 0.00000000
6.41886597 -12.43514202 0.00000000
6.87738389 -12.48144128 0.00000000
7.37055328 -12.19670980 0.00000000
7.55971590 -11.77647200 0.00000000
7.53402810 -11.60138591 0.00000000
7.51743525 -11.57053636 0.00000000
7.47838505 -11.47376470 0.00000000
7.43384849 -11.30808831 0.00000000
7.40099457 -11.07512279 0.00000000
7.39597249 -10.78097151 0.00000000
7.43276602 -10.43579822 0.00000000
7.52220074 -10.05311302 0.00000000
7.67117459 -9.64882203 0.00000000
7.88216581 -9.24010787 0.00000000
8.15305318 -8.84422015 0.00000000
8.47726124 -8.47726124 0.00000000
8.84422015 -8.15305318 0.00000000
9.24010787 -7.88216581 0.00000000
9.64882203 -7.67117459 0.00000000
10.05311302 -7.52220074 0.00000000
10.43579822 -7.43276602 0.00000000
10.78097151 -7.39597249 0.00000000
11.07512279 -7.40099457 0.00000000
11.30808831 -7.43384849 0.00000000
11.47376470 -7.47838505 0.00000000
11.57053636 -7.51743525 0.00000000
11.60138591 -7.53402810 0.00000000
11.77647200 -7.55971590 0.00000000
12.19670980 -7.37055328 0.00000000
12.48144128 -6.87738389 0.00000000
12.43514202 -6.41886597 0.00000000
12.32535269 -6.28008087 0.00000000
12.29555808 -6.26166080 0.00000000
12.21335378 -6.19737918 0.00000000
12.09194580 -6.07616750 0.00000000
11.94701070 -5.89084040 0.00000000
11.79558582 -5.63860896 0.00000000
11.65486330 -5.32128336 0.00000000
11.54097345 -4.94515089 0.00000000
11.46784309 -4.52053770 0.00000000
11.44620977 -4.06108525 0.00000000
11.48286125 -3.58279274 0.00000000
11.58015421 -3.10289297 0.00000000
11.73584592 -2.63864110 0.00000000
11.94325106 -2.20610189 0.00000000
12.19171229 -1.81902106 0.00000000
12.46735163 -1.48786042 0.00000000
12.75404937 -1.21906508 0.00000000
13.03458145 -1.01461431 0.00000000
13.29183497 -0.87188791 0.00000000
13.51001599 -0.78385749 0.00000000
13.67576423 -0.73958908 0.00000000
13.77909605 -0.72502171 0.00000000
13.81410897 -0.72396677 0.00000000
