13.60942255 -2.47736807 -5.00000000
13.78087204 -2.43354947 -5.00000000
14.09565699 -2.09695959 -5.00000000
14.16818097 -1.53213366 -5.00000000
13.94864194 -1.12693627 -5.00000000
13.79382418 -1.04122476 -5.00000000
13.75923072 -1.03571934 -5.00000000
13.65859554 -1.00811076 -5.00000000
13.49983475 -0.94309395 -5.00000000
13.29464146 -0.82799389 -5.00000000
13.05765963 -0.65366716 -5.00000000
12.80544971 -0.41515401 -5.00000000
12.55531894 -0.11203502 -5.00000000
12.32409905 0.25153310 -5.00000000
12.12695768 0.66710480 -5.00000000
11.97632745 1.12253601 -5.00000000
11.88102832 1.60283570 -5.00000000
11.84564526 2.09121849 -5.00000000
11.87020518 2.57028410 -5.00000000
11.95017593 3.02324021 -5.00000000
12.07678743 3.43508234 -5.00000000
12.23765227 3.79364758 -5.00000000
12.41764193 4.09046754 -5.00000000
12.59995674 4.32136039 -5.00000000
12.76731399 4.48672019 -5.00000000
12.90317030 4.59148295 -5.00000000
12.99289180 4.64477201 -5.00000000
13.02478969 4.65924759 -5.00000000
13.15136001 4.78292036 -5.00000000
13.25567683 5.23180822 -5.00000000
13.03607147 5.75722381 -5.00000000
12.64334640 5.99836553 -5.00000000
12.46641454 5.99518499 -5.00000000
12.43370301 5.98265609 -5.00000000
12.33274610 5.95624824 -5.00000000
12.16274682 5.93317406 -5.00000000
11.92749418 5.93025698 -5.00000000
11.63509853 5.96273745 -5.00000000
11.29742176 6.04319093 -5.00000000
10.92924266 6.18063430 -5.00000000
10.54721630 6.37988358 -5.00000000
10.16870102 6.64120855 -5.00000000
9.81053581 6.96030843 -5.00000000
9.48785450 7.32861059 -5.00000000
9.21302048 7.73387096 -5.00000000
8.99475718 8.16103392 -5.00000000
8.83753583 8.59329079 -5.00000000
8.74126354 9.01326229 -5.00000000
8.70129396 9.40422131 -5.00000000
8.70875959 9.75126977 -5.00000000
8.75120242 10.04238625 -5.00000000
8.81345816 10.26927066 -5.00000000
8.87873179 10.42792602 -5.00000000
8.92978837 10.51893646 -5.00000000
8.95017496 10.54742162 -5.00000000
8.99795168 10.71781054 -5.00000000
8.86384877 11.15871724 -5.00000000
8.41095716 11.50393781 -5.00000000
7.95027641 11.51641013 -5.00000000
7.79863919 11.42518978 -5.00000000
7.77657462 11.39798366 -5.00000000
7.70234730 11.32463533 -5.00000000
7.56666070 11.21965287 -5.00000000
7.36438447 11.09950029 -5.00000000
7.09492218 10.98143137 -5.00000000
6.76225877 10.88226775 -5.00000000
6.37468464 10.81720764 -5.00000000
5.94421547 10.79874940 -5.00000000
5.48574914 10.83580582 -5.00000000
5.01601902 10.93307182 -5.00000000
4.55241773 11.09069020 -5.00000000
4.11177430 11.30423896 -5.00000000
3.70917126 11.56504129 -5.00000000
3.35688515 11.86077604 -5.00000000
3.06352515 12.17634588 -5.00000000
2.83343096 12.49494154 -5.00000000
2.66637216 12.79922713 -5.00000000
2.55757049 13.07256282 -5.00000000
2.49804333 13.30017835 -5.00000000
2.47524427 13.47021474 -5.00000000
2.47395535 13.57456038 -5.00000000
2.47736807 13.60942255 -5.00000000
2.43354947 13.78087204 -5.00000000
2.09695959 14.09565699 -5.00000000
1.53213366 14.16818097 -5.00000000
1.12693627 13.94864194 -5.00000000
1.04122476 13.79382418 -5.00000000
1.03571934 13.75923072 -5.00000000
1.00811076 13.65859554 -5.00000000
0.94309395 13.49983475 -5.00000000
0.82799389 13.29464146 -5.00000000
0.65366716 13.05765963 -5.00000000
0.41515401 12.80544971 -5.00000000
0.11203502 12.55531894 -5.00000000
-0.25153310 12.32409905 -5.00000000
-0.66710480 12.12695768 -5.00000000
-1.12253601 11.97632745 -5.00000000
-1.60283570 11.88102832 -5.00000000
-2.09121849 11.84564526 -5.00000000
-2.57028410 11.87020518 -5.00000000
-3.02324021 11.95017593 -5.00000000
-3.43508234 12.07678743 -5.00000000
-3.79364758 12.23765227 -5.00000000
-4.09046754 12.41764193 -5.00000000
-4.32136039 12.59995674 -5.00000000
-4.48672019 12.76731399 -5.00000000
-4.59148295 12.90317030 -5.00000000
-4.64477201 12.99289180 -5.00000000
-4.65924759 13.02478969 -5.00000000
-4.78292036 13.15136001 -5.00000000
-5.23180822 13.25567683 -5.00000000
-5.75722381 13.03607147 -5.00000000
-5.99836553 12.64334640 -5.00000000
-5.99518499 12.46641454 -5.00000000
-5.98265609 12.43370301 -5.00000000
-5.95624824 12.33274610 -5.00000000
-5.93317406 12.16274682 -5.00000000
-5.93025698 11.92749418 -5.00000000
-5.96273745 11.63509853 -5.00000000
-6.04319093 11.29742176 -5.00000000
-6.18063430 10.92924266 -5.00000000
-6.37988358 10.54721630 -5.00000000
-6.64120855 10.16870102 -5.00000000
-6.96030843 9.81053581 -5.00000000
-7.32861059 9.48785450 -5.00000000
-7.73387096 9.21302048 -5.00000000
-8.16103392 8.99475718 -5.00000000
-8.59329079 8.83753583 -5.00000000
-9.01326229 8.74126354 -5.00000000
-9.40422131 8.70129396 -5.00000000
-9.75126977 8.70875959 -5.00000000
-10.04238625 8.75120242 -5.00000000
-10.26927066 8.81345816 -5.00000000
-10.42792602 8.87873179 -5.00000000
-10.51893646 8.92978837 -5.00000000
-10.54742162 8.95017496 -5.00000000
-10.71781054 8.99795168 -5.00000000
-11.15871724 8.86384877 -5.00000000
-11.50393781 8.41095716 -5.00000000
-11.51641013 7.95027641 -5.00000000
-11.42518978 7.79863919 -5.00000000
-11.39798366 7.77657462 -5.00000000
-11.32463533 7.70234730 -5.00000000
-11.21965287 7.56666070 -5.00000000
-11.09950029 7.36438447 -5.00000000
-10.98143137 7.09492218 -5.00000000
-10.88226775 6.76225877 -5.00000000
-10.81720764 6.37468464 -5.00000000
-10.79874940 5.94421547 -5.00000000
-10.83580582 5.48574914 -5.00000000
-10.93307182 5.01601902 -5.00000000
-11.09069020 4.55241773 -5.00000000
-11.30423896 4.11177430 -5.00000000
-11.56504129 3.70917126 -5.00000000
-11.86077604 3.35688515 -5.00000000
-12.17634588 3.06352515 -5.00000000
-12.49494154 2.83343096 -5.00000000
-12.79922713 2.66637216 -5.00000000
-13.07256282 2.55757049 -5.00000000
-13.30017835 2.49804333 -5.00000000
-13.47021474 2.47524427 -5.00000000
-13.57456038 2.47395535 -5.00000000
-13.60942255 2.47736807 -5.00000000
-13.78087204 2.43354947 -5.00000000
-14.09565699 2.09695959 -5.00000000
-14.16818097 1.53213366 -5.00000000
-13.94864194 1.12693627 -5.00000000
-13.79382418 1.04122476 -5.00000000
-13.75923072 1.03571934 -5.00000000
-13.65859554 1.00811076 -5.00000000
-13.49983475 0.94309395 -5.00000000
-13.29464146 0.82799389 -5.00000000
-13.05765963 0.65366716 -5.00000000
-12.80544971 0.41515401 -5.00000000
-12.55531894 0.11203502 -5.00000000
-12.32409905 -0.25153310 -5.00000000
-12.12695768 -0.66710480 -5.00000000
-11.97632745 -1.12253601 -5.00000000
-11.88102832 -1.60283570 -5.00000000
-11.84564526 -2.09121849 -5.00000000
-11.87020518 -2.57028410 -5.00000000
-11.95017593 -3.02324021 -5.00000000
-12.07678743 -3.43508234 -5.00000000
-12.23765227 -3.79364758 -5.00000000
-12.41764193 -4.09046754 -5.00000000
-12.59995674 -4.32136039 -5.00000000
-12.76731399 -4.48672019 -5.00000000
-12.90317030 -4.59148295 -5.00000000
-12.99289180 -4.64477201 -5.00000000
-13.02478969 -4.65924759 -5.00000000
-13.15136001 -4.78292036 -5.00000000
-13.25567683 -5.23180822 -5.00000000
-13.03607147 -5.75722381 -5.00000000
-12.64334640 -5.99836553 -5.00000000
-12.46641454 -5.99518499 -5.00000000
-12.43370301 -5.98265609 -5.00000000
-12.33274610 -5.95624824 -5.00000000
-12.16274682 -5.93317406 -5.00000000
-11.92749418 -5.93025698 -5.00000000
-11.63509853 -5.96273745 -5.00000000
-11.29742176 -6.04319093 -5.00000000
-10.92924266 -6.18063430 -5.00000000
-10.54721630 -6.37988358 -5.00000000
-10.16870102 -6.64120855 -5.00000000
-9.81053581 -6.96030843 -5.00000000
-9.48785450 -7.32861059 -5.00000000
-9.21302048 -7.73387096 -5.00000000
-8.99475718 -8.16103392 -5.00000000
-8.83753583 -8.59329079 -5.00000000
-8.74126354 -9.01326229 -5.00000000
-8.70129396 -9.40422131 -5.00000000
-8.70875959 -9.75126977 -5.00000000
-8.75120242 -10.04238625 -5.00000000
-8.81345816 -10.26927066 -5.00000000
-8.87873179 -10.42792602 -5.00000000
-8.92978837 -10.51893646 -5.00000000
-8.95017496 -10.54742162 -5.00000000
-8.99795168 -10.71781054 -5.00000000
-8.86384877 -11.15871724 -5.00000000
-8.41095716 -11.50393781 -5.00000000
-7.95027641 -11.51641013 -5.00000000
-7.79863919 -11.42518978 -5.00000000
-7.77657462 -11.39798366 -5.00000000
-7.70234730 -11.32463533 -5.00000000
-7.56666070 -11.21965287 -5.00000000
-7.36438447 -11.09950029 -5.00000000
-7.09492218 -10.98143137 -5.00000000
-6.76225877 -10.88226775 -5.00000000
-6.37468464 -10.81720764 -5.00000000
-5.94421547 -10.79874940 -5.00000000
-5.48574914 -10.83580582 -5.00000000
-5.01601902 -10.93307182 -5.00000000
-4.55241773 -11.09069020 -5.00000000
-4.11177430 -11.30423896 -5.00000000
-3.70917126 -11.56504129 -5.00000000
-3.35688515 -11.86077604 -5.00000000
-3.06352515 -12.17634588 -5.00000000
-2.83343096 -12.49494154 -5.00000000
-2.66637216 -12.79922713 -5.00000000
-2.55757049 -13.07256282 -5.00000000
-2.49804333 -13.30017835 -5.00000000
-2.47524427 -13.47021474 -5.00000000
-2.47395535 -13.57456038 -5.00000000
-2.47736807 -13.60942255 -5.00000000
-2.43354947 -13.78087204 -5.00000000
-2.09695959 -14.09565699 -5.00000000
-1.53213366 -14.16818097 -5.00000000
-1.12693627 -13.94864194 -5.00000000
-1.04122476 -13.79382418 -5.00000000
-1.03571934 -13.75923072 -5.00000000
-1.00811076 -13.65859554 -5.00000000
-0.94309395 -13.49983475 -5.00000000
-0.82799389 -13.29464146 -5.00000000
-0.65366716 -13.05765963 -5.00000000
-0.41515401 -12.80544971 -5.00000000
-0.11203502 -12.55531894 -5.00000000
0.25153310 -12.32409905 -5.00000000
0.66710480 -12.12695768 -5.00000000
1.12253601 -11.97632745 -5.00000000
1.60283570 -11.88102832 -5.00000000
2.09121849 -11.84564526 -5.00000000
2.57028410 -11.87020518 -5.00000000
3.02324021 -11.95017593 -5.00000000
3.43508234 -12.07678743 -5.00000000
3.79364758 -12.23765227 -5.00000000
4.09046754 -12.41764193 -5.00000000
4.32136039 -12.59995674 -5.00000000
4.48672019 -12.76731399 -5.00000000
4.59148295 -12.90317030 -5.00000000
4.64477201 -12.99289180 -5.00000000
4.65924759 -13.02478969 -5.00000000
4.78292036 -13.15136001 -5.00000000
5.23180822 -13.25567683 -5.00000000
5.75722381 -13.03607147 -5.00000000
5.99836553 -12.64334640 -5.00000000
5.99518499 -12.46641454 -5.00000000
5.98265609 -12.43370301 -5.00000000
5.95624824 -12.33274610 -5.00000000
5.93317406 -12.16274682 -5.00000000
5.93025698 -11.92749418 -5.00000000
5.96273745 -11.63509853 -5.00000000
6.04319093 -11.29742176 -5.00000000
6.18063430 -10.92924266 -5.00000000
6.37988358 -10.54721630 -5.00000000
6.64120855 -10.16870102 -5.00000000
6.96030843 -9.81053581 -5.00000000
7.32861059 -9.48785450 -5.00000000
7.73387096 -9.21302048 -5.00000000
8.16103392 -8.99475718 -5.00000000
8.59329079 -8.83753583 -5.00000000
9.01326229 -8.74126354 -5.00000000
9.40422131 -8.70129396 -5.00000000
9.75126977 -8.70875959 -5.00000000
10.04238625 -8.75120242 -5.00000000
10.26927066 -8.81345816 -5.00000000
10.42792602 -8.87873179 -5.00000000
10.51893646 -8.92978837 -5.00000000
10.54742162 -8.95017496 -5.00000000
10.71781054 -8.99795168 -5.00000000
11.15871724 -8.86384877 -5.00000000
11.50393781 -8.41095716 -5.00000000
11.51641013 -7.95027641 -5.00000000
11.42518978 -7.79863919 -5.00000000
11.39798366 -7.77657462 -5.00000000
11.32463533 -7.70234730 -5.00000000
11.21965287 -7.56666070 -5.00000000
11.09950029 -7.36438447 -5.00000000
10.98143137 -7.09492218 -5.00000000
10.88226775 -6.76225877 -5.00000000
10.81720764 -6.37468464 -5.00000000
10.79874940 -5.94421547 -5.00000000
10.83580582 -5.48574914 -5.00000000
10.93307182 -5.01601902 -5.00000000
11.09069020 -4.55241773 -5.00000000
11.30423896 -4.11177430 -5.00000000
11.56504129 -3.70917126 -5.00000000
11.86077604 -3.35688515 -5.00000000
12.17634588 -3.06352515 -5.00000000
12.49494154 -2.83343096 -5.00000000
12.79922713 -2.66637216 -5.00000000
13.07256282 -2.55757049 -5.00000000
13.30017835 -2.49804333 -5.00000000
13.47021474 -2.47524427 -5.00000000
13.57456038 -2.47395535 -5.00000000
13.60942255 -2.47736807 -5.00000000
