34.49071421 -2.52021324 5.00000000
34.65544539 -2.46026781 5.00000000
34.93690049 -2.10071038 5.00000000
34.96622530 -1.53723397 5.00000000
34.72361425 -1.15040275 5.00000000
34.56599557 -1.07368138 5.00000000
34.52973624 -1.06926706 5.00000000
34.42407389 -1.04327227 5.00000000
34.25750711 -0.97802883 5.00000000
34.04306087 -0.85887964 5.00000000
33.79728648 -0.67530518 5.00000000
33.53899076 -0.42173229 5.00000000
33.28779214 -0.09796327 5.00000000
33.06261434 0.29080789 5.00000000
32.88023353 0.73439307 5.00000000
32.75399023 1.21839115 5.00000000
32.69276517 1.72529256 5.00000000
32.70029742 2.23582249 5.00000000
32.77489738 2.73041965 5.00000000
32.90957663 3.19073701 5.00000000
33.09258446 3.60104932 5.00000000
33.30831024 3.94945931 5.00000000
33.53848202 4.22881005 5.00000000
33.76356955 4.43723327 5.00000000
33.96428387 4.57829169 5.00000000
34.12305841 4.66070434 5.00000000
34.22539784 4.69767599 5.00000000
34.26099114 4.70588218 5.00000000
34.40965920 4.79876719 5.00000000
34.61020764 5.20898523 5.00000000
34.52173830 5.76624531 5.00000000
34.20400215 6.09418166 5.00000000
34.03387654 6.13645572 5.00000000
33.99749178 6.13323483 5.00000000
33.88873378 6.13669313 5.00000000
33.71224201 6.16587967 5.00000000
33.47770943 6.23783928 5.00000000
33.19913852 6.36630284 5.00000000
32.89376642 6.56063185 5.00000000
32.58074172 6.82509861 5.00000000
32.27965453 7.15855709 5.00000000
32.00903263 7.55452977 5.00000000
31.78491920 8.00170387 5.00000000
31.61964132 8.48479886 5.00000000
31.52086383 8.98573853 5.00000000
31.49100108 9.48503776 5.00000000
31.52703189 9.96329747 5.00000000
31.62073184 10.40269294 5.00000000
31.75930498 10.78834125 5.00000000
31.92636667 11.10944291 5.00000000
32.10320188 11.36010991 5.00000000
32.27020241 11.53981672 5.00000000
32.40837279 11.65343954 5.00000000
32.50078902 11.71088083 5.00000000
32.53389837 11.72630796 5.00000000
32.66000579 11.84807304 5.00000000
32.77088264 12.29102320 5.00000000
32.56848568 12.81771199 5.00000000
32.18951102 13.07242109 5.00000000
32.01431380 13.07840026 5.00000000
31.97939379 13.06768494 5.00000000
31.87229340 13.04845561 5.00000000
31.69359017 13.04030964 5.00000000
31.44922145 13.06193470 5.00000000
31.15002891 13.12967287 5.00000000
30.81092664 13.25626489 5.00000000
30.44975655 13.44987093 5.00000000
30.08591893 13.71344300 5.00000000
29.73888341 14.04449726 5.00000000
29.42669467 14.43530373 5.00000000
29.16458742 14.87347874 5.00000000
28.96381723 15.34293468 5.00000000
28.83079691 15.82511421 5.00000000
28.76660458 16.30041403 5.00000000
28.76690150 16.74968896 5.00000000
28.82226570 17.15572090 5.00000000
28.91891590 17.50453980 5.00000000
29.03977023 17.78649523 5.00000000
29.16575826 17.99699638 5.00000000
29.27728577 18.13686351 5.00000000
29.35573977 18.21226399 5.00000000
29.38491811 18.23423781 5.00000000
29.48295340 18.37956124 5.00000000
29.49931281 18.83588447 5.00000000
29.19183395 19.30898315 5.00000000
28.76818380 19.47933299 5.00000000
28.59557192 19.44875594 5.00000000
28.56364284 19.43101450 5.00000000
28.46288085 19.38993796 5.00000000
28.28977636 19.34481551 5.00000000
28.04625158 19.31516090 5.00000000
27.73951355 19.31921319 5.00000000
27.38150153 19.37253555 5.00000000
26.98797091 19.48681935 5.00000000
26.57728429 19.66898564 5.00000000
26.16900229 19.92065283 5.00000000
25.78238238 20.23801156 5.00000000
25.43490110 20.61211622 5.00000000
25.14091285 21.02957096 5.00000000
24.91054857 21.47355723 5.00000000
24.74893861 21.92512427 5.00000000
24.65581953 22.36464320 5.00000000
24.62555510 22.77331323 5.00000000
24.64756974 23.13460431 5.00000000
24.70716128 23.43552537 5.00000000
24.78663052 23.66762095 5.00000000
24.86664088 23.82761951 5.00000000
24.92770382 23.91768381 5.00000000
24.95167594 23.94524398 5.00000000
25.01735448 24.10777443 5.00000000
24.93848146 24.55752721 5.00000000
24.53935901 24.95635910 5.00000000
24.08954891 25.03490456 5.00000000
23.92706633 24.96910767 5.00000000
23.89952363 24.94511549 5.00000000
23.80950383 24.88398697 5.00000000
23.64956357 24.80386012 5.00000000
23.41752593 24.72422188 5.00000000
23.11664835 24.66441120 5.00000000
22.75537340 24.64213345 5.00000000
22.34668143 24.67210026 5.00000000
21.90709480 24.76489923 5.00000000
21.45541019 24.92618029 5.00000000
21.01125627 25.15622116 5.00000000
20.59358755 25.44990532 5.00000000
20.21922993 25.79711407 5.00000000
19.90158973 26.18350275 5.00000000
19.64962526 26.59160137 5.00000000
19.46715994 27.00215521 5.00000000
19.35258958 27.39560250 5.00000000
19.29900651 27.75357560 5.00000000
19.29473082 28.06031059 5.00000000
19.32420808 28.30385691 5.00000000
19.36920445 28.47699421 5.00000000
19.41020760 28.57778609 5.00000000
19.42792579 28.60972808 5.00000000
19.45837712 28.78236218 5.00000000
19.28771880 29.20588816 5.00000000
18.81439632 29.51302240 5.00000000
18.35808513 29.49633067 5.00000000
18.21283313 29.39818958 5.00000000
18.19088056 29.36899524 5.00000000
18.11553724 29.29048635 5.00000000
17.97575137 29.17885701 5.00000000
17.76534203 29.05271572 5.00000000
17.48347468 28.93165608 5.00000000
17.13472626 28.83475187 5.00000000
16.72873475 28.77909200 5.00000000
16.27946015 28.77846788 5.00000000
15.80411371 28.84231405 5.00000000
15.32183743 28.97498319 5.00000000
14.85223540 29.17541144 5.00000000
14.41386964 29.43719952 5.00000000
14.02283591 29.74910357 5.00000000
13.69152901 30.09589789 5.00000000
13.42769204 30.45954348 5.00000000
13.23382303 30.82057248 5.00000000
13.10698408 31.15958246 5.00000000
13.03902804 31.45872559 5.00000000
13.01722503 31.70307850 5.00000000
13.02524084 31.88178761 5.00000000
13.04439217 31.98890198 5.00000000
13.05508206 32.02382978 5.00000000
13.04897530 32.19902260 5.00000000
12.79399028 32.57781166 5.00000000
12.26715423 32.77982500 5.00000000
11.82428494 32.66862560 5.00000000
11.70261173 32.54242953 5.00000000
11.68720872 32.50930896 5.00000000
11.62983474 32.41685093 5.00000000
11.51631258 32.27859784 5.00000000
11.33672743 32.11146647 5.00000000
11.08618928 31.93444876 5.00000000
10.76520937 31.76715327 5.00000000
10.37966208 31.62829931 5.00000000
9.94033497 31.53427940 5.00000000
9.46210162 31.49790029 5.00000000
8.96278077 31.52739942 5.00000000
8.46176930 31.62581207 5.00000000
7.97855408 31.79073809 5.00000000
7.53121688 32.01452580 5.00000000
7.13504723 32.28485926 5.00000000
6.80136957 32.58570353 5.00000000
6.53667491 32.89853554 5.00000000
6.34212356 33.20376604 5.00000000
6.21345717 33.48224332 5.00000000
6.14132677 33.71672343 5.00000000
6.11201171 33.89319390 5.00000000
6.10847421 34.00194935 5.00000000
6.11166860 34.03833645 5.00000000
6.06927065 34.20843122 5.00000000
5.74110299 34.52592847 5.00000000
5.18377864 34.61399195 5.00000000
4.77370676 34.41314482 5.00000000
4.68093004 34.26440916 5.00000000
4.67274977 34.22880989 5.00000000
4.63585266 34.12644356 5.00000000
4.55355566 33.96760905 5.00000000
4.41264345 33.76679206 5.00000000
4.20438421 33.54155280 5.00000000
3.92520117 33.31117763 5.00000000
3.57694837 33.09519818 5.00000000
3.16676945 32.91189159 5.00000000
2.70655029 32.77687715 5.00000000
2.21200759 32.70191700 5.00000000
1.70148328 32.69401296 5.00000000
1.19453742 32.75486885 5.00000000
0.71044753 32.88075964 5.00000000
0.26672965 33.06281736 5.00000000
-0.12220539 33.28771197 5.00000000
-0.44615727 33.53867474 5.00000000
-0.69991820 33.79678572 5.00000000
-0.88367160 34.04242636 5.00000000
-1.00297693 34.25678577 5.00000000
-1.06834166 34.42330499 5.00000000
-1.09441339 34.52894838 5.00000000
-1.09885411 34.56520448 5.00000000
-1.17569025 34.72276725 5.00000000
-1.56269805 34.96509652 5.00000000
-2.12615296 34.93536136 5.00000000
-2.48550531 34.65364449 5.00000000
-2.54533076 34.48886969 5.00000000
-2.54593076 34.45234758 5.00000000
-2.56073842 34.34454686 5.00000000
-2.60821348 34.17207275 5.00000000
-2.70429423 33.94634679 5.00000000
-2.86117263 33.68273002 5.00000000
-3.08635716 33.39934369 5.00000000
-3.38209515 33.11567808 5.00000000
-3.74519909 32.85109618 5.00000000
-4.16729027 32.62334719 5.00000000
-4.63544094 32.44720389 5.00000000
-5.13316573 32.33332860 5.00000000
-5.64168626 32.28745468 5.00000000
-6.14137178 32.30994650 5.00000000
-6.61324529 32.39577169 5.00000000
-7.04043939 32.53488767 5.00000000
-7.40949024 32.71301292 5.00000000
-7.71137017 32.91272369 5.00000000
-7.94217968 33.11479201 5.00000000
-8.10344573 33.29966218 5.00000000
-8.20200337 33.44895246 5.00000000
-8.24946987 33.54686668 5.00000000
-8.26135162 33.58140722 5.00000000
-8.36926784 33.71955173 5.00000000
-8.79820168 33.87612208 5.00000000
-9.34316146 33.72988784 5.00000000
-9.63608888 33.37961360 5.00000000
-9.66034839 33.20600112 5.00000000
-9.65334190 33.17015235 5.00000000
-9.64541295 33.06162865 5.00000000
-9.65599119 32.88305290 5.00000000
-9.70304127 32.64228328 5.00000000
-9.80168250 32.35181032 5.00000000
-9.96302687 32.02779816 5.00000000
-10.19332487 31.68884394 5.00000000
-10.49348445 31.35455024 5.00000000
-10.85900025 31.04402041 5.00000000
-11.28029846 30.77439228 5.00000000
-11.74347076 30.55952263 5.00000000
-12.23134117 30.40892380 5.00000000
-12.72478368 30.32703366 5.00000000
-13.20418968 30.31287534 5.00000000
-13.65097240 30.36013265 5.00000000
-14.04899293 30.45763545 5.00000000
-14.38579826 30.59021770 5.00000000
-14.65357640 30.73988235 5.00000000
-14.84975506 30.88718356 5.00000000
-14.97719818 31.01272021 5.00000000
-15.04398493 31.09862592 5.00000000
-15.06278842 31.12994132 5.00000000
-15.19706827 31.24262999 5.00000000
-15.64918169 31.30659855 5.00000000
-16.15182898 31.05025637 5.00000000
-16.36552912 30.64673342 5.00000000
-16.35316244 30.47187096 5.00000000
-16.33885568 30.43826230 5.00000000
-16.30853665 30.33375863 5.00000000
-16.28175574 30.15688584 5.00000000
-16.27771885 29.91159536 5.00000000
-16.31381180 29.60696126 5.00000000
-16.40426450 29.25648417 5.00000000
-16.55905739 28.87705526 5.00000000
-16.78315420 28.48765999 5.00000000
-17.07611982 28.10792098 5.00000000
-17.43215280 27.75659204 5.00000000
-17.84052977 27.45011888 5.00000000
-18.28642778 27.20137703 5.00000000
-18.75206147 27.01868392 5.00000000
-19.21804762 26.90516088 5.00000000
-19.66489242 26.85849416 5.00000000
-20.07448721 26.87111317 5.00000000
-20.43149794 26.93077241 5.00000000
-20.72454151 27.02149232 5.00000000
-20.94705885 27.12478681 5.00000000
-21.09781756 27.22108327 5.00000000
-21.18100567 27.29122599 5.00000000
-21.20590908 27.31794760 5.00000000
-21.36068390 27.40025541 5.00000000
-21.81621736 27.36882643 5.00000000
-22.25458407 27.01357970 5.00000000
-22.37971721 26.57444394 5.00000000
-22.33126481 26.40597381 5.00000000
-22.31028306 26.37607413 5.00000000
-22.25889904 26.28015779 5.00000000
-22.19592944 26.11271817 5.00000000
-22.14098200 25.87362719 5.00000000
-22.11294925 25.56814593 5.00000000
-22.12855705 25.20652142 5.00000000
-22.20107964 24.80320070 5.00000000
-22.33931957 24.37572230 5.00000000
-22.54693101 23.94337053 5.00000000
-22.82213842 23.52569555 5.00000000
-23.15787202 23.14101321 5.00000000
-23.54230975 22.80499956 5.00000000
-23.95978419 22.52948804 5.00000000
-24.39198466 22.32156179 5.00000000
-24.81936227 22.18301059 5.00000000
-25.22263007 22.11019430 5.00000000
-25.58424311 22.09432314 5.00000000
-25.88974471 22.12213341 5.00000000
-26.12887564 22.17690672 5.00000000
-26.29636108 22.23975436 5.00000000
-26.39231481 22.29106852 5.00000000
-26.42222977 22.31202849 5.00000000
-26.59073513 22.36035818 5.00000000
-27.02977965 22.23490527 5.00000000
-27.38470704 21.79627996 5.00000000
-27.41580426 21.34072373 5.00000000
-27.33338376 21.18600890 5.00000000
-27.30664402 21.16112495 5.00000000
-27.23644073 21.07798796 5.00000000
-27.14003451 20.92729941 5.00000000
-27.03657800 20.70485735 5.00000000
-26.94564470 20.41187993 5.00000000
-26.88572548 20.05491274 5.00000000
-26.87280818 19.64532725 5.00000000
-26.91914947 19.19844859 5.00000000
-27.03233312 18.73237988 5.00000000
-27.21468708 18.26661327 5.00000000
-27.46310414 17.82053423 5.00000000
-27.76927982 17.41193418 5.00000000
-28.12034938 17.05564543 5.00000000
-28.49987493 16.76240333 5.00000000
-28.88910689 16.53802301 5.00000000
-29.26842297 16.38295384 5.00000000
-29.61883410 16.29224592 5.00000000
-29.92344183 16.25593113 5.00000000
-30.16873519 16.25978938 5.00000000
-30.34562743 16.28644148 5.00000000
-30.45015316 16.31668439 5.00000000
-30.48377222 16.33096667 5.00000000
-30.65864365 16.34320600 5.00000000
-31.06201086 16.12921205 5.00000000
-31.31798691 15.62637821 5.00000000
-31.25368912 15.17431150 5.00000000
-31.14090268 15.04011375 5.00000000
-31.10957360 15.02133307 5.00000000
-31.02361927 14.95460890 5.00000000
-30.89798984 14.82725724 5.00000000
-30.75054580 14.63118590 5.00000000
-30.60068618 14.36351683 5.00000000
-30.46785869 14.02680814 5.00000000
-30.37006605 13.62885873 5.00000000
-30.32248338 13.18211054 5.00000000
-30.33629256 12.70269435 5.00000000
-30.41782332 12.20919234 5.00000000
-30.56806682 11.72121238 5.00000000
-30.78259910 11.25788372 5.00000000
-31.05192035 10.83638927 5.00000000
-31.36218390 10.47064742 5.00000000
-31.69625892 10.17024447 5.00000000
-32.03504534 9.93969968 5.00000000
-32.35893991 9.77811938 5.00000000
-32.64934096 9.67926664 5.00000000
-32.89007625 9.63204123 5.00000000
-33.06864425 9.62133295 5.00000000
-33.17717369 9.62918286 5.00000000
-33.21302755 9.63616324 5.00000000
-33.38662232 9.61177730 5.00000000
-33.73668314 9.31859487 5.00000000
-33.88252047 8.77352874 5.00000000
-33.72563778 8.34470904 5.00000000
-33.58741472 8.23689345 5.00000000
-33.55286553 8.22503686 5.00000000
-33.45491678 8.17764168 5.00000000
-33.30555476 8.07919278 5.00000000
-33.12056720 7.91806141 5.00000000
-32.91833084 7.68739912 5.00000000
-32.71840027 7.38566471 5.00000000
-32.54000631 7.01674368 5.00000000
-32.40057926 6.58965101 5.00000000
-32.31441044 6.11784013 5.00000000
-32.29155473 5.61817111 5.00000000
-32.33705831 5.10961731 5.00000000
-32.45057109 4.61180972 5.00000000
-32.62637341 4.14353090 5.00000000
-32.85381495 3.72127397 5.00000000
-33.11813234 3.35797744 5.00000000
-33.40158250 3.06203295 5.00000000
-33.68480477 2.83664210 5.00000000
-33.94830722 2.67957176 5.00000000
-34.17396315 2.58332665 5.00000000
-34.34640263 2.53572600 5.00000000
-34.45419254 2.52083983 5.00000000
-34.49071421 2.52021324 5.00000000
-34.65544539 2.46026781 5.00000000
-34.93690049 2.10071038 5.00000000
-34.96622530 1.53723397 5.00000000
-34.72361425 1.15040275 5.00000000
-34.56599557 1.07368138 5.00000000
-34.52973624 1.06926706 5.00000000
-34.42407389 1.04327227 5.00000000
-34.25750711 0.97802883 5.00000000
-34.04306087 0.85887964 5.00000000
-33.79728648 0.67530518 5.00000000
-33.53899076 0.42173229 5.00000000
-33.28779214 0.09796327 5.00000000
-33.06261434 -0.29080789 5.00000000
-32.88023353 -0.73439307 5.00000000
-32.75399023 -1.21839115 5.00000000
-32.69276517 -1.72529256 5.00000000
-32.70029742 -2.23582249 5.00000000
-32.77489738 -2.73041965 5.00000000
-32.90957663 -3.19073701 5.00000000
-33.09258446 -3.60104932 5.00000000
-33.30831024 -3.94945931 5.00000000
-33.53848202 -4.22881005 5.00000000
-33.76356955 -4.43723327 5.00000000
-33.96428387 -4.57829169 5.00000000
-34.12305841 -4.66070434 5.00000000
-34.22539784 -4.69767599 5.00000000
-34.26099114 -4.70588218 5.00000000
-34.40965920 -4.79876719 5.00000000
-34.61020764 -5.20898523 5.00000000
-34.52173830 -5.76624531 5.00000000
-34.20400215 -6.09418166 5.00000000
-34.03387654 -6.13645572 5.00000000
-33.99749178 -6.13323483 5.00000000
-33.88873378 -6.13669313 5.00000000
-33.71224201 -6.16587967 5.00000000
-33.47770943 -6.23783928 5.00000000
-33.19913852 -6.36630284 5.00000000
-32.89376642 -6.56063185 5.00000000
-32.58074172 -6.82509861 5.00000000
-32.27965453 -7.15855709 5.00000000
-32.00903263 -7.55452977 5.00000000
-31.78491920 -8.00170387 5.00000000
-31.61964132 -8.48479886 5.00000000
-31.52086383 -8.98573853 5.00000000
-31.49100108 -9.48503776 5.00000000
-31.52703189 -9.96329747 5.00000000
-31.62073184 -10.40269294 5.00000000
-31.75930498 -10.78834125 5.00000000
-31.92636667 -11.10944291 5.00000000
-32.10320188 -11.36010991 5.00000000
-32.27020241 -11.53981672 5.00000000
-32.40837279 -11.65343954 5.00000000
-32.50078902 -11.71088083 5.00000000
-32.53389837 -11.72630796 5.00000000
-32.66000579 -11.84807304 5.00000000
-32.77088264 -12.29102320 5.00000000
-32.56848568 -12.81771199 5.00000000
-32.18951102 -13.07242109 5.00000000
-32.01431380 -13.07840026 5.00000000
-31.97939379 -13.06768494 5.00000000
-31.87229340 -13.04845561 5.00000000
-31.69359017 -13.04030964 5.00000000
-31.44922145 -13.06193470 5.00000000
-31.15002891 -13.12967287 5.00000000
-30.81092664 -13.25626489 5.00000000
-30.44975655 -13.44987093 5.00000000
-30.08591893 -13.71344300 5.00000000
-29.73888341 -14.04449726 5.00000000
-29.42669467 -14.43530373 5.00000000
-29.16458742 -14.87347874 5.00000000
-28.96381723 -15.34293468 5.00000000
-28.83079691 -15.82511421 5.00000000
-28.76660458 -16.30041403 5.00000000
-28.76690150 -16.74968896 5.00000000
-28.82226570 -17.15572090 5.00000000
-28.91891590 -17.50453980 5.00000000
-29.03977023 -17.78649523 5.00000000
-29.16575826 -17.99699638 5.00000000
-29.27728577 -18.13686351 5.00000000
-29.35573977 -18.21226399 5.00000000
-29.38491811 -18.23423781 5.00000000
-29.48295340 -18.37956124 5.00000000
-29.49931281 -18.83588447 5.00000000
-29.19183395 -19.30898315 5.00000000
-28.76818380 -19.47933299 5.00000000
-28.59557192 -19.44875594 5.00000000
-28.56364284 -19.43101450 5.00000000
-28.46288085 -19.38993796 5.00000000
-28.28977636 -19.34481551 5.00000000
-28.04625158 -19.31516090 5.00000000
-27.73951355 -19.31921319 5.00000000
-27.38150153 -19.37253555 5.00000000
-26.98797091 -19.48681935 5.00000000
-26.57728429 -19.66898564 5.00000000
-26.16900229 -19.92065283 5.00000000
-25.78238238 -20.23801156 5.00000000
-25.43490110 -20.61211622 5.00000000
-25.14091285 -21.02957096 5.00000000
-24.91054857 -21.47355723 5.00000000
-24.74893861 -21.92512427 5.00000000
-24.65581953 -22.36464320 5.00000000
-24.62555510 -22.77331323 5.00000000
-24.64756974 -23.13460431 5.00000000
-24.70716128 -23.43552537 5.00000000
-24.78663052 -23.66762095 5.00000000
-24.86664088 -23.82761951 5.00000000
-24.92770382 -23.91768381 5.00000000
-24.95167594 -23.94524398 5.00000000
-25.01735448 -24.10777443 5.00000000
-24.93848146 -24.55752721 5.00000000
-24.53935901 -24.95635910 5.00000000
-24.08954891 -25.03490456 5.00000000
-23.92706633 -24.96910767 5.00000000
-23.89952363 -24.94511549 5.00000000
-23.80950383 -24.88398697 5.00000000
-23.64956357 -24.80386012 5.00000000
-23.41752593 -24.72422188 5.00000000
-23.11664835 -24.66441120 5.00000000
-22.75537340 -24.64213345 5.00000000
-22.34668143 -24.67210026 5.00000000
-21.90709480 -24.76489923 5.00000000
-21.45541019 -24.92618029 5.00000000
-21.01125627 -25.15622116 5.00000000
-20.59358755 -25.44990532 5.00000000
-20.21922993 -25.79711407 5.00000000
-19.90158973 -26.18350275 5.00000000
-19.64962526 -26.59160137 5.00000000
-19.46715994 -27.00215521 5.00000000
-19.35258958 -27.39560250 5.00000000
-19.29900651 -27.75357560 5.00000000
-19.29473082 -28.06031059 5.00000000
-19.32420808 -28.30385691 5.00000000
-19.36920445 -28.47699421 5.00000000
-19.41020760 -28.57778609 5.00000000
-19.42792579 -28.60972808 5.00000000
-19.45837712 -28.78236218 5.00000000
-19.28771880 -29.20588816 5.00000000
-18.81439632 -29.51302240 5.00000000
-18.35808513 -29.49633067 5.00000000
-18.21283313 -29.39818958 5.00000000
-18.19088056 -29.36899524 5.00000000
-18.11553724 -29.29048635 5.00000000
-17.97575137 -29.17885701 5.00000000
-17.76534203 -29.05271572 5.00000000
-17.48347468 -28.93165608 5.00000000
-17.13472626 -28.83475187 5.00000000
-16.72873475 -28.77909200 5.00000000
-16.27946015 -28.77846788 5.00000000
-15.80411371 -28.84231405 5.00000000
-15.32183743 -28.97498319 5.00000000
-14.85223540 -29.17541144 5.00000000
-14.41386964 -29.43719952 5.00000000
-14.02283591 -29.74910357 5.00000000
-13.69152901 -30.09589789 5.00000000
-13.42769204 -30.45954348 5.00000000
-13.23382303 -30.82057248 5.00000000
-13.10698408 -31.15958246 5.00000000
-13.03902804 -31.45872559 5.00000000
-13.01722503 -31.70307850 5.00000000
-13.02524084 -31.88178761 5.00000000
-13.04439217 -31.98890198 5.00000000
-13.05508206 -32.02382978 5.00000000
-13.04897530 -32.19902260 5.00000000
-12.79399028 -32.57781166 5.00000000
-12.26715423 -32.77982500 5.00000000
-11.82428494 -32.66862560 5.00000000
-11.70261173 -32.54242953 5.00000000
-11.68720872 -32.50930896 5.00000000
-11.62983474 -32.41685093 5.00000000
-11.51631258 -32.27859784 5.00000000
-11.33672743 -32.11146647 5.00000000
-11.08618928 -31.93444876 5.00000000
-10.76520937 -31.76715327 5.00000000
-10.37966208 -31.62829931 5.00000000
-9.94033497 -31.53427940 5.00000000
-9.46210162 -31.49790029 5.00000000
-8.96278077 -31.52739942 5.00000000
-8.46176930 -31.62581207 5.00000000
-7.97855408 -31.79073809 5.00000000
-7.53121688 -32.01452580 5.00000000
-7.13504723 -32.28485926 5.00000000
-6.80136957 -32.58570353 5.00000000
-6.53667491 -32.89853554 5.00000000
-6.34212356 -33.20376604 5.00000000
-6.21345717 -33.48224332 5.00000000
-6.14132677 -33.71672343 5.00000000
-6.11201171 -33.89319390 5.00000000
-6.10847421 -34.00194935 5.00000000
-6.11166860 -34.03833645 5.00000000
-6.06927065 -34.20843122 5.00000000
-5.74110299 -34.52592847 5.00000000
-5.18377864 -34.61399195 5.00000000
-4.77370676 -34.41314482 5.00000000
-4.68093004 -34.26440916 5.00000000
-4.67274977 -34.22880989 5.00000000
-4.63585266 -34.12644356 5.00000000
-4.55355566 -33.96760905 5.00000000
-4.41264345 -33.76679206 5.00000000
-4.20438421 -33.54155280 5.00000000
-3.92520117 -33.31117763 5.00000000
-3.57694837 -33.09519818 5.00000000
-3.16676945 -32.91189159 5.00000000
-2.70655029 -32.77687715 5.00000000
-2.21200759 -32.70191700 5.00000000
-1.70148328 -32.69401296 5.00000000
-1.19453742 -32.75486885 5.00000000
-0.71044753 -32.88075964 5.00000000
-0.26672965 -33.06281736 5.00000000
0.12220539 -33.28771197 5.00000000
0.44615727 -33.53867474 5.00000000
0.69991820 -33.79678572 5.00000000
0.88367160 -34.04242636 5.00000000
1.00297693 -34.25678577 5.00000000
1.06834166 -34.42330499 5.00000000
1.09441339 -34.52894838 5.00000000
1.09885411 -34.56520448 5.00000000
1.17569025 -34.72276725 5.00000000
1.56269805 -34.96509652 5.00000000
2.12615296 -34.93536136 5.00000000
2.48550531 -34.65364449 5.00000000
2.54533076 -34.48886969 5.00000000
2.54593076 -34.45234758 5.00000000
2.56073842 -34.34454686 5.00000000
2.60821348 -34.17207275 5.00000000
2.70429423 -33.94634679 5.00000000
2.86117263 -33.68273002 5.00000000
3.08635716 -33.39934369 5.00000000
3.38209515 -33.11567808 5.00000000
3.74519909 -32.85109618 5.00000000
4.16729027 -32.62334719 5.00000000
4.63544094 -32.44720389 5.00000000
5.13316573 -32.33332860 5.00000000
5.64168626 -32.28745468 5.00000000
6.14137178 -32.30994650 5.00000000
6.61324529 -32.39577169 5.00000000
7.04043939 -32.53488767 5.00000000
7.40949024 -32.71301292 5.00000000
7.71137017 -32.91272369 5.00000000
7.94217968 -33.11479201 5.00000000
8.10344573 -33.29966218 5.00000000
8.20200337 -33.44895246 5.00000000
8.24946987 -33.54686668 5.00000000
8.26135162 -33.58140722 5.00000000
8.36926784 -33.71955173 5.00000000
8.79820168 -33.87612208 5.00000000
9.34316146 -33.72988784 5.00000000
9.63608888 -33.37961360 5.00000000
9.66034839 -33.20600112 5.00000000
9.65334190 -33.17015235 5.00000000
9.64541295 -33.06162865 5.00000000
9.65599119 -32.88305290 5.00000000
9.70304127 -32.64228328 5.00000000
9.80168250 -32.35181032 5.00000000
9.96302687 -32.02779816 5.00000000
10.19332487 -31.68884394 5.00000000
10.49348445 -31.35455024 5.00000000
10.85900025 -31.04402041 5.00000000
11.28029846 -30.77439228 5.00000000
11.74347076 -30.55952263 5.00000000
12.23134117 -30.40892380 5.00000000
12.72478368 -30.32703366 5.00000000
13.20418968 -30.31287534 5.00000000
13.65097240 -30.36013265 5.00000000
14.04899293 -30.45763545 5.00000000
14.38579826 -30.59021770 5.00000000
14.65357640 -30.73988235 5.00000000
14.84975506 -30.88718356 5.00000000
14.97719818 -31.01272021 5.00000000
15.04398493 -31.09862592 5.00000000
15.06278842 -31.12994132 5.00000000
15.19706827 -31.24262999 5.00000000
15.64918169 -31.30659855 5.00000000
16.15182898 -31.05025637 5.00000000
16.36552912 -30.64673342 5.00000000
16.35316244 -30.47187096 5.00000000
16.33885568 -30.43826230 5.00000000
16.30853665 -30.33375863 5.00000000
16.28175574 -30.15688584 5.00000000
16.27771885 -29.91159536 5.00000000
16.31381180 -29.60696126 5.00000000
16.40426450 -29.25648417 5.00000000
16.55905739 -28.87705526 5.00000000
16.78315420 -28.48765999 5.00000000
17.07611982 -28.10792098 5.00000000
17.43215280 -27.75659204 5.00000000
17.84052977 -27.45011888 5.00000000
18.28642778 -27.20137703 5.00000000
18.75206147 -27.01868392 5.00000000
19.21804762 -26.90516088 5.00000000
19.66489242 -26.85849416 5.00000000
20.07448721 -26.87111317 5.00000000
20.43149794 -26.93077241 5.00000000
20.72454151 -27.02149232 5.00000000
20.94705885 -27.12478681 5.00000000
21.09781756 -27.22108327 5.00000000
21.18100567 -27.29122599 5.00000000
21.20590908 -27.31794760 5.00000000
21.36068390 -27.40025541 5.00000000
21.81621736 -27.36882643 5.00000000
22.25458407 -27.01357970 5.00000000
22.37971721 -26.57444394 5.00000000
22.33126481 -26.40597381 5.00000000
22.31028306 -26.37607413 5.00000000
22.25889904 -26.28015779 5.00000000
22.19592944 -26.11271817 5.00000000
22.14098200 -25.87362719 5.00000000
22.11294925 -25.56814593 5.00000000
22.12855705 -25.20652142 5.00000000
22.20107964 -24.80320070 5.00000000
22.33931957 -24.37572230 5.00000000
22.54693101 -23.94337053 5.00000000
22.82213842 -23.52569555 5.00000000
23.15787202 -23.14101321 5.00000000
23.54230975 -22.80499956 5.00000000
23.95978419 -22.52948804 5.00000000
24.39198466 -22.32156179 5.00000000
24.81936227 -22.18301059 5.00000000
25.22263007 -22.11019430 5.00000000
25.58424311 -22.09432314 5.00000000
25.88974471 -22.12213341 5.00000000
26.12887564 -22.17690672 5.00000000
26.29636108 -22.23975436 5.00000000
26.39231481 -22.29106852 5.00000000
26.42222977 -22.31202849 5.00000000
26.59073513 -22.36035818 5.00000000
27.02977965 -22.23490527 5.00000000
27.38470704 -21.79627996 5.00000000
27.41580426 -21.34072373 5.00000000
27.33338376 -21.18600890 5.00000000
27.30664402 -21.16112495 5.00000000
27.23644073 -21.07798796 5.00000000
27.14003451 -20.92729941 5.00000000
27.03657800 -20.70485735 5.00000000
26.94564470 -20.41187993 5.00000000
26.88572548 -20.05491274 5.00000000
26.87280818 -19.64532725 5.00000000
26.91914947 -19.19844859 5.00000000
27.03233312 -18.73237988 5.00000000
27.21468708 -18.26661327 5.00000000
27.46310414 -17.82053423 5.00000000
27.76927982 -17.41193418 5.00000000
28.12034938 -17.05564543 5.00000000
28.49987493 -16.76240333 5.00000000
28.88910689 -16.53802301 5.00000000
29.26842297 -16.38295384 5.00000000
29.61883410 -16.29224592 5.00000000
29.92344183 -16.25593113 5.00000000
30.16873519 -16.25978938 5.00000000
30.34562743 -16.28644148 5.00000000
30.45015316 -16.31668439 5.00000000
30.48377222 -16.33096667 5.00000000
30.65864365 -16.34320600 5.00000000
31.06201086 -16.12921205 5.00000000
31.31798691 -15.62637821 5.00000000
31.25368912 -15.17431150 5.00000000
31.14090268 -15.04011375 5.00000000
31.10957360 -15.02133307 5.00000000
31.02361927 -14.95460890 5.00000000
30.89798984 -14.82725724 5.00000000
30.75054580 -14.63118590 5.00000000
30.60068618 -14.36351683 5.00000000
30.46785869 -14.02680814 5.00000000
30.37006605 -13.62885873 5.00000000
30.32248338 -13.18211054 5.00000000
30.33629256 -12.70269435 5.00000000
30.41782332 -12.20919234 5.00000000
30.56806682 -11.72121238 5.00000000
30.78259910 -11.25788372 5.00000000
31.05192035 -10.83638927 5.00000000
31.36218390 -10.47064742 5.00000000
31.69625892 -10.17024447 5.00000000
32.03504534 -9.93969968 5.00000000
32.35893991 -9.77811938 5.00000000
32.64934096 -9.67926664 5.00000000
32.89007625 -9.63204123 5.00000000
33.06864425 -9.62133295 5.00000000
33.17717369 -9.62918286 5.00000000
33.21302755 -9.63616324 5.00000000
33.38662232 -9.61177730 5.00000000
33.73668314 -9.31859487 5.00000000
33.88252047 -8.77352874 5.00000000
33.72563778 -8.34470904 5.00000000
33.58741472 -8.23689345 5.00000000
33.55286553 -8.22503686 5.00000000
33.45491678 -8.17764168 5.00000000
33.30555476 -8.07919278 5.00000000
33.12056720 -7.91806141 5.00000000
32.91833084 -7.68739912 5.00000000
32.71840027 -7.38566471 5.00000000
32.54000631 -7.01674368 5.00000000
32.40057926 -6.58965101 5.00000000
32.31441044 -6.11784013 5.00000000
32.29155473 -5.61817111 5.00000000
32.33705831 -5.10961731 5.00000000
32.45057109 -4.61180972 5.00000000
32.62637341 -4.14353090 5.00000000
32.85381495 -3.72127397 5.00000000
33.11813234 -3.35797744 5.00000000
33.40158250 -3.06203295 5.00000000
33.68480477 -2.83664210 5.00000000
33.94830722 -2.67957176 5.00000000
34.17396315 -2.58332665 5.00000000
34.34640263 -2.53572600 5.00000000
34.45419254 -2.52083983 5.00000000
34.49071421 -2.52021324 5.00000000
