6.58167269 2.12603345 -5.00000000
6.62026358 2.14387216 -5.00000000
6.72522380 2.21470745 -5.00000000
6.87461171 2.35968536 -5.00000000
7.04079440 2.59181071 -5.00000000
7.19333519 2.91455579 -5.00000000
7.30217374 3.32145975 -5.00000000
7.34076869 3.79676037 -5.00000000
7.28887618 4.31699265 -5.00000000
7.13467593 4.85338828 -5.00000000
6.87602374 5.37482676 -5.00000000
6.52070054 5.85103184 -5.00000000
6.08563197 6.25568130 -5.00000000
5.59515947 6.56910716 -5.00000000
5.07854250 6.78030587 -5.00000000
4.56695117 6.88804988 -5.00000000
4.09026162 6.90098515 -5.00000000
3.67398690 6.83670438 -5.00000000
3.33666204 6.71989248 -5.00000000
3.08795492 6.57973674 -5.00000000
2.92769891 6.44687082 -5.00000000
2.84594792 6.35016993 -5.00000000
2.82404788 6.31373006 -5.00000000
2.70201082 6.19736436 -5.00000000
2.27588779 6.08947546 -5.00000000
1.75956408 6.25821947 -5.00000000
1.47939983 6.59693592 -5.00000000
1.44963737 6.76291248 -5.00000000
1.45348404 6.80525252 -5.00000000
1.44461899 6.93156839 -5.00000000
1.39375839 7.13343106 -5.00000000
1.27582328 7.39341217 -5.00000000
1.07258824 7.68688890 -5.00000000
0.77461835 7.98459784 -5.00000000
0.38229341 8.25567235 -5.00000000
-0.09418721 8.47084827 -5.00000000
-0.63581958 8.60550474 -5.00000000
-1.21672464 8.64222461 -5.00000000
-1.80679194 8.57260824 -5.00000000
-2.37476294 8.39815254 -5.00000000
-2.89143394 8.13010382 -5.00000000
-3.33264587 7.78829976 -5.00000000
-3.68175060 7.39912068 -5.00000000
-3.93129764 6.99276305 -5.00000000
-4.08376623 6.60011818 -5.00000000
-4.15126658 6.24958033 -5.00000000
-4.15424170 5.96411578 -5.00000000
-4.11930445 5.75889704 -5.00000000
-4.07643452 5.63974816 -5.00000000
-4.05582668 5.60256223 -5.00000000
-4.01606956 5.43869219 -5.00000000
-4.13569655 5.01571438 -5.00000000
-4.53999500 4.65293693 -5.00000000
-4.97341418 4.57966580 -5.00000000
-5.13203532 4.63687902 -5.00000000
-5.16677954 4.66138036 -5.00000000
-5.28060482 4.71686094 -5.00000000
-5.48085332 4.77374570 -5.00000000
-5.76497111 4.80160146 -5.00000000
-6.12074695 4.77233312 -5.00000000
-6.52755539 4.66313809 -5.00000000
-6.95847527 4.45891198 -5.00000000
-7.38306340 4.15385561 -5.00000000
-7.77049551 3.75211646 -5.00000000
-8.09274838 3.26739786 -5.00000000
-8.32749248 2.72157640 -5.00000000
-8.46039491 2.14247124 -5.00000000
-8.48659342 1.56099666 -5.00000000
-8.41118838 1.00799389 -5.00000000
-8.24870177 0.51107079 -5.00000000
-8.02155926 0.09177790 -5.00000000
-7.75775312 -0.23658621 -5.00000000
-7.48792862 -0.47031215 -5.00000000
-7.24219663 -0.61562096 -5.00000000
-7.04700336 -0.68797378 -5.00000000
-6.92238243 -0.71042177 -5.00000000
-6.87987456 -0.71116782 -5.00000000
-6.71808038 -0.75867217 -5.00000000
-6.41158434 -1.07376109 -5.00000000
-6.29955908 -1.60528254 -5.00000000
-6.45281401 -2.01727013 -5.00000000
-6.58167269 -2.12603345 -5.00000000
-6.62026358 -2.14387216 -5.00000000
-6.72522380 -2.21470745 -5.00000000
-6.87461171 -2.35968536 -5.00000000
-7.04079440 -2.59181071 -5.00000000
-7.19333519 -2.91455579 -5.00000000
-7.30217374 -3.32145975 -5.00000000
-7.34076869 -3.79676037 -5.00000000
-7.28887618 -4.31699265 -5.00000000
-7.13467593 -4.85338828 -5.00000000
-6.87602374 -5.37482676 -5.00000000
-6.52070054 -5.85103184 -5.00000000
-6.08563197 -6.25568130 -5.00000000
-5.59515947 -6.56910716 -5.00000000
-5.07854250 -6.78030587 -5.00000000
-4.56695117 -6.88804988 -5.00000000
-4.09026162 -6.90098515 -5.00000000
-3.67398690 -6.83670438 -5.00000000
-3.33666204 -6.71989248 -5.00000000
-3.08795492 -6.57973674 -5.00000000
-2.92769891 -6.44687082 -5.00000000
-2.84594792 -6.35016993 -5.00000000
-2.82404788 -6.31373006 -5.00000000
-2.70201082 -6.19736436 -5.00000000
-2.27588779 -6.08947546 -5.00000000
-1.75956408 -6.25821947 -5.00000000
-1.47939983 -6.59693592 -5.00000000
-1.44963737 -6.76291248 -5.00000000
-1.45348404 -6.80525252 -5.00000000
-1.44461899 -6.93156839 -5.00000000
-1.39375839 -7.13343106 -5.00000000
-1.27582328 -7.39341217 -5.00000000
-1.07258824 -7.68688890 -5.00000000
-0.77461835 -7.98459784 -5.00000000
-0.38229341 -8.25567235 -5.00000000
0.09418721 -8.47084827 -5.00000000
0.63581958 -8.60550474 -5.00000000
1.21672464 -8.64222461 -5.00000000
1.80679194 -8.57260824 -5.00000000
2.37476294 -8.39815254 -5.00000000
2.89143394 -8.13010382 -5.00000000
3.33264587 -7.78829976 -5.00000000
3.68175060 -7.39912068 -5.00000000
3.93129764 -6.99276305 -5.00000000
4.08376623 -6.60011818 -5.00000000
4.15126658 -6.24958033 -5.00000000
4.15424170 -5.96411578 -5.00000000
4.11930445 -5.75889704 -5.00000000
4.07643452 -5.63974816 -5.00000000
4.05582668 -5.60256223 -5.00000000
4.01606956 -5.43869219 -5.00000000
4.13569655 -5.01571438 -5.00000000
4.53999500 -4.65293693 -5.00000000
4.97341418 -4.57966580 -5.00000000
5.13203532 -4.63687902 -5.00000000
5.16677954 -4.66138036 -5.00000000
5.28060482 -4.71686094 -5.00000000
5.48085332 -4.77374570 -5.00000000
5.76497111 -4.80160146 -5.00000000
6.12074695 -4.77233312 -5.00000000
6.52755539 -4.66313809 -5.00000000
6.95847527 -4.45891198 -5.00000000
7.38306340 -4.15385561 -5.00000000
7.77049551 -3.75211646 -5.00000000
8.09274838 -3.26739786 -5.00000000
8.32749248 -2.72157640 -5.00000000
8.46039491 -2.14247124 -5.00000000
8.48659342 -1.56099666 -5.00000000
8.41118838 -1.00799389 -5.00000000
8.24870177 -0.51107079 -5.00000000
8.02155926 -0.09177790 -5.00000000
7.75775312 0.23658621 -5.00000000
7.48792862 0.47031215 -5.00000000
7.24219663 0.61562096 -5.00000000
7.04700336 0.68797378 -5.00000000
6.92238243 0.71042177 -5.00000000
6.87987456 0.71116782 -5.00000000
6.71808038 0.75867217 -5.00000000
6.41158434 1.07376109 -5.00000000
6.29955908 1.60528254 -5.00000000
6.45281401 2.01727013 -5.00000000
6.58167269 2.12603345 -5.00000000
