34.35902261 -2.47736807 5.00000000
34.53047211 -2.43354947 5.00000000
34.84525705 -2.09695959 5.00000000
34.91778103 -1.53213366 5.00000000
34.69824200 -1.12693627 5.00000000
34.54342425 -1.04122476 5.00000000
34.50883078 -1.03571934 5.00000000
34.40819560 -1.00811076 5.00000000
34.24943482 -0.94309395 5.00000000
34.04424152 -0.82799389 5.00000000
33.80725969 -0.65366716 5.00000000
33.55504977 -0.41515401 5.00000000
33.30491900 -0.11203502 5.00000000
33.07369911 0.25153310 5.00000000
32.87655775 0.66710480 5.00000000
32.72592752 1.12253601 5.00000000
32.63062838 1.60283570 5.00000000
32.59524532 2.09121849 5.00000000
32.61980525 2.57028410 5.00000000
32.69977600 3.02324021 5.00000000
32.82638750 3.43508234 5.00000000
32.98725234 3.79364758 5.00000000
33.16724199 4.09046754 5.00000000
33.34955680 4.32136039 5.00000000
33.51691406 4.48672019 5.00000000
33.65277036 4.59148295 5.00000000
33.74249187 4.64477201 5.00000000
33.77438976 4.65924759 5.00000000
33.90096007 4.78292036 5.00000000
34.00527690 5.23180822 5.00000000
33.78567154 5.75722381 5.00000000
33.39294647 5.99836553 5.00000000
33.21601460 5.99518499 5.00000000
33.18330307 5.98265609 5.00000000
33.08234616 5.95624824 5.00000000
32.91234689 5.93317406 5.00000000
32.67709425 5.93025698 5.00000000
32.38469859 5.96273745 5.00000000
32.04702182 6.04319093 5.00000000
31.67884272 6.18063430 5.00000000
31.29681637 6.37988358 5.00000000
30.91830109 6.64120855 5.00000000
30.56013588 6.96030843 5.00000000
30.23745456 7.32861059 5.00000000
29.96262054 7.73387096 5.00000000
29.74435725 8.16103392 5.00000000
29.58713590 8.59329079 5.00000000
29.49086361 9.01326229 5.00000000
29.45089402 9.40422131 5.00000000
29.45835966 9.75126977 5.00000000
29.50080249 10.04238625 5.00000000
29.56305822 10.26927066 5.00000000
29.62833186 10.42792602 5.00000000
29.67938843 10.51893646 5.00000000
29.69977502 10.54742162 5.00000000
29.74755175 10.71781054 5.00000000
29.61344883 11.15871724 5.00000000
29.16055722 11.50393781 5.00000000
28.69987648 11.51641013 5.00000000
28.54823925 11.42518978 5.00000000
28.52617469 11.39798366 5.00000000
28.45194736 11.32463533 5.00000000
28.31626076 11.21965287 5.00000000
28.11398454 11.09950029 5.00000000
27.84452224 10.98143137 5.00000000
27.51185884 10.88226775 5.00000000
27.12428470 10.81720764 5.00000000
26.69381553 10.79874940 5.00000000
26.23534920 10.83580582 5.00000000
25.76561909 10.93307182 5.00000000
25.30201779 11.09069020 5.00000000
24.86137436 11.30423896 5.00000000
24.45877133 11.56504129 5.00000000
24.10648521 11.86077604 5.00000000
23.81312521 12.17634588 5.00000000
23.58303102 12.49494154 5.00000000
23.41597222 12.79922713 5.00000000
23.30717055 13.07256282 5.00000000
23.24764340 13.30017835 5.00000000
23.22484434 13.47021474 5.00000000
23.22355541 13.57456038 5.00000000
23.22696814 13.60942255 5.00000000
23.18314953 13.78087204 5.00000000
22.84655965 14.09565699 5.00000000
22.28173373 14.16818097 5.00000000
21.87653634 13.94864194 5.00000000
21.79082483 13.79382418 5.00000000
21.78531941 13.75923072 5.00000000
21.75771083 13.65859554 5.00000000
21.69269402 13.49983475 5.00000000
21.57759396 13.29464146 5.00000000
21.40326722 13.05765963 5.00000000
21.16475408 12.80544971 5.00000000
20.86163508 12.55531894 5.00000000
20.49806696 12.32409905 5.00000000
20.08249526 12.12695768 5.00000000
19.62706405 11.97632745 5.00000000
19.14676437 11.88102832 5.00000000
18.65838158 11.84564526 5.00000000
18.17931596 11.87020518 5.00000000
17.72635986 11.95017593 5.00000000
17.31451772 12.07678743 5.00000000
16.95595248 12.23765227 5.00000000
16.65913252 12.41764193 5.00000000
16.42823967 12.59995674 5.00000000
16.26287988 12.76731399 5.00000000
16.15811711 12.90317030 5.00000000
16.10482806 12.99289180 5.00000000
16.09035248 13.02478969 5.00000000
15.96667970 13.15136001 5.00000000
15.51779184 13.25567683 5.00000000
14.99237625 13.03607147 5.00000000
14.75123454 12.64334640 5.00000000
14.75441507 12.46641454 5.00000000
14.76694397 12.43370301 5.00000000
14.79335183 12.33274610 5.00000000
14.81642601 12.16274682 5.00000000
14.81934308 11.92749418 5.00000000
14.78686261 11.63509853 5.00000000
14.70640913 11.29742176 5.00000000
14.56896577 10.92924266 5.00000000
14.36971648 10.54721630 5.00000000
14.10839152 10.16870102 5.00000000
13.78929163 9.81053581 5.00000000
13.42098947 9.48785450 5.00000000
13.01572910 9.21302048 5.00000000
12.58856615 8.99475718 5.00000000
12.15630928 8.83753583 5.00000000
11.73633778 8.74126354 5.00000000
11.34537875 8.70129396 5.00000000
10.99833030 8.70875959 5.00000000
10.70721382 8.75120242 5.00000000
10.48032941 8.81345816 5.00000000
10.32167404 8.87873179 5.00000000
10.23066361 8.92978837 5.00000000
10.20217844 8.95017496 5.00000000
10.03178952 8.99795168 5.00000000
9.59088282 8.86384877 5.00000000
9.24566225 8.41095716 5.00000000
9.23318993 7.95027641 5.00000000
9.32441029 7.79863919 5.00000000
9.35161640 7.77657462 5.00000000
9.42496473 7.70234730 5.00000000
9.52994720 7.56666070 5.00000000
9.65009977 7.36438447 5.00000000
9.76816869 7.09492218 5.00000000
9.86733232 6.76225877 5.00000000
9.93239242 6.37468464 5.00000000
9.95085066 5.94421547 5.00000000
9.91379424 5.48574914 5.00000000
9.81652824 5.01601902 5.00000000
9.65890987 4.55241773 5.00000000
9.44536110 4.11177430 5.00000000
9.18455878 3.70917126 5.00000000
8.88882402 3.35688515 5.00000000
8.57325418 3.06352515 5.00000000
8.25465852 2.83343096 5.00000000
7.95037293 2.66637216 5.00000000
7.67703725 2.55757049 5.00000000
7.44942172 2.49804333 5.00000000
7.27938532 2.47524427 5.00000000
7.17503969 2.47395535 5.00000000
7.14017752 2.47736807 5.00000000
6.96872802 2.43354947 5.00000000
6.65394307 2.09695959 5.00000000
6.58141910 1.53213366 5.00000000
6.80095813 1.12693627 5.00000000
6.95577588 1.04122476 5.00000000
6.99036935 1.03571934 5.00000000
7.09100453 1.00811076 5.00000000
7.24976531 0.94309395 5.00000000
7.45495861 0.82799389 5.00000000
7.69194044 0.65366716 5.00000000
7.94415036 0.41515401 5.00000000
8.19428113 0.11203502 5.00000000
8.42550102 -0.25153310 5.00000000
8.62264238 -0.66710480 5.00000000
8.77327261 -1.12253601 5.00000000
8.86857174 -1.60283570 5.00000000
8.90395481 -2.09121849 5.00000000
8.87939488 -2.57028410 5.00000000
8.79942413 -3.02324021 5.00000000
8.67281263 -3.43508234 5.00000000
8.51194779 -3.79364758 5.00000000
8.33195814 -4.09046754 5.00000000
8.14964333 -4.32136039 5.00000000
7.98228607 -4.48672019 5.00000000
7.84642977 -4.59148295 5.00000000
7.75670826 -4.64477201 5.00000000
7.72481037 -4.65924759 5.00000000
7.59824005 -4.78292036 5.00000000
7.49392323 -5.23180822 5.00000000
7.71352859 -5.75722381 5.00000000
8.10625366 -5.99836553 5.00000000
8.28318552 -5.99518499 5.00000000
8.31589706 -5.98265609 5.00000000
8.41685397 -5.95624824 5.00000000
8.58685324 -5.93317406 5.00000000
8.82210588 -5.93025698 5.00000000
9.11450153 -5.96273745 5.00000000
9.45217830 -6.04319093 5.00000000
9.82035741 -6.18063430 5.00000000
10.20238376 -6.37988358 5.00000000
10.58089904 -6.64120855 5.00000000
10.93906425 -6.96030843 5.00000000
11.26174556 -7.32861059 5.00000000
11.53657959 -7.73387096 5.00000000
11.75484288 -8.16103392 5.00000000
11.91206423 -8.59329079 5.00000000
12.00833652 -9.01326229 5.00000000
12.04830611 -9.40422131 5.00000000
12.04084047 -9.75126977 5.00000000
11.99839764 -10.04238625 5.00000000
11.93614190 -10.26927066 5.00000000
11.87086827 -10.42792602 5.00000000
11.81981170 -10.51893646 5.00000000
11.79942511 -10.54742162 5.00000000
11.75164838 -10.71781054 5.00000000
11.88575129 -11.15871724 5.00000000
12.33864291 -11.50393781 5.00000000
12.79932365 -11.51641013 5.00000000
12.95096088 -11.42518978 5.00000000
12.97302544 -11.39798366 5.00000000
13.04725276 -11.32463533 5.00000000
13.18293937 -11.21965287 5.00000000
13.38521559 -11.09950029 5.00000000
13.65467789 -10.98143137 5.00000000
13.98734129 -10.88226775 5.00000000
14.37491543 -10.81720764 5.00000000
14.80538460 -10.79874940 5.00000000
15.26385093 -10.83580582 5.00000000
15.73358104 -10.93307182 5.00000000
16.19718234 -11.09069020 5.00000000
16.63782577 -11.30423896 5.00000000
17.04042880 -11.56504129 5.00000000
17.39271492 -11.86077604 5.00000000
17.68607492 -12.17634588 5.00000000
17.91616911 -12.49494154 5.00000000
18.08322790 -12.79922713 5.00000000
18.19202958 -13.07256282 5.00000000
18.25155673 -13.30017835 5.00000000
18.27435579 -13.47021474 5.00000000
18.27564472 -13.57456038 5.00000000
18.27223199 -13.60942255 5.00000000
18.31605060 -13.78087204 5.00000000
18.65264047 -14.09565699 5.00000000
19.21746640 -14.16818097 5.00000000
19.62266379 -13.94864194 5.00000000
19.70837530 -13.79382418 5.00000000
19.71388072 -13.75923072 5.00000000
19.74148930 -13.65859554 5.00000000
19.80650611 -13.49983475 5.00000000
19.92160617 -13.29464146 5.00000000
20.09593291 -13.05765963 5.00000000
20.33444605 -12.80544971 5.00000000
20.63756505 -12.55531894 5.00000000
21.00113317 -12.32409905 5.00000000
21.41670487 -12.12695768 5.00000000
21.87213608 -11.97632745 5.00000000
22.35243576 -11.88102832 5.00000000
22.84081855 -11.84564526 5.00000000
23.31988417 -11.87020518 5.00000000
23.77284027 -11.95017593 5.00000000
24.18468240 -12.07678743 5.00000000
24.54324765 -12.23765227 5.00000000
24.84006760 -12.41764193 5.00000000
25.07096046 -12.59995674 5.00000000
25.23632025 -12.76731399 5.00000000
25.34108301 -12.90317030 5.00000000
25.39437207 -12.99289180 5.00000000
25.40884765 -13.02478969 5.00000000
25.53252043 -13.15136001 5.00000000
25.98140828 -13.25567683 5.00000000
26.50682388 -13.03607147 5.00000000
26.74796559 -12.64334640 5.00000000
26.74478506 -12.46641454 5.00000000
26.73225616 -12.43370301 5.00000000
26.70584830 -12.33274610 5.00000000
26.68277412 -12.16274682 5.00000000
26.67985705 -11.92749418 5.00000000
26.71233752 -11.63509853 5.00000000
26.79279100 -11.29742176 5.00000000
26.93023436 -10.92924266 5.00000000
27.12948364 -10.54721630 5.00000000
27.39080861 -10.16870102 5.00000000
27.70990850 -9.81053581 5.00000000
28.07821066 -9.48785450 5.00000000
28.48347103 -9.21302048 5.00000000
28.91063398 -8.99475718 5.00000000
29.34289085 -8.83753583 5.00000000
29.76286235 -8.74126354 5.00000000
30.15382138 -8.70129396 5.00000000
30.50086983 -8.70875959 5.00000000
30.79198631 -8.75120242 5.00000000
31.01887072 -8.81345816 5.00000000
31.17752609 -8.87873179 5.00000000
31.26853652 -8.92978837 5.00000000
31.29702168 -8.95017496 5.00000000
31.46741061 -8.99795168 5.00000000
31.90831731 -8.86384877 5.00000000
32.25353788 -8.41095716 5.00000000
32.26601020 -7.95027641 5.00000000
32.17478984 -7.79863919 5.00000000
32.14758373 -7.77657462 5.00000000
32.07423540 -7.70234730 5.00000000
31.96925293 -7.56666070 5.00000000
31.84910035 -7.36438447 5.00000000
31.73103144 -7.09492218 5.00000000
31.63186781 -6.76225877 5.00000000
31.56680771 -6.37468464 5.00000000
31.54834947 -5.94421547 5.00000000
31.58540589 -5.48574914 5.00000000
31.68267189 -5.01601902 5.00000000
31.84029026 -4.55241773 5.00000000
32.05383903 -4.11177430 5.00000000
32.31464135 -3.70917126 5.00000000
32.61037611 -3.35688515 5.00000000
32.92594595 -3.06352515 5.00000000
33.24454160 -2.83343096 5.00000000
33.54882720 -2.66637216 5.00000000
33.82216288 -2.55757049 5.00000000
34.04977841 -2.49804333 5.00000000
34.21981481 -2.47524427 5.00000000
34.32416044 -2.47395535 5.00000000
34.35902261 -2.47736807 5.00000000
