6.87864386 0.72297460 0.00000000
6.92008408 0.73247113 0.00000000
7.03739653 0.78013746 0.00000000
7.21347221 0.89119012 0.00000000
7.42395429 1.08405318 0.00000000
7.63977646 1.36840132 0.00000000
7.83019218 1.74411200 0.00000000
7.96597993 2.20123555 0.00000000
8.02249182 2.72098633 0.00000000
7.98222868 3.27765217 0.00000000
7.83667435 3.84122380 0.00000000
7.58719855 4.38047112 0.00000000
7.24493456 4.86614717 0.00000000
6.82964439 5.27398673 0.00000000
6.36768919 5.58718856 0.00000000
5.88931587 5.79812321 0.00000000
5.42554139 5.90908934 0.00000000
5.00495854 5.93203983 0.00000000
4.65079473 5.88730642 0.00000000
4.37852939 5.80145512 0.00000000
4.19431712 5.70449544 0.00000000
4.09438065 5.62673305 0.00000000
4.06543630 5.59559303 0.00000000
3.92202427 5.50689686 0.00000000
3.48281141 5.48920772 0.00000000
3.01238763 5.76080701 0.00000000
2.80810044 6.15002108 0.00000000
2.81320756 6.31856763 0.00000000
2.82570343 6.35920418 0.00000000
2.84307941 6.48463290 0.00000000
2.83494282 6.69264524 0.00000000
2.77315955 6.97135960 0.00000000
2.63481792 7.30044115 0.00000000
2.40465079 7.65320134 0.00000000
2.07666406 7.99935876 0.00000000
1.65480263 8.30817488 0.00000000
1.15258429 8.55163890 0.00000000
0.59173978 8.70737096 0.00000000
0.00000000 8.76094225 0.00000000
-0.59173978 8.70737096 0.00000000
-1.15258429 8.55163890 0.00000000
-1.65480263 8.30817488 0.00000000
-2.07666406 7.99935876 0.00000000
-2.40465079 7.65320134 0.00000000
-2.63481792 7.30044115 0.00000000
-2.77315955 6.97135960 0.00000000
-2.83494282 6.69264524 0.00000000
-2.84307941 6.48463290 0.00000000
-2.82570343 6.35920418 0.00000000
-2.81320756 6.31856763 0.00000000
-2.80810044 6.15002108 0.00000000
-3.01238763 5.76080701 0.00000000
-3.48281141 5.48920772 0.00000000
-3.92202427 5.50689686 0.00000000
-4.06543630 5.59559303 0.00000000
-4.09438065 5.62673305 0.00000000
-4.19431712 5.70449544 0.00000000
-4.37852939 5.80145512 0.00000000
-4.65079473 5.88730642 0.00000000
-5.00495854 5.93203983 0.00000000
-5.42554139 5.90908934 0.00000000
-5.88931587 5.79812321 0.00000000
-6.36768919 5.58718856 0.00000000
-6.82964439 5.27398673 0.00000000
-7.24493456 4.86614717 0.00000000
-7.58719855 4.38047112 0.00000000
-7.83667435 3.84122380 0.00000000
-7.98222868 3.27765217 0.00000000
-8.02249182 2.72098633 0.00000000
-7.96597993 2.20123555 0.00000000
-7.83019218 1.74411200 0.00000000
-7.63977646 1.36840132 0.00000000
-7.42395429 1.08405318 0.00000000
-7.21347221 0.89119012 0.00000000
-7.03739653 0.78013746 0.00000000
-6.92008408 0.73247113 0.00000000
-6.87864386 0.72297460 0.00000000
-6.73012471 0.64312422 0.00000000
-6.49519903 0.27159930 0.00000000
-6.49519903 -0.27159930 0.00000000
-6.73012471 -0.64312422 0.00000000
-6.87864386 -0.72297460 0.00000000
-6.92008408 -0.73247113 0.00000000
-7.03739653 -0.78013746 0.00000000
-7.21347221 -0.89119012 0.00000000
-7.42395429 -1.08405318 0.00000000
-7.63977646 -1.36840132 0.00000000
-7.83019218 -1.74411200 0.00000000
-7.96597993 -2.20123555 0.00000000
-8.02249182 -2.72098633 0.00000000
-7.98222868 -3.27765217 0.00000000
-7.83667435 -3.84122380 0.00000000
-7.58719855 -4.38047112 0.00000000
-7.24493456 -4.86614717 0.00000000
-6.82964439 -5.27398673 0.00000000
-6.36768919 -5.58718856 0.00000000
-5.88931587 -5.79812321 0.00000000
-5.42554139 -5.90908934 0.00000000
-5.00495854 -5.93203983 0.00000000
-4.65079473 -5.88730642 0.00000000
-4.37852939 -5.80145512 0.00000000
-4.19431712 -5.70449544 0.00000000
-4.09438065 -5.62673305 0.00000000
-4.06543630 -5.59559303 0.00000000
-3.92202427 -5.50689686 0.00000000
-3.48281141 -5.48920772 0.00000000
-3.01238763 -5.76080701 0.00000000
-2.80810044 -6.15002108 0.00000000
-2.81320756 -6.31856763 0.00000000
-2.82570343 -6.35920418 0.00000000
-2.84307941 -6.48463290 0.00000000
-2.83494282 -6.69264524 0.00000000
-2.77315955 -6.97135960 0.00000000
-2.63481792 -7.30044115 0.00000000
-2.40465079 -7.65320134 0.00000000
-2.07666406 -7.99935876 0.00000000
-1.65480263 -8.30817488 0.00000000
-1.15258429 -8.55163890 0.00000000
-0.59173978 -8.70737096 0.00000000
-0.00000000 -8.76094225 0.00000000
0.59173978 -8.70737096 0.00000000
1.15258429 -8.55163890 0.00000000
1.65480263 -8.30817488 0.00000000
2.07666406 -7.99935876 0.00000000
2.40465079 -7.65320134 0.00000000
2.63481792 -7.30044115 0.00000000
2.77315955 -6.97135960 0.00000000
2.83494282 -6.69264524 0.00000000
2.84307941 -6.48463290 0.00000000
2.82570343 -6.35920418 0.00000000
2.81320756 -6.31856763 0.00000000
2.80810044 -6.15002108 0.00000000
3.01238763 -5.76080701 0.00000000
3.48281141 -5.48920772 0.00000000
3.92202427 -5.50689686 0.00000000
4.06543630 -5.59559303 0.00000000
4.09438065 -5.62673305 0.00000000
4.19431712 -5.70449544 0.00000000
4.37852939 -5.80145512 0.00000000
4.65079473 -5.88730642 0.00000000
5.00495854 -5.93203983 0.00000000
5.42554139 -5.90908934 0.00000000
5.88931587 -5.79812321 0.00000000
6.36768919 -5.58718856 0.00000000
6.82964439 -5.27398673 0.00000000
7.24493456 -4.86614717 0.00000000
7.58719855 -4.38047112 0.00000000
7.83667435 -3.84122380 0.00000000
7.98222868 -3.27765217 0.00000000
8.02249182 -2.72098633 0.00000000
7.96597993 -2.20123555 0.00000000
7.83019218 -1.74411200 0.00000000
7.63977646 -1.36840132 0.00000000
7.42395429 -1.08405318 0.00000000
7.21347221 -0.89119012 0.00000000
7.03739653 -0.78013746 0.00000000
6.92008408 -0.73247113 0.00000000
6.87864386 -0.72297460 0.00000000
6.73012471 -0.64312422 0.00000000
6.49519903 -0.27159930 0.00000000
6.49519903 0.27159930 0.00000000
6.73012471 0.64312422 0.00000000
6.87864386 0.72297460 0.00000000
