1.46591096 -19.30238008 -5.00000000
1.63736046 -19.25856148 -5.00000000
1.95214540 -18.92197160 -5.00000000
2.02466938 -18.35714567 -5.00000000
1.80513035 -17.95194828 -5.00000000
1.65031260 -17.86623678 -5.00000000
1.61571913 -17.86073135 -5.00000000
1.51508395 -17.83312277 -5.00000000
1.35632317 -17.76810596 -5.00000000
1.15112987 -17.65300590 -5.00000000
0.91414804 -17.47867917 -5.00000000
0.66193812 -17.24016602 -5.00000000
0.41180735 -16.93704703 -5.00000000
0.18058746 -16.57347891 -5.00000000
-0.01655391 -16.15790721 -5.00000000
-0.16718414 -15.70247600 -5.00000000
-0.26248327 -15.22217631 -5.00000000
-0.29786633 -14.73379353 -5.00000000
-0.27330641 -14.25472791 -5.00000000
-0.19333565 -13.80177180 -5.00000000
-0.06672415 -13.38992967 -5.00000000
0.09414068 -13.03136443 -5.00000000
0.27413034 -12.73454447 -5.00000000
0.45644515 -12.50365162 -5.00000000
0.62380240 -12.33829182 -5.00000000
0.75965871 -12.23352906 -5.00000000
0.84938022 -12.18024000 -5.00000000
0.88127810 -12.16576442 -5.00000000
1.00784842 -12.04209165 -5.00000000
1.11216524 -11.59320379 -5.00000000
0.89255989 -11.06778820 -5.00000000
0.49983482 -10.82664648 -5.00000000
0.32290295 -10.82982702 -5.00000000
0.29019142 -10.84235592 -5.00000000
0.18923451 -10.86876377 -5.00000000
0.01923523 -10.89183796 -5.00000000
-0.21601740 -10.89475503 -5.00000000
-0.50841306 -10.86227456 -5.00000000
-0.84608983 -10.78182108 -5.00000000
-1.21426893 -10.64437771 -5.00000000
-1.59629529 -10.44512843 -5.00000000
-1.97481057 -10.18380346 -5.00000000
-2.33297578 -9.86470358 -5.00000000
-2.65565709 -9.49640142 -5.00000000
-2.93049111 -9.09114105 -5.00000000
-3.14875440 -8.66397809 -5.00000000
-3.30597575 -8.23172122 -5.00000000
-3.40224804 -7.81174972 -5.00000000
-3.44221763 -7.42079070 -5.00000000
-3.43475199 -7.07374224 -5.00000000
-3.39230916 -6.78262576 -5.00000000
-3.33005343 -6.55574135 -5.00000000
-3.26477980 -6.39708599 -5.00000000
-3.21372322 -6.30607555 -5.00000000
-3.19333663 -6.27759039 -5.00000000
-3.14555991 -6.10720147 -5.00000000
-3.27966282 -5.66629477 -5.00000000
-3.73255443 -5.32107420 -5.00000000
-4.19323518 -5.30860188 -5.00000000
-4.34487240 -5.39982224 -5.00000000
-4.36693697 -5.42702835 -5.00000000
-4.44116429 -5.50037668 -5.00000000
-4.57685089 -5.60535914 -5.00000000
-4.77912711 -5.72551172 -5.00000000
-5.04858941 -5.84358064 -5.00000000
-5.38125281 -5.94274426 -5.00000000
-5.76882695 -6.00780437 -5.00000000
-6.19929612 -6.02626261 -5.00000000
-6.65776245 -5.98920619 -5.00000000
-7.12749257 -5.89194019 -5.00000000
-7.59109386 -5.73432181 -5.00000000
-8.03173729 -5.52077305 -5.00000000
-8.43434032 -5.25997072 -5.00000000
-8.78662644 -4.96423597 -5.00000000
-9.07998644 -4.64866613 -5.00000000
-9.31008063 -4.33007047 -5.00000000
-9.47713943 -4.02578488 -5.00000000
-9.58594110 -3.75244919 -5.00000000
-9.64546825 -3.52483366 -5.00000000
-9.66826732 -3.35479727 -5.00000000
-9.66955624 -3.25045164 -5.00000000
-9.66614352 -3.21558946 -5.00000000
-9.70996212 -3.04413997 -5.00000000
-10.04655200 -2.72935502 -5.00000000
-10.61137793 -2.65683104 -5.00000000
-11.01657531 -2.87637007 -5.00000000
-11.10228682 -3.03118783 -5.00000000
-11.10779224 -3.06578129 -5.00000000
-11.13540082 -3.16641647 -5.00000000
-11.20041763 -3.32517726 -5.00000000
-11.31551769 -3.53037055 -5.00000000
-11.48984443 -3.76735238 -5.00000000
-11.72835758 -4.01956230 -5.00000000
-12.03147657 -4.26969308 -5.00000000
-12.39504469 -4.50091296 -5.00000000
-12.81061639 -4.69805433 -5.00000000
-13.26604760 -4.84868456 -5.00000000
-13.74634728 -4.94398369 -5.00000000
-14.23473007 -4.97936675 -5.00000000
-14.71379569 -4.95480683 -5.00000000
-15.16675179 -4.87483608 -5.00000000
-15.57859393 -4.74822458 -5.00000000
-15.93715917 -4.58735974 -5.00000000
-16.23397913 -4.40737008 -5.00000000
-16.46487198 -4.22505528 -5.00000000
-16.63023178 -4.05769802 -5.00000000
-16.73499454 -3.92184171 -5.00000000
-16.78828360 -3.83212021 -5.00000000
-16.80275918 -3.80022232 -5.00000000
-16.92643195 -3.67365200 -5.00000000
-17.37531981 -3.56933518 -5.00000000
-17.90073540 -3.78894054 -5.00000000
-18.14187712 -4.18166561 -5.00000000
-18.13869658 -4.35859747 -5.00000000
-18.12616768 -4.39130900 -5.00000000
-18.09975983 -4.49226591 -5.00000000
-18.07668564 -4.66226519 -5.00000000
-18.07376857 -4.89751783 -5.00000000
-18.10624904 -5.18991348 -5.00000000
-18.18670252 -5.52759025 -5.00000000
-18.32414588 -5.89576935 -5.00000000
-18.52339517 -6.27779571 -5.00000000
-18.78472013 -6.65631099 -5.00000000
-19.10382002 -7.01447620 -5.00000000
-19.47212218 -7.33715751 -5.00000000
-19.87738255 -7.61199154 -5.00000000
-20.30454551 -7.83025483 -5.00000000
-20.73680238 -7.98747618 -5.00000000
-21.15677388 -8.08374847 -5.00000000
-21.54773290 -8.12371805 -5.00000000
-21.89478135 -8.11625242 -5.00000000
-22.18589783 -8.07380959 -5.00000000
-22.41278225 -8.01155385 -5.00000000
-22.57143761 -7.94628022 -5.00000000
-22.66244804 -7.89522364 -5.00000000
-22.69093321 -7.87483705 -5.00000000
-22.86132213 -7.82706033 -5.00000000
-23.30222883 -7.96116324 -5.00000000
-23.64744940 -8.41405485 -5.00000000
-23.65992172 -8.87473560 -5.00000000
-23.56870136 -9.02637282 -5.00000000
-23.54149525 -9.04843739 -5.00000000
-23.46814692 -9.12266471 -5.00000000
-23.36316445 -9.25835131 -5.00000000
-23.24301188 -9.46062754 -5.00000000
-23.12494296 -9.73008983 -5.00000000
-23.02577934 -10.06275324 -5.00000000
-22.96071923 -10.45032737 -5.00000000
-22.94226099 -10.88079654 -5.00000000
-22.97931741 -11.33926288 -5.00000000
-23.07658341 -11.80899299 -5.00000000
-23.23420178 -12.27259428 -5.00000000
-23.44775055 -12.71323771 -5.00000000
-23.70855287 -13.11584075 -5.00000000
-24.00428763 -13.46812687 -5.00000000
-24.31985747 -13.76148686 -5.00000000
-24.63845313 -13.99158105 -5.00000000
-24.94273872 -14.15863985 -5.00000000
-25.21607440 -14.26744152 -5.00000000
-25.44368994 -14.32696868 -5.00000000
-25.61372633 -14.34976774 -5.00000000
-25.71807196 -14.35105666 -5.00000000
-25.75293413 -14.34764394 -5.00000000
-25.92438363 -14.39146254 -5.00000000
-26.23916858 -14.72805242 -5.00000000
-26.31169256 -15.29287835 -5.00000000
-26.09215353 -15.69807574 -5.00000000
-25.93733577 -15.78378725 -5.00000000
-25.90274230 -15.78929267 -5.00000000
-25.80210713 -15.81690125 -5.00000000
-25.64334634 -15.88191806 -5.00000000
-25.43815305 -15.99701812 -5.00000000
-25.20117122 -16.17134486 -5.00000000
-24.94896130 -16.40985800 -5.00000000
-24.69883052 -16.71297699 -5.00000000
-24.46761063 -17.07654511 -5.00000000
-24.27046927 -17.49211681 -5.00000000
-24.11983904 -17.94754802 -5.00000000
-24.02453991 -18.42784771 -5.00000000
-23.98915685 -18.91623050 -5.00000000
-24.01371677 -19.39529611 -5.00000000
-24.09368752 -19.84825222 -5.00000000
-24.22029902 -20.26009435 -5.00000000
-24.38116386 -20.61865959 -5.00000000
-24.56115351 -20.91547955 -5.00000000
-24.74346832 -21.14637240 -5.00000000
-24.91082558 -21.31173220 -5.00000000
-25.04668188 -21.41649496 -5.00000000
-25.13640339 -21.46978402 -5.00000000
-25.16830128 -21.48425960 -5.00000000
-25.29487160 -21.60793237 -5.00000000
-25.39918842 -22.05682023 -5.00000000
-25.17958306 -22.58223582 -5.00000000
-24.78685799 -22.82337754 -5.00000000
-24.60992613 -22.82019700 -5.00000000
-24.57721460 -22.80766811 -5.00000000
-24.47625769 -22.78126025 -5.00000000
-24.30625841 -22.75818607 -5.00000000
-24.07100577 -22.75526899 -5.00000000
-23.77861012 -22.78774946 -5.00000000
-23.44093335 -22.86820294 -5.00000000
-23.07275425 -23.00564631 -5.00000000
-22.69072789 -23.20489559 -5.00000000
-22.31221261 -23.46622056 -5.00000000
-21.95404740 -23.78532044 -5.00000000
-21.63136609 -24.15362260 -5.00000000
-21.35653206 -24.55888297 -5.00000000
-21.13826877 -24.98604593 -5.00000000
-20.98104742 -25.41830280 -5.00000000
-20.88477513 -25.83827430 -5.00000000
-20.84480555 -26.22923333 -5.00000000
-20.85227118 -26.57628178 -5.00000000
-20.89471401 -26.86739826 -5.00000000
-20.95696975 -27.09428267 -5.00000000
-21.02224338 -27.25293803 -5.00000000
-21.07329995 -27.34394847 -5.00000000
-21.09368654 -27.37243363 -5.00000000
-21.14146327 -27.54282255 -5.00000000
-21.00736036 -27.98372925 -5.00000000
-20.55446874 -28.32894982 -5.00000000
-20.09378800 -28.34142214 -5.00000000
-19.94215078 -28.25020179 -5.00000000
-19.92008621 -28.22299568 -5.00000000
-19.84585889 -28.14964735 -5.00000000
-19.71017229 -28.04466488 -5.00000000
-19.50789606 -27.92451230 -5.00000000
-19.23843376 -27.80644339 -5.00000000
-18.90577036 -27.70727976 -5.00000000
-18.51819623 -27.64221965 -5.00000000
-18.08772705 -27.62376141 -5.00000000
-17.62926072 -27.66081783 -5.00000000
-17.15953061 -27.75808384 -5.00000000
-16.69592932 -27.91570221 -5.00000000
-16.25528588 -28.12925097 -5.00000000
-15.85268285 -28.39005330 -5.00000000
-15.50039673 -28.68578805 -5.00000000
-15.20703673 -29.00135790 -5.00000000
-14.97694254 -29.31995355 -5.00000000
-14.80988375 -29.62423914 -5.00000000
-14.70108208 -29.89757483 -5.00000000
-14.64155492 -30.12519036 -5.00000000
-14.61875586 -30.29522675 -5.00000000
-14.61746693 -30.39957239 -5.00000000
-14.62087966 -30.43443456 -5.00000000
-14.57706105 -30.60588406 -5.00000000
-14.24047118 -30.92066900 -5.00000000
-13.67564525 -30.99319298 -5.00000000
-13.27044786 -30.77365395 -5.00000000
-13.18473635 -30.61883619 -5.00000000
-13.17923093 -30.58424273 -5.00000000
-13.15162235 -30.48360755 -5.00000000
-13.08660554 -30.32484676 -5.00000000
-12.97150548 -30.11965347 -5.00000000
-12.79717874 -29.88267164 -5.00000000
-12.55866560 -29.63046172 -5.00000000
-12.25554660 -29.38033095 -5.00000000
-11.89197848 -29.14911106 -5.00000000
-11.47640679 -28.95196969 -5.00000000
-11.02097557 -28.80133946 -5.00000000
-10.54067589 -28.70604033 -5.00000000
-10.05229310 -28.67065727 -5.00000000
-9.57322749 -28.69521719 -5.00000000
-9.12027138 -28.77518794 -5.00000000
-8.70842925 -28.90179944 -5.00000000
-8.34986401 -29.06266428 -5.00000000
-8.05304405 -29.24265394 -5.00000000
-7.82215119 -29.42496875 -5.00000000
-7.65679140 -29.59232600 -5.00000000
-7.55202864 -29.72818231 -5.00000000
-7.49873958 -29.81790381 -5.00000000
-7.48426400 -29.84980170 -5.00000000
-7.36059122 -29.97637202 -5.00000000
-6.91170337 -30.08068884 -5.00000000
-6.38628778 -29.86108348 -5.00000000
-6.14514606 -29.46835842 -5.00000000
-6.14832659 -29.29142655 -5.00000000
-6.16085549 -29.25871502 -5.00000000
-6.18726335 -29.15775811 -5.00000000
-6.21033753 -28.98775883 -5.00000000
-6.21325460 -28.75250619 -5.00000000
-6.18077414 -28.46011054 -5.00000000
-6.10032065 -28.12243377 -5.00000000
-5.96287729 -27.75425467 -5.00000000
-5.76362801 -27.37222831 -5.00000000
-5.50230304 -26.99371303 -5.00000000
-5.18320316 -26.63554782 -5.00000000
-4.81490100 -26.31286651 -5.00000000
-4.40964063 -26.03803249 -5.00000000
-3.98247767 -25.81976920 -5.00000000
-3.55022080 -25.66254785 -5.00000000
-3.13024930 -25.56627555 -5.00000000
-2.73929027 -25.52630597 -5.00000000
-2.39224182 -25.53377160 -5.00000000
-2.10112534 -25.57621443 -5.00000000
-1.87424093 -25.63847017 -5.00000000
-1.71558556 -25.70374380 -5.00000000
-1.62457513 -25.75480038 -5.00000000
-1.59608997 -25.77518697 -5.00000000
-1.42570104 -25.82296369 -5.00000000
-0.98479435 -25.68886078 -5.00000000
-0.63957377 -25.23596917 -5.00000000
-0.62710146 -24.77528842 -5.00000000
-0.71832181 -24.62365120 -5.00000000
-0.74552792 -24.60158663 -5.00000000
-0.81887625 -24.52735931 -5.00000000
-0.92385872 -24.39167271 -5.00000000
-1.04401130 -24.18939648 -5.00000000
-1.16208021 -23.91993419 -5.00000000
-1.26124384 -23.58727079 -5.00000000
-1.32630395 -23.19969665 -5.00000000
-1.34476218 -22.76922748 -5.00000000
-1.30770576 -22.31076115 -5.00000000
-1.21043976 -21.84103103 -5.00000000
-1.05282139 -21.37742974 -5.00000000
-0.83927263 -20.93678631 -5.00000000
-0.57847030 -20.53418327 -5.00000000
-0.28273555 -20.18189716 -5.00000000
0.03283430 -19.88853716 -5.00000000
0.35142995 -19.65844297 -5.00000000
0.65571555 -19.49138417 -5.00000000
0.92905123 -19.38258250 -5.00000000
1.15666676 -19.32305534 -5.00000000
1.32670315 -19.30025628 -5.00000000
1.43104879 -19.29896736 -5.00000000
1.46591096 -19.30238008 -5.00000000
