34.25206616 -4.58145159 5.00000000
34.42351566 -4.53763299 5.00000000
34.73830060 -4.20104311 5.00000000
34.81082458 -3.63621718 5.00000000
34.59128555 -3.23101979 5.00000000
34.43646780 -3.14530829 5.00000000
34.40187433 -3.13980286 5.00000000
34.30123915 -3.11219428 5.00000000
34.14247837 -3.04717747 5.00000000
33.93728507 -2.93207741 5.00000000
33.70030324 -2.75775068 5.00000000
33.44809332 -2.51923753 5.00000000
33.19796255 -2.21611854 5.00000000
32.96674266 -1.85255042 5.00000000
32.76960129 -1.43697872 5.00000000
32.61897107 -0.98154751 5.00000000
32.52367193 -0.50124782 5.00000000
32.48828887 -0.01286504 5.00000000
32.51284880 0.46620058 5.00000000
32.59281955 0.91915669 5.00000000
32.71943105 1.33099882 5.00000000
32.88029588 1.68956406 5.00000000
33.06028554 1.98638402 5.00000000
33.24260035 2.21727687 5.00000000
33.40995761 2.38263667 5.00000000
33.54581391 2.48739943 5.00000000
33.63553542 2.54068849 5.00000000
33.66743331 2.55516407 5.00000000
33.79400362 2.67883684 5.00000000
33.89832045 3.12772470 5.00000000
33.67871509 3.65314029 5.00000000
33.28599002 3.89428201 5.00000000
33.10905815 3.89110147 5.00000000
33.07634662 3.87857257 5.00000000
32.97538971 3.85216472 5.00000000
32.80539043 3.82909053 5.00000000
32.57013780 3.82617346 5.00000000
32.27774214 3.85865393 5.00000000
31.94006537 3.93910741 5.00000000
31.57188627 4.07655078 5.00000000
31.18985992 4.27580006 5.00000000
30.81134464 4.53712503 5.00000000
30.45317942 4.85622491 5.00000000
30.13049811 5.22452707 5.00000000
29.85566409 5.62978744 5.00000000
29.63740080 6.05695040 5.00000000
29.48017945 6.48920727 5.00000000
29.38390716 6.90917877 5.00000000
29.34393757 7.30013779 5.00000000
29.35140321 7.64718625 5.00000000
29.39384604 7.93830273 5.00000000
29.45610177 8.16518714 5.00000000
29.52137541 8.32384250 5.00000000
29.57243198 8.41485294 5.00000000
29.59281857 8.44333810 5.00000000
29.64059530 8.61372702 5.00000000
29.50649238 9.05463372 5.00000000
29.05360077 9.39985429 5.00000000
28.59292003 9.41232661 5.00000000
28.44128280 9.32110625 5.00000000
28.41921823 9.29390014 5.00000000
28.34499091 9.22055181 5.00000000
28.20930431 9.11556935 5.00000000
28.00702809 8.99541677 5.00000000
27.73756579 8.87734785 5.00000000
27.40490239 8.77818423 5.00000000
27.01732825 8.71312412 5.00000000
26.58685908 8.69466588 5.00000000
26.12839275 8.73172230 5.00000000
25.65866264 8.82898830 5.00000000
25.19506134 8.98660668 5.00000000
24.75441791 9.20015544 5.00000000
24.35181488 9.46095777 5.00000000
23.99952876 9.75669252 5.00000000
23.70616876 10.07226236 5.00000000
23.47607457 10.39085802 5.00000000
23.30901577 10.69514361 5.00000000
23.20021410 10.96847930 5.00000000
23.14068695 11.19609483 5.00000000
23.11788789 11.36613122 5.00000000
23.11659896 11.47047686 5.00000000
23.12001168 11.50533903 5.00000000
23.07619308 11.67678852 5.00000000
22.73960320 11.99157347 5.00000000
22.17477727 12.06409745 5.00000000
21.76957989 11.84455842 5.00000000
21.68386838 11.68974066 5.00000000
21.67836296 11.65514720 5.00000000
21.65075438 11.55451202 5.00000000
21.58573757 11.39575123 5.00000000
21.47063751 11.19055794 5.00000000
21.29631077 10.95357611 5.00000000
21.05779763 10.70136619 5.00000000
20.75467863 10.45123541 5.00000000
20.39111051 10.22001553 5.00000000
19.97553881 10.02287416 5.00000000
19.52010760 9.87224393 5.00000000
19.03980792 9.77694480 5.00000000
18.55142513 9.74156174 5.00000000
18.07235951 9.76612166 5.00000000
17.61940341 9.84609241 5.00000000
17.20756127 9.97270391 5.00000000
16.84899603 10.13356875 5.00000000
16.55217607 10.31355841 5.00000000
16.32128322 10.49587321 5.00000000
16.15592343 10.66323047 5.00000000
16.05116066 10.79908678 5.00000000
15.99787160 10.88880828 5.00000000
15.98339602 10.92070617 5.00000000
15.85972325 11.04727649 5.00000000
15.41083539 11.15159331 5.00000000
14.88541980 10.93198795 5.00000000
14.64427809 10.53926288 5.00000000
14.64745862 10.36233102 5.00000000
14.65998752 10.32961949 5.00000000
14.68639538 10.22866258 5.00000000
14.70946956 10.05866330 5.00000000
14.71238663 9.82341066 5.00000000
14.67990616 9.53101501 5.00000000
14.59945268 9.19333824 5.00000000
14.46200932 8.82515914 5.00000000
14.26276003 8.44313278 5.00000000
14.00143507 8.06461750 5.00000000
13.68233518 7.70645229 5.00000000
13.31403302 7.38377098 5.00000000
12.90877265 7.10893696 5.00000000
12.48160970 6.89067366 5.00000000
12.04935283 6.73345231 5.00000000
11.62938133 6.63718002 5.00000000
11.23842230 6.59721044 5.00000000
10.89137385 6.60467607 5.00000000
10.60025737 6.64711890 5.00000000
10.37337296 6.70937464 5.00000000
10.21471759 6.77464827 5.00000000
10.12370716 6.82570485 5.00000000
10.09522199 6.84609144 5.00000000
9.92483307 6.89386816 5.00000000
9.48392637 6.75976525 5.00000000
9.13870580 6.30687364 5.00000000
9.12623348 5.84619289 5.00000000
9.21745384 5.69455567 5.00000000
9.24465995 5.67249110 5.00000000
9.31800828 5.59826378 5.00000000
9.42299075 5.46257718 5.00000000
9.54314332 5.26030095 5.00000000
9.66121224 4.99083866 5.00000000
9.76037587 4.65817525 5.00000000
9.82543597 4.27060112 5.00000000
9.84389421 3.84013195 5.00000000
9.80683779 3.38166561 5.00000000
9.70957179 2.91193550 5.00000000
9.55195342 2.44833421 5.00000000
9.33840465 2.00769078 5.00000000
9.07760233 1.60508774 5.00000000
8.78186757 1.25280163 5.00000000
8.46629773 0.95944163 5.00000000
8.14770207 0.72934744 5.00000000
7.84341648 0.56228864 5.00000000
7.57008080 0.45348697 5.00000000
7.34246527 0.39395981 5.00000000
7.17242887 0.37116075 5.00000000
7.06808324 0.36987183 5.00000000
7.03322107 0.37328455 5.00000000
6.86177157 0.32946595 5.00000000
6.54698662 -0.00712393 5.00000000
6.47446265 -0.57194986 5.00000000
6.69400167 -0.97714725 5.00000000
6.84881943 -1.06285876 5.00000000
6.88341290 -1.06836418 5.00000000
6.98404808 -1.09597276 5.00000000
7.14280886 -1.16098957 5.00000000
7.34800216 -1.27608963 5.00000000
7.58498399 -1.45041637 5.00000000
7.83719391 -1.68892951 5.00000000
8.08732468 -1.99204850 5.00000000
8.31854457 -2.35561662 5.00000000
8.51568593 -2.77118832 5.00000000
8.66631616 -3.22661953 5.00000000
8.76161529 -3.70691922 5.00000000
8.79699836 -4.19530201 5.00000000
8.77243843 -4.67436762 5.00000000
8.69246768 -5.12732373 5.00000000
8.56585618 -5.53916586 5.00000000
8.40499134 -5.89773110 5.00000000
8.22500169 -6.19455106 5.00000000
8.04268688 -6.42544391 5.00000000
7.87532962 -6.59080371 5.00000000
7.73947332 -6.69556647 5.00000000
7.64975181 -6.74885553 5.00000000
7.61785392 -6.76333111 5.00000000
7.49128360 -6.88700388 5.00000000
7.38696678 -7.33589174 5.00000000
7.60657214 -7.86130733 5.00000000
7.99929721 -8.10244905 5.00000000
8.17622907 -8.09926851 5.00000000
8.20894061 -8.08673962 5.00000000
8.30989752 -8.06033176 5.00000000
8.47989679 -8.03725758 5.00000000
8.71514943 -8.03434050 5.00000000
9.00754508 -8.06682097 5.00000000
9.34522185 -8.14727445 5.00000000
9.71340095 -8.28471782 5.00000000
10.09542731 -8.48396710 5.00000000
10.47394259 -8.74529207 5.00000000
10.83210780 -9.06439195 5.00000000
11.15478911 -9.43269411 5.00000000
11.42962314 -9.83795448 5.00000000
11.64788643 -10.26511744 5.00000000
11.80510778 -10.69737431 5.00000000
11.90138007 -11.11734581 5.00000000
11.94134966 -11.50830484 5.00000000
11.93388402 -11.85535329 5.00000000
11.89144119 -12.14646977 5.00000000
11.82918545 -12.37335418 5.00000000
11.76391182 -12.53200954 5.00000000
11.71285525 -12.62301998 5.00000000
11.69246866 -12.65150514 5.00000000
11.64469193 -12.82189406 5.00000000
11.77879484 -13.26280076 5.00000000
12.23168646 -13.60802133 5.00000000
12.69236720 -13.62049365 5.00000000
12.84400443 -13.52927330 5.00000000
12.86606899 -13.50206719 5.00000000
12.94029631 -13.42871885 5.00000000
13.07598292 -13.32373639 5.00000000
13.27825914 -13.20358381 5.00000000
13.54772144 -13.08551490 5.00000000
13.88038484 -12.98635127 5.00000000
14.26795898 -12.92129116 5.00000000
14.69842815 -12.90283292 5.00000000
15.15689448 -12.93988934 5.00000000
15.62662459 -13.03715535 5.00000000
16.09022589 -13.19477372 5.00000000
16.53086932 -13.40832248 5.00000000
16.93347235 -13.66912481 5.00000000
17.28575847 -13.96485956 5.00000000
17.57911847 -14.28042940 5.00000000
17.80921266 -14.59902506 5.00000000
17.97627145 -14.90331065 5.00000000
18.08507313 -15.17664634 5.00000000
18.14460028 -15.40426187 5.00000000
18.16739934 -15.57429826 5.00000000
18.16868827 -15.67864390 5.00000000
18.16527554 -15.71350607 5.00000000
18.20909415 -15.88495557 5.00000000
18.54568402 -16.19974051 5.00000000
19.11050995 -16.27226449 5.00000000
19.51570734 -16.05272546 5.00000000
19.60141885 -15.89790770 5.00000000
19.60692427 -15.86331424 5.00000000
19.63453285 -15.76267906 5.00000000
19.69954966 -15.60391827 5.00000000
19.81464972 -15.39872498 5.00000000
19.98897646 -15.16174315 5.00000000
20.22748960 -14.90953323 5.00000000
20.53060860 -14.65940246 5.00000000
20.89417672 -14.42818257 5.00000000
21.30974842 -14.23104120 5.00000000
21.76517963 -14.08041097 5.00000000
22.24547931 -13.98511184 5.00000000
22.73386210 -13.94972878 5.00000000
23.21292772 -13.97428870 5.00000000
23.66588382 -14.05425945 5.00000000
24.07772595 -14.18087095 5.00000000
24.43629120 -14.34173579 5.00000000
24.73311115 -14.52172545 5.00000000
24.96400401 -14.70404026 5.00000000
25.12936380 -14.87139751 5.00000000
25.23412656 -15.00725382 5.00000000
25.28741562 -15.09697532 5.00000000
25.30189120 -15.12887321 5.00000000
25.42556398 -15.25544353 5.00000000
25.87445183 -15.35976035 5.00000000
26.39986743 -15.14015499 5.00000000
26.64100914 -14.74742993 5.00000000
26.63782861 -14.57049806 5.00000000
26.62529971 -14.53778653 5.00000000
26.59889185 -14.43682962 5.00000000
26.57581767 -14.26683034 5.00000000
26.57290060 -14.03157770 5.00000000
26.60538107 -13.73918205 5.00000000
26.68583455 -13.40150528 5.00000000
26.82327791 -13.03332618 5.00000000
27.02252719 -12.65129982 5.00000000
27.28385216 -12.27278454 5.00000000
27.60295204 -11.91461933 5.00000000
27.97125420 -11.59193802 5.00000000
28.37651458 -11.31710400 5.00000000
28.80367753 -11.09884071 5.00000000
29.23593440 -10.94161936 5.00000000
29.65590590 -10.84534706 5.00000000
30.04686493 -10.80537748 5.00000000
30.39391338 -10.81284311 5.00000000
30.68502986 -10.85528594 5.00000000
30.91191427 -10.91754168 5.00000000
31.07056964 -10.98281531 5.00000000
31.16158007 -11.03387189 5.00000000
31.19006523 -11.05425848 5.00000000
31.36045416 -11.10203520 5.00000000
31.80136086 -10.96793229 5.00000000
32.14658143 -10.51504068 5.00000000
32.15905374 -10.05435993 5.00000000
32.06783339 -9.90272271 5.00000000
32.04062728 -9.88065814 5.00000000
31.96727895 -9.80643082 5.00000000
31.86229648 -9.67074422 5.00000000
31.74214390 -9.46846799 5.00000000
31.62407499 -9.19900570 5.00000000
31.52491136 -8.86634229 5.00000000
31.45985126 -8.47876816 5.00000000
31.44139302 -8.04829899 5.00000000
31.47844944 -7.58983266 5.00000000
31.57571544 -7.12010254 5.00000000
31.73333381 -6.65650125 5.00000000
31.94688257 -6.21585782 5.00000000
32.20768490 -5.81325478 5.00000000
32.50341966 -5.46096867 5.00000000
32.81898950 -5.16760867 5.00000000
33.13758515 -4.93751448 5.00000000
33.44187075 -4.77045568 5.00000000
33.71520643 -4.66165401 5.00000000
33.94282196 -4.60212685 5.00000000
34.11285836 -4.57932779 5.00000000
34.21720399 -4.57803887 5.00000000
34.25206616 -4.58145159 5.00000000
