-22.10855457 21.40646360 5.00000000
-22.28000407 21.36264500 5.00000000
-22.59478902 21.02605512 5.00000000
-22.66731299 20.46122919 5.00000000
-22.44777397 20.05603181 5.00000000
-22.29295621 19.97032030 5.00000000
-22.25836274 19.96481488 5.00000000
-22.15772756 19.93720629 5.00000000
-21.99896678 19.87218948 5.00000000
-21.79377348 19.75708942 5.00000000
-21.55679165 19.58276269 5.00000000
-21.30458173 19.34424954 5.00000000
-21.05445096 19.04113055 5.00000000
-20.82323107 18.67756243 5.00000000
-20.62608971 18.26199073 5.00000000
-20.47545948 17.80655952 5.00000000
-20.38016035 17.32625984 5.00000000
-20.34477729 16.83787705 5.00000000
-20.36933721 16.35881143 5.00000000
-20.44930796 15.90585532 5.00000000
-20.57591946 15.49401319 5.00000000
-20.73678430 15.13544795 5.00000000
-20.91677395 14.83862799 5.00000000
-21.09908876 14.60773514 5.00000000
-21.26644602 14.44237534 5.00000000
-21.40230232 14.33761258 5.00000000
-21.49202383 14.28432352 5.00000000
-21.52392172 14.26984794 5.00000000
-21.65049204 14.14617517 5.00000000
-21.75480886 13.69728731 5.00000000
-21.53520350 13.17187172 5.00000000
-21.14247843 12.93073000 5.00000000
-20.96554657 12.93391054 5.00000000
-20.93283503 12.94643944 5.00000000
-20.83187812 12.97284729 5.00000000
-20.66187885 12.99592148 5.00000000
-20.42662621 12.99883855 5.00000000
-20.13423056 12.96635808 5.00000000
-19.79655379 12.88590460 5.00000000
-19.42837469 12.74846123 5.00000000
-19.04634833 12.54921195 5.00000000
-18.66783305 12.28788699 5.00000000
-18.30966784 11.96878710 5.00000000
-17.98698653 11.60048494 5.00000000
-17.71215250 11.19522457 5.00000000
-17.49388921 10.76806161 5.00000000
-17.33666786 10.33580474 5.00000000
-17.24039557 9.91583324 5.00000000
-17.20042598 9.52487422 5.00000000
-17.20789162 9.17782576 5.00000000
-17.25033445 8.88670928 5.00000000
-17.31259019 8.65982487 5.00000000
-17.37786382 8.50116951 5.00000000
-17.42892039 8.41015907 5.00000000
-17.44930698 8.38167391 5.00000000
-17.49708371 8.21128499 5.00000000
-17.36298080 7.77037829 5.00000000
-16.91008918 7.42515772 5.00000000
-16.44940844 7.41268540 5.00000000
-16.29777122 7.50390576 5.00000000
-16.27570665 7.53111187 5.00000000
-16.20147933 7.60446020 5.00000000
-16.06579273 7.70944266 5.00000000
-15.86351650 7.82959524 5.00000000
-15.59405420 7.94766416 5.00000000
-15.26139080 8.04682778 5.00000000
-14.87381666 8.11188789 5.00000000
-14.44334749 8.13034613 5.00000000
-13.98488116 8.09328971 5.00000000
-13.51515105 7.99602371 5.00000000
-13.05154976 7.83840534 5.00000000
-12.61090632 7.62485657 5.00000000
-12.20830329 7.36405425 5.00000000
-11.85601717 7.06831949 5.00000000
-11.56265717 6.75274965 5.00000000
-11.33256298 6.43415399 5.00000000
-11.16550419 6.12986840 5.00000000
-11.05670251 5.85653272 5.00000000
-10.99717536 5.62891718 5.00000000
-10.97437630 5.45888079 5.00000000
-10.97308737 5.35453516 5.00000000
-10.97650010 5.31967299 5.00000000
-10.93268149 5.14822349 5.00000000
-10.59609162 4.83343854 5.00000000
-10.03126569 4.76091456 5.00000000
-9.62606830 4.98045359 5.00000000
-9.54035679 5.13527135 5.00000000
-9.53485137 5.16986482 5.00000000
-9.50724279 5.27049999 5.00000000
-9.44222598 5.42926078 5.00000000
-9.32712592 5.63445407 5.00000000
-9.15279918 5.87143590 5.00000000
-8.91428604 6.12364582 5.00000000
-8.61116704 6.37377660 5.00000000
-8.24759892 6.60499648 5.00000000
-7.83202722 6.80213785 5.00000000
-7.37659601 6.95276808 5.00000000
-6.89629633 7.04806721 5.00000000
-6.40791354 7.08345027 5.00000000
-5.92884792 7.05889035 5.00000000
-5.47589182 6.97891960 5.00000000
-5.06404969 6.85230810 5.00000000
-4.70548444 6.69144326 5.00000000
-4.40866449 6.51145360 5.00000000
-4.17777163 6.32913880 5.00000000
-4.01241184 6.16178154 5.00000000
-3.90764908 6.02592523 5.00000000
-3.85436002 5.93620373 5.00000000
-3.83988444 5.90430584 5.00000000
-3.71621166 5.77773552 5.00000000
-3.26732381 5.67341870 5.00000000
-2.74190821 5.89302406 5.00000000
-2.50076650 6.28574913 5.00000000
-2.50394703 6.46268099 5.00000000
-2.51647593 6.49539252 5.00000000
-2.54288379 6.59634943 5.00000000
-2.56595797 6.76634871 5.00000000
-2.56887504 7.00160135 5.00000000
-2.53639457 7.29399700 5.00000000
-2.45594109 7.63167377 5.00000000
-2.31849773 7.99985287 5.00000000
-2.11924845 8.38187923 5.00000000
-1.85792348 8.76039451 5.00000000
-1.53882360 9.11855972 5.00000000
-1.17052144 9.44124103 5.00000000
-0.76526106 9.71607506 5.00000000
-0.33809811 9.93433835 5.00000000
0.09415876 10.09155970 5.00000000
0.51413026 10.18783199 5.00000000
0.90508929 10.22780157 5.00000000
1.25213774 10.22033594 5.00000000
1.54325422 10.17789311 5.00000000
1.77013863 10.11563737 5.00000000
1.92879400 10.05036374 5.00000000
2.01980443 9.99930716 5.00000000
2.04828959 9.97892057 5.00000000
2.21867852 9.93114385 5.00000000
2.65958521 10.06524676 5.00000000
3.00480579 10.51813837 5.00000000
3.01727810 10.97881912 5.00000000
2.92605775 11.13045634 5.00000000
2.89885164 11.15252091 5.00000000
2.82550331 11.22674823 5.00000000
2.72052084 11.36243483 5.00000000
2.60036826 11.56471106 5.00000000
2.48229935 11.83417336 5.00000000
2.38313572 12.16683676 5.00000000
2.31807562 12.55441089 5.00000000
2.29961738 12.98488006 5.00000000
2.33667380 13.44334640 5.00000000
2.43393980 13.91307651 5.00000000
2.59155817 14.37667780 5.00000000
2.80510693 14.81732124 5.00000000
3.06590926 15.21992427 5.00000000
3.36164402 15.57221039 5.00000000
3.67721386 15.86557039 5.00000000
3.99580951 16.09566458 5.00000000
4.30009511 16.26272337 5.00000000
4.57343079 16.37152504 5.00000000
4.80104632 16.43105220 5.00000000
4.97108271 16.45385126 5.00000000
5.07542835 16.45514018 5.00000000
5.11029052 16.45172746 5.00000000
5.28174002 16.49554606 5.00000000
5.59652496 16.83213594 5.00000000
5.66904894 17.39696187 5.00000000
5.44950991 17.80215926 5.00000000
5.29469216 17.88787077 5.00000000
5.26009869 17.89337619 5.00000000
5.15946351 17.92098477 5.00000000
5.00070273 17.98600158 5.00000000
4.79550943 18.10110164 5.00000000
4.55852760 18.27542838 5.00000000
4.30631768 18.51394152 5.00000000
4.05618691 18.81706051 5.00000000
3.82496702 19.18062863 5.00000000
3.62782565 19.59620033 5.00000000
3.47719543 20.05163154 5.00000000
3.38189629 20.53193123 5.00000000
3.34651323 21.02031402 5.00000000
3.37107315 21.49937963 5.00000000
3.45104391 21.95233574 5.00000000
3.57765541 22.36417787 5.00000000
3.73852024 22.72274311 5.00000000
3.91850990 23.01956307 5.00000000
4.10082471 23.25045592 5.00000000
4.26818196 23.41581572 5.00000000
4.40403827 23.52057848 5.00000000
4.49375978 23.57386754 5.00000000
4.52565766 23.58834312 5.00000000
4.65222798 23.71201589 5.00000000
4.75654480 24.16090375 5.00000000
4.53693945 24.68631934 5.00000000
4.14421438 24.92746106 5.00000000
3.96728251 24.92428053 5.00000000
3.93457098 24.91175163 5.00000000
3.83361407 24.88534377 5.00000000
3.66361479 24.86226959 5.00000000
3.42836216 24.85935251 5.00000000
3.13596650 24.89183298 5.00000000
2.79828973 24.97228646 5.00000000
2.43011063 25.10972983 5.00000000
2.04808428 25.30897911 5.00000000
1.66956899 25.57030408 5.00000000
1.31140378 25.88940396 5.00000000
0.98872247 26.25770612 5.00000000
0.71388845 26.66296649 5.00000000
0.49562516 27.09012945 5.00000000
0.33840381 27.52238632 5.00000000
0.24213152 27.94235782 5.00000000
0.20216193 28.33331685 5.00000000
0.20962757 28.68036530 5.00000000
0.25207040 28.97148178 5.00000000
0.31432613 29.19836619 5.00000000
0.37959976 29.35702156 5.00000000
0.43065634 29.44803199 5.00000000
0.45104293 29.47651715 5.00000000
0.49881966 29.64690607 5.00000000
0.36471674 30.08781277 5.00000000
-0.08817487 30.43303334 5.00000000
-0.54885562 30.44550566 5.00000000
-0.70049284 30.35428531 5.00000000
-0.72255741 30.32707920 5.00000000
-0.79678473 30.25373087 5.00000000
-0.93247133 30.14874840 5.00000000
-1.13474755 30.02859582 5.00000000
-1.40420985 29.91052691 5.00000000
-1.73687325 29.81136328 5.00000000
-2.12444739 29.74630317 5.00000000
-2.55491656 29.72784494 5.00000000
-3.01338289 29.76490135 5.00000000
-3.48311300 29.86216736 5.00000000
-3.94671430 30.01978573 5.00000000
-4.38735773 30.23333449 5.00000000
-4.78996076 30.49413682 5.00000000
-5.14224688 30.78987157 5.00000000
-5.43560688 31.10544142 5.00000000
-5.66570107 31.42403707 5.00000000
-5.83275987 31.72832267 5.00000000
-5.94156154 32.00165835 5.00000000
-6.00108869 32.22927388 5.00000000
-6.02388775 32.39931027 5.00000000
-6.02517668 32.50365591 5.00000000
-6.02176396 32.53851808 5.00000000
-6.06558256 32.70996758 5.00000000
-6.40217244 33.02475252 5.00000000
-6.96699837 33.09727650 5.00000000
-7.37219575 32.87773747 5.00000000
-7.45790726 32.72291971 5.00000000
-7.46341268 32.68832625 5.00000000
-7.49102126 32.58769107 5.00000000
-7.55603807 32.42893029 5.00000000
-7.67113813 32.22373699 5.00000000
-7.84546487 31.98675516 5.00000000
-8.08397802 31.73454524 5.00000000
-8.38709701 31.48441447 5.00000000
-8.75066513 31.25319458 5.00000000
-9.16623683 31.05605321 5.00000000
-9.62166804 30.90542298 5.00000000
-10.10196772 30.81012385 5.00000000
-10.59035051 30.77474079 5.00000000
-11.06941613 30.79930071 5.00000000
-11.52237223 30.87927147 5.00000000
-11.93421437 31.00588297 5.00000000
-12.29277961 31.16674780 5.00000000
-12.58959957 31.34673746 5.00000000
-12.82049242 31.52905227 5.00000000
-12.98585221 31.69640952 5.00000000
-13.09061498 31.83226583 5.00000000
-13.14390404 31.92198734 5.00000000
-13.15837962 31.95388522 5.00000000
-13.28205239 32.08045554 5.00000000
-13.73094025 32.18477236 5.00000000
-14.25635584 31.96516701 5.00000000
-14.49749755 31.57244194 5.00000000
-14.49431702 31.39551007 5.00000000
-14.48178812 31.36279854 5.00000000
-14.45538026 31.26184163 5.00000000
-14.43230608 31.09184235 5.00000000
-14.42938901 30.85658971 5.00000000
-14.46186948 30.56419406 5.00000000
-14.54232296 30.22651729 5.00000000
-14.67976632 29.85833819 5.00000000
-14.87901561 29.47631183 5.00000000
-15.14034057 29.09779655 5.00000000
-15.45944046 28.73963134 5.00000000
-15.82774262 28.41695003 5.00000000
-16.23300299 28.14211601 5.00000000
-16.66016594 27.92385272 5.00000000
-17.09242281 27.76663137 5.00000000
-17.51239431 27.67035908 5.00000000
-17.90335334 27.63038949 5.00000000
-18.25040179 27.63785512 5.00000000
-18.54151827 27.68029795 5.00000000
-18.76840268 27.74255369 5.00000000
-18.92705805 27.80782732 5.00000000
-19.01806848 27.85888390 5.00000000
-19.04655365 27.87927049 5.00000000
-19.21694257 27.92704721 5.00000000
-19.65784927 27.79294430 5.00000000
-20.00306984 27.34005269 5.00000000
-20.01554216 26.87937194 5.00000000
-19.92432180 26.72773472 5.00000000
-19.89711569 26.70567015 5.00000000
-19.82376736 26.63144283 5.00000000
-19.71878489 26.49575623 5.00000000
-19.59863232 26.29348001 5.00000000
-19.48056340 26.02401771 5.00000000
-19.38139977 25.69135431 5.00000000
-19.31633967 25.30378017 5.00000000
-19.29788143 24.87331100 5.00000000
-19.33493785 24.41484467 5.00000000
-19.43220385 23.94511455 5.00000000
-19.58982222 23.48151326 5.00000000
-19.80337099 23.04086983 5.00000000
-20.06417331 22.63826680 5.00000000
-20.35990807 22.28598068 5.00000000
-20.67547791 21.99262068 5.00000000
-20.99407357 21.76252649 5.00000000
-21.29835916 21.59546769 5.00000000
-21.57169484 21.48666602 5.00000000
-21.79931037 21.42713886 5.00000000
-21.96934677 21.40433980 5.00000000
-22.07369240 21.40305088 5.00000000
-22.10855457 21.40646360 5.00000000
