34.49071564 -2.52019366 -5.00000000
34.65544679 -2.46024814 -5.00000000
34.93690168 -2.10069056 -5.00000000
34.96622617 -1.53721413 -5.00000000
34.72361490 -1.15038304 -5.00000000
34.56599618 -1.07366176 -5.00000000
34.52973685 -1.06924747 -5.00000000
34.42407448 -1.04325274 -5.00000000
34.25750766 -0.97800939 -5.00000000
34.04306136 -0.85886033 -5.00000000
33.79728686 -0.67528600 -5.00000000
33.53899100 -0.42171326 -5.00000000
33.28779219 -0.09794438 -5.00000000
33.06261418 0.29082666 -5.00000000
32.88023311 0.73441173 -5.00000000
32.75398954 1.21840974 -5.00000000
32.69276419 1.72531111 -5.00000000
32.70029615 2.23584104 -5.00000000
32.77489584 2.73043825 -5.00000000
32.90957482 3.19075569 -5.00000000
33.09258241 3.60106809 -5.00000000
33.30830799 3.94947821 -5.00000000
33.53847962 4.22882908 -5.00000000
33.76356703 4.43725243 -5.00000000
33.96428127 4.57831096 -5.00000000
34.12305576 4.66072371 -5.00000000
34.22539517 4.69769541 -5.00000000
34.26098847 4.70590162 -5.00000000
34.40965648 4.79878672 -5.00000000
34.61020468 5.20900487 -5.00000000
34.52173503 5.76626490 -5.00000000
34.20399869 6.09420107 -5.00000000
34.03387306 6.13647503 -5.00000000
33.99748830 6.13325412 -5.00000000
33.88873030 6.13671237 -5.00000000
33.71223851 6.16589880 -5.00000000
33.47770589 6.23785828 -5.00000000
33.19913491 6.36632168 -5.00000000
32.89376270 6.56065051 -5.00000000
32.58073785 6.82511710 -5.00000000
32.27965047 7.15857541 -5.00000000
32.00902835 7.55454793 -5.00000000
31.78491466 8.00172191 -5.00000000
31.61963651 8.48481680 -5.00000000
31.52085873 8.98575642 -5.00000000
31.49099569 9.48505563 -5.00000000
31.52702624 9.96331536 -5.00000000
31.62072593 10.40271088 -5.00000000
31.75929886 10.78835927 -5.00000000
31.92636037 11.10946102 -5.00000000
32.10319543 11.36012813 -5.00000000
32.27019586 11.53983503 -5.00000000
32.40836618 11.65345793 -5.00000000
32.50078238 11.71089928 -5.00000000
32.53389171 11.72632642 -5.00000000
32.65999906 11.84809158 -5.00000000
32.77087566 12.29104179 -5.00000000
32.56847840 12.81773047 -5.00000000
32.18950360 13.07243936 -5.00000000
32.01430638 13.07841842 -5.00000000
31.97938638 13.06770308 -5.00000000
31.87228599 13.04847369 -5.00000000
31.69358277 13.04032763 -5.00000000
31.44921404 13.06195255 -5.00000000
31.15002146 13.12969055 -5.00000000
30.81091912 13.25628238 -5.00000000
30.44974892 13.44988821 -5.00000000
30.08591114 13.71346007 -5.00000000
29.73887544 14.04451414 -5.00000000
29.42668648 14.43532043 -5.00000000
29.16457898 14.87349529 -5.00000000
28.96380853 15.34295111 -5.00000000
28.83078793 15.82513057 -5.00000000
28.76659533 16.30043035 -5.00000000
28.76689200 16.74970528 -5.00000000
28.82225596 17.15573726 -5.00000000
28.91890597 17.50455621 -5.00000000
29.03976014 17.78651171 -5.00000000
29.16574805 17.99701293 -5.00000000
29.27727548 18.13688012 -5.00000000
29.35572943 18.21228065 -5.00000000
29.38490777 18.23425449 -5.00000000
29.48294297 18.37957798 -5.00000000
29.49930212 18.83590121 -5.00000000
29.19182300 19.30899972 -5.00000000
28.76817275 19.47934931 -5.00000000
28.59556088 19.44877217 -5.00000000
28.56363181 19.43103071 -5.00000000
28.46286985 19.38995411 -5.00000000
28.28976538 19.34483157 -5.00000000
28.04624061 19.31517681 -5.00000000
27.73950259 19.31922894 -5.00000000
27.38149053 19.37255109 -5.00000000
26.98795985 19.48683467 -5.00000000
26.57727313 19.66900072 -5.00000000
26.16899098 19.92066769 -5.00000000
25.78237090 20.23802619 -5.00000000
25.43488940 20.61213066 -5.00000000
25.14090091 21.02958522 -5.00000000
24.91053638 21.47357136 -5.00000000
24.74892617 21.92513831 -5.00000000
24.65580684 22.36465719 -5.00000000
24.62554218 22.77332721 -5.00000000
24.64755661 23.13461830 -5.00000000
24.70714798 23.43553939 -5.00000000
24.78661709 23.66763501 -5.00000000
24.86662735 23.82763363 -5.00000000
24.92769025 23.91769796 -5.00000000
24.95166235 23.94525814 -5.00000000
25.01734080 24.10778862 -5.00000000
24.93846752 24.55754136 -5.00000000
24.53934484 24.95637303 -5.00000000
24.08953470 25.03491823 -5.00000000
23.92705216 24.96912125 -5.00000000
23.89950948 24.94512906 -5.00000000
23.80948971 24.88400048 -5.00000000
23.64954949 24.80387354 -5.00000000
23.41751190 24.72423516 -5.00000000
23.11663435 24.66442432 -5.00000000
22.75535942 24.64214637 -5.00000000
22.34666743 24.67211294 -5.00000000
21.90708075 24.76491166 -5.00000000
21.45539604 24.92619246 -5.00000000
21.01124199 25.15623309 -5.00000000
20.59357311 25.44991701 -5.00000000
20.21921529 25.79712555 -5.00000000
19.90157487 26.18351405 -5.00000000
19.64961017 26.59161252 -5.00000000
19.46714462 27.00216626 -5.00000000
19.35257403 27.39561348 -5.00000000
19.29899076 27.75358655 -5.00000000
19.29471490 28.06032154 -5.00000000
19.32419202 28.30386787 -5.00000000
19.36918829 28.47700520 -5.00000000
19.41019139 28.57779710 -5.00000000
19.42790955 28.60973910 -5.00000000
19.45836078 28.78237323 -5.00000000
19.28770223 29.20589911 -5.00000000
18.81437957 29.51303308 -5.00000000
18.35806839 29.49634109 -5.00000000
18.21281645 29.39819991 -5.00000000
18.19086390 29.36900556 -5.00000000
18.11552062 29.29049663 -5.00000000
17.97573481 29.17886721 -5.00000000
17.76532554 29.05272580 -5.00000000
17.48345826 28.93166600 -5.00000000
17.13470990 28.83476160 -5.00000000
16.72871841 28.77910149 -5.00000000
16.27944382 28.77847712 -5.00000000
15.80409734 28.84232302 -5.00000000
15.32182099 28.97499189 -5.00000000
14.85221885 29.17541987 -5.00000000
14.41385293 29.43720770 -5.00000000
14.02281903 29.74911152 -5.00000000
13.69151193 30.09590566 -5.00000000
13.42767476 30.45955110 -5.00000000
13.23380554 30.82057999 -5.00000000
13.10696640 31.15958989 -5.00000000
13.03901019 31.45873299 -5.00000000
13.01720704 31.70308589 -5.00000000
13.02522275 31.88179500 -5.00000000
13.04437402 31.98890938 -5.00000000
13.05506389 32.02383719 -5.00000000
13.04895703 32.19903000 -5.00000000
12.79397179 32.57781892 -5.00000000
12.26713563 32.77983196 -5.00000000
11.82426640 32.66863231 -5.00000000
11.70259326 32.54243617 -5.00000000
11.68719027 32.50931560 -5.00000000
11.62981635 32.41685753 -5.00000000
11.51629426 32.27860437 -5.00000000
11.33670921 32.11147291 -5.00000000
11.08617116 31.93445506 -5.00000000
10.76519134 31.76715938 -5.00000000
10.37964413 31.62830520 -5.00000000
9.94031707 31.53428504 -5.00000000
9.46208375 31.49790566 -5.00000000
8.96276288 31.52740450 -5.00000000
8.46175136 31.62581687 -5.00000000
7.97853604 31.79074261 -5.00000000
7.53119871 32.01453008 -5.00000000
7.13502891 32.28486331 -5.00000000
6.80135108 32.58570739 -5.00000000
6.53665624 32.89853925 -5.00000000
6.34210472 33.20376964 -5.00000000
6.21343817 33.48224685 -5.00000000
6.14130764 33.71672692 -5.00000000
6.11199248 33.89319737 -5.00000000
6.10845491 34.00195282 -5.00000000
6.11164928 34.03833992 -5.00000000
6.06925124 34.20843467 -5.00000000
5.74108340 34.52593172 -5.00000000
5.18375899 34.61399490 -5.00000000
4.77368723 34.41314753 -5.00000000
4.68091059 34.26441182 -5.00000000
4.67273035 34.22881254 -5.00000000
4.63583330 34.12644619 -5.00000000
4.55353639 33.96761163 -5.00000000
4.41262429 33.76679456 -5.00000000
4.20436517 33.54155518 -5.00000000
3.92518226 33.31117986 -5.00000000
3.57692959 33.09520021 -5.00000000
3.16675077 32.91189338 -5.00000000
2.70653169 32.77687868 -5.00000000
2.21198903 32.70191826 -5.00000000
1.70146473 32.69401393 -5.00000000
1.19451883 32.75486953 -5.00000000
0.71042887 32.88076004 -5.00000000
0.26671089 33.06281751 -5.00000000
-0.12222428 33.28771190 -5.00000000
-0.44617631 33.53867449 -5.00000000
-0.69993738 33.79678532 -5.00000000
-0.88369092 34.04242586 -5.00000000
-1.00299637 34.25678520 -5.00000000
-1.06836119 34.42330438 -5.00000000
-1.09443298 34.52894776 -5.00000000
-1.09887372 34.56520386 -5.00000000
-1.17570995 34.72276658 -5.00000000
-1.56271789 34.96509564 -5.00000000
-2.12617278 34.93536016 -5.00000000
-2.48552498 34.65364308 -5.00000000
-2.54535033 34.48886825 -5.00000000
-2.54595031 34.45234613 -5.00000000
-2.56075791 34.34454540 -5.00000000
-2.60823288 34.17207127 -5.00000000
-2.70431349 33.94634526 -5.00000000
-2.86119175 33.68272840 -5.00000000
-3.08637612 33.39934194 -5.00000000
-3.38211394 33.11567616 -5.00000000
-3.74521773 32.85109406 -5.00000000
-4.16730878 32.62334482 -5.00000000
-4.63545935 32.44720126 -5.00000000
-5.13318407 32.33332569 -5.00000000
-5.64170458 32.28745147 -5.00000000
-6.14139012 32.30994301 -5.00000000
-6.61326368 32.39576793 -5.00000000
-7.04045785 32.53488367 -5.00000000
-7.40950880 32.71300871 -5.00000000
-7.71138885 32.91271931 -5.00000000
-7.94219847 33.11478750 -5.00000000
-8.10346463 33.29965758 -5.00000000
-8.20202235 33.44894781 -5.00000000
-8.24948891 33.54686199 -5.00000000
-8.26137067 33.58140253 -5.00000000
-8.36928698 33.71954698 -5.00000000
-8.79822091 33.87611709 -5.00000000
-9.34318060 33.72988254 -5.00000000
-9.63610782 33.37960813 -5.00000000
-9.66036723 33.20599564 -5.00000000
-9.65336072 33.17014687 -5.00000000
-9.64543171 33.06162318 -5.00000000
-9.65600985 32.88304742 -5.00000000
-9.70305979 32.64227778 -5.00000000
-9.80170085 32.35180476 -5.00000000
-9.96304505 32.02779251 -5.00000000
-10.19334286 31.68883816 -5.00000000
-10.49350225 31.35454428 -5.00000000
-10.85901787 31.04401425 -5.00000000
-11.28031592 30.77438588 -5.00000000
-11.74348810 30.55951597 -5.00000000
-12.23135842 30.40891686 -5.00000000
-12.72480089 30.32702643 -5.00000000
-13.20420688 30.31286785 -5.00000000
-13.65098963 30.36012491 -5.00000000
-14.04901021 30.45762748 -5.00000000
-14.38581562 30.59020954 -5.00000000
-14.65359384 30.73987403 -5.00000000
-14.84977259 30.88717513 -5.00000000
-14.97721578 31.01271171 -5.00000000
-15.04400258 31.09861738 -5.00000000
-15.06280608 31.12993277 -5.00000000
-15.19708600 31.24262137 -5.00000000
-15.64919945 31.30658966 -5.00000000
-16.15184660 31.05024720 -5.00000000
-16.36554651 30.64672414 -5.00000000
-16.35317973 30.47186168 -5.00000000
-16.33887295 30.43825303 -5.00000000
-16.30855387 30.33374937 -5.00000000
-16.28177285 30.15687660 -5.00000000
-16.27773582 29.91158612 -5.00000000
-16.31382860 29.60695200 -5.00000000
-16.40428110 29.25647486 -5.00000000
-16.55907378 28.87704586 -5.00000000
-16.78317036 28.48765047 -5.00000000
-17.07613577 28.10791129 -5.00000000
-17.43216855 27.75658215 -5.00000000
-17.84054535 27.45010876 -5.00000000
-18.28644322 27.20136665 -5.00000000
-18.75207680 27.01867328 -5.00000000
-19.21806289 26.90514998 -5.00000000
-19.66490766 26.85848300 -5.00000000
-20.07450246 26.87110178 -5.00000000
-20.43151322 26.93076082 -5.00000000
-20.72455684 27.02148056 -5.00000000
-20.94707424 27.12477492 -5.00000000
-21.09783301 27.22107129 -5.00000000
-21.18102115 27.29121397 -5.00000000
-21.20592459 27.31793557 -5.00000000
-21.36069945 27.40024328 -5.00000000
-21.81623289 27.36881405 -5.00000000
-22.25459940 27.01356707 -5.00000000
-22.37973229 26.57443124 -5.00000000
-22.33127980 26.40596114 -5.00000000
-22.31029803 26.37606147 -5.00000000
-22.25891396 26.28014516 -5.00000000
-22.19594426 26.11270557 -5.00000000
-22.14099668 25.87361462 -5.00000000
-22.11296376 25.56813338 -5.00000000
-22.12857136 25.20650887 -5.00000000
-22.20109372 24.80318810 -5.00000000
-22.33933340 24.37570963 -5.00000000
-22.54694460 23.94335773 -5.00000000
-22.82215177 23.52568260 -5.00000000
-23.15788515 23.14100007 -5.00000000
-23.54232269 22.80498620 -5.00000000
-23.95979698 22.52947444 -5.00000000
-24.39199733 22.32154795 -5.00000000
-24.81937486 22.18299651 -5.00000000
-25.22264262 22.11017998 -5.00000000
-25.58425565 22.09430862 -5.00000000
-25.88975726 22.12211872 -5.00000000
-26.12888823 22.17689189 -5.00000000
-26.29637370 22.23973944 -5.00000000
-26.39232746 22.29105354 -5.00000000
-26.42224243 22.31201350 -5.00000000
-26.59074782 22.36034309 -5.00000000
-27.02979226 22.23488993 -5.00000000
-27.38471941 21.79626442 -5.00000000
-27.41581637 21.34070818 -5.00000000
-27.33339578 21.18599339 -5.00000000
-27.30665603 21.16110946 -5.00000000
-27.23645270 21.07797250 -5.00000000
-27.14004639 20.92728400 -5.00000000
-27.03658975 20.70484201 -5.00000000
-26.94565628 20.41186464 -5.00000000
-26.88573686 20.05489748 -5.00000000
-26.87281933 19.64531200 -5.00000000
-26.91916037 19.19843331 -5.00000000
-27.03234375 18.73236454 -5.00000000
-27.21469745 18.26659782 -5.00000000
-27.46311425 17.82051864 -5.00000000
-27.76928970 17.41191842 -5.00000000
-28.12035905 17.05562947 -5.00000000
-28.49988444 16.76238716 -5.00000000
-28.88911628 16.53800662 -5.00000000
-29.26843227 16.38293723 -5.00000000
-29.61884334 16.29222911 -5.00000000
-29.92345106 16.25591414 -5.00000000
-30.16874442 16.25977226 -5.00000000
-30.34563667 16.28642426 -5.00000000
-30.45016242 16.31666711 -5.00000000
-30.48378149 16.33094937 -5.00000000
-30.65865292 16.34318860 -5.00000000
-31.06202001 16.12919443 -5.00000000
-31.31799578 15.62636044 -5.00000000
-31.25369773 15.17429376 -5.00000000
-31.14091121 15.04009607 -5.00000000
-31.10958212 15.02131542 -5.00000000
-31.02362776 14.95459130 -5.00000000
-30.89799826 14.82723971 -5.00000000
-30.75055411 14.63116845 -5.00000000
-30.60069433 14.36349946 -5.00000000
-30.46786665 14.02679085 -5.00000000
-30.37007379 13.62884149 -5.00000000
-30.32249086 13.18209333 -5.00000000
-30.33629977 12.70267714 -5.00000000
-30.41783025 12.20917507 -5.00000000
-30.56807347 11.72119503 -5.00000000
-30.78260549 11.25786625 -5.00000000
-31.05192650 10.83637165 -5.00000000
-31.36218984 10.47062962 -5.00000000
-31.69626469 10.17022648 -5.00000000
-32.03505098 9.93968150 -5.00000000
-32.35894546 9.77810102 -5.00000000
-32.64934645 9.67924811 -5.00000000
-32.89008171 9.63202256 -5.00000000
-33.06864971 9.62131418 -5.00000000
-33.17717916 9.62916403 -5.00000000
-33.21303302 9.63614439 -5.00000000
-33.38662778 9.61175835 -5.00000000
-33.73668843 9.31857573 -5.00000000
-33.88252545 8.77350951 -5.00000000
-33.72564252 8.34468990 -5.00000000
-33.58741939 8.23687439 -5.00000000
-33.55287020 8.22501782 -5.00000000
-33.45492142 8.17762269 -5.00000000
-33.30555934 8.07917388 -5.00000000
-33.12057169 7.91804261 -5.00000000
-32.91833520 7.68738044 -5.00000000
-32.71840446 7.38564614 -5.00000000
-32.54001029 7.01672521 -5.00000000
-32.40058299 6.58963262 -5.00000000
-32.31441391 6.11782179 -5.00000000
-32.29155791 5.61815279 -5.00000000
-32.33706121 5.10959896 -5.00000000
-32.45057371 4.61179131 -5.00000000
-32.62637576 4.14351239 -5.00000000
-32.85381706 3.72125533 -5.00000000
-33.11813425 3.35795865 -5.00000000
-33.40158424 3.06201400 -5.00000000
-33.68480638 2.83662299 -5.00000000
-33.94830874 2.67955249 -5.00000000
-34.17396461 2.58330726 -5.00000000
-34.34640407 2.53570651 -5.00000000
-34.45419397 2.52082028 -5.00000000
-34.49071564 2.52019366 -5.00000000
-34.65544679 2.46024814 -5.00000000
-34.93690168 2.10069056 -5.00000000
-34.96622617 1.53721413 -5.00000000
-34.72361490 1.15038304 -5.00000000
-34.56599618 1.07366176 -5.00000000
-34.52973685 1.06924747 -5.00000000
-34.42407448 1.04325274 -5.00000000
-34.25750766 0.97800939 -5.00000000
-34.04306136 0.85886033 -5.00000000
-33.79728686 0.67528600 -5.00000000
-33.53899100 0.42171326 -5.00000000
-33.28779219 0.09794438 -5.00000000
-33.06261418 -0.29082666 -5.00000000
-32.88023311 -0.73441173 -5.00000000
-32.75398954 -1.21840974 -5.00000000
-32.69276419 -1.72531111 -5.00000000
-32.70029615 -2.23584104 -5.00000000
-32.77489584 -2.73043825 -5.00000000
-32.90957482 -3.19075569 -5.00000000
-33.09258241 -3.60106809 -5.00000000
-33.30830799 -3.94947821 -5.00000000
-33.53847962 -4.22882908 -5.00000000
-33.76356703 -4.43725243 -5.00000000
-33.96428127 -4.57831096 -5.00000000
-34.12305576 -4.66072371 -5.00000000
-34.22539517 -4.69769541 -5.00000000
-34.26098847 -4.70590162 -5.00000000
-34.40965648 -4.79878672 -5.00000000
-34.61020468 -5.20900487 -5.00000000
-34.52173503 -5.76626490 -5.00000000
-34.20399869 -6.09420107 -5.00000000
-34.03387306 -6.13647503 -5.00000000
-33.99748830 -6.13325412 -5.00000000
-33.88873030 -6.13671237 -5.00000000
-33.71223851 -6.16589880 -5.00000000
-33.47770589 -6.23785828 -5.00000000
-33.19913491 -6.36632168 -5.00000000
-32.89376270 -6.56065051 -5.00000000
-32.58073785 -6.82511710 -5.00000000
-32.27965047 -7.15857541 -5.00000000
-32.00902835 -7.55454793 -5.00000000
-31.78491466 -8.00172191 -5.00000000
-31.61963651 -8.48481680 -5.00000000
-31.52085873 -8.98575642 -5.00000000
-31.49099569 -9.48505563 -5.00000000
-31.52702624 -9.96331536 -5.00000000
-31.62072593 -10.40271088 -5.00000000
-31.75929886 -10.78835927 -5.00000000
-31.92636037 -11.10946102 -5.00000000
-32.10319543 -11.36012813 -5.00000000
-32.27019586 -11.53983503 -5.00000000
-32.40836618 -11.65345793 -5.00000000
-32.50078238 -11.71089928 -5.00000000
-32.53389171 -11.72632642 -5.00000000
-32.65999906 -11.84809158 -5.00000000
-32.77087566 -12.29104179 -5.00000000
-32.56847840 -12.81773047 -5.00000000
-32.18950360 -13.07243936 -5.00000000
-32.01430638 -13.07841842 -5.00000000
-31.97938638 -13.06770308 -5.00000000
-31.87228599 -13.04847369 -5.00000000
-31.69358277 -13.04032763 -5.00000000
-31.44921404 -13.06195255 -5.00000000
-31.15002146 -13.12969055 -5.00000000
-30.81091912 -13.25628238 -5.00000000
-30.44974892 -13.44988821 -5.00000000
-30.08591114 -13.71346007 -5.00000000
-29.73887544 -14.04451414 -5.00000000
-29.42668648 -14.43532043 -5.00000000
-29.16457898 -14.87349529 -5.00000000
-28.96380853 -15.34295111 -5.00000000
-28.83078793 -15.82513057 -5.00000000
-28.76659533 -16.30043035 -5.00000000
-28.76689200 -16.74970528 -5.00000000
-28.82225596 -17.15573726 -5.00000000
-28.91890597 -17.50455621 -5.00000000
-29.03976014 -17.78651171 -5.00000000
-29.16574805 -17.99701293 -5.00000000
-29.27727548 -18.13688012 -5.00000000
-29.35572943 -18.21228065 -5.00000000
-29.38490777 -18.23425449 -5.00000000
-29.48294297 -18.37957798 -5.00000000
-29.49930212 -18.83590121 -5.00000000
-29.19182300 -19.30899972 -5.00000000
-28.76817275 -19.47934931 -5.00000000
-28.59556088 -19.44877217 -5.00000000
-28.56363181 -19.43103071 -5.00000000
-28.46286985 -19.38995411 -5.00000000
-28.28976538 -19.34483157 -5.00000000
-28.04624061 -19.31517681 -5.00000000
-27.73950259 -19.31922894 -5.00000000
-27.38149053 -19.37255109 -5.00000000
-26.98795985 -19.48683467 -5.00000000
-26.57727313 -19.66900072 -5.00000000
-26.16899098 -19.92066769 -5.00000000
-25.78237090 -20.23802619 -5.00000000
-25.43488940 -20.61213066 -5.00000000
-25.14090091 -21.02958522 -5.00000000
-24.91053638 -21.47357136 -5.00000000
-24.74892617 -21.92513831 -5.00000000
-24.65580684 -22.36465719 -5.00000000
-24.62554218 -22.77332721 -5.00000000
-24.64755661 -23.13461830 -5.00000000
-24.70714798 -23.43553939 -5.00000000
-24.78661709 -23.66763501 -5.00000000
-24.86662735 -23.82763363 -5.00000000
-24.92769025 -23.91769796 -5.00000000
-24.95166235 -23.94525814 -5.00000000
-25.01734080 -24.10778862 -5.00000000
-24.93846752 -24.55754136 -5.00000000
-24.53934484 -24.95637303 -5.00000000
-24.08953470 -25.03491823 -5.00000000
-23.92705216 -24.96912125 -5.00000000
-23.89950948 -24.94512906 -5.00000000
-23.80948971 -24.88400048 -5.00000000
-23.64954949 -24.80387354 -5.00000000
-23.41751190 -24.72423516 -5.00000000
-23.11663435 -24.66442432 -5.00000000
-22.75535942 -24.64214637 -5.00000000
-22.34666743 -24.67211294 -5.00000000
-21.90708075 -24.76491166 -5.00000000
-21.45539604 -24.92619246 -5.00000000
-21.01124199 -25.15623309 -5.00000000
-20.59357311 -25.44991701 -5.00000000
-20.21921529 -25.79712555 -5.00000000
-19.90157487 -26.18351405 -5.00000000
-19.64961017 -26.59161252 -5.00000000
-19.46714462 -27.00216626 -5.00000000
-19.35257403 -27.39561348 -5.00000000
-19.29899076 -27.75358655 -5.00000000
-19.29471490 -28.06032154 -5.00000000
-19.32419202 -28.30386787 -5.00000000
-19.36918829 -28.47700520 -5.00000000
-19.41019139 -28.57779710 -5.00000000
-19.42790955 -28.60973910 -5.00000000
-19.45836078 -28.78237323 -5.00000000
-19.28770223 -29.20589911 -5.00000000
-18.81437957 -29.51303308 -5.00000000
-18.35806839 -29.49634109 -5.00000000
-18.21281645 -29.39819991 -5.00000000
-18.19086390 -29.36900556 -5.00000000
-18.11552062 -29.29049663 -5.00000000
-17.97573481 -29.17886721 -5.00000000
-17.76532554 -29.05272580 -5.00000000
-17.48345826 -28.93166600 -5.00000000
-17.13470990 -28.83476160 -5.00000000
-16.72871841 -28.77910149 -5.00000000
-16.27944382 -28.77847712 -5.00000000
-15.80409734 -28.84232302 -5.00000000
-15.32182099 -28.97499189 -5.00000000
-14.85221885 -29.17541987 -5.00000000
-14.41385293 -29.43720770 -5.00000000
-14.02281903 -29.74911152 -5.00000000
-13.69151193 -30.09590566 -5.00000000
-13.42767476 -30.45955110 -5.00000000
-13.23380554 -30.82057999 -5.00000000
-13.10696640 -31.15958989 -5.00000000
-13.03901019 -31.45873299 -5.00000000
-13.01720704 -31.70308589 -5.00000000
-13.02522275 -31.88179500 -5.00000000
-13.04437402 -31.98890938 -5.00000000
-13.05506389 -32.02383719 -5.00000000
-13.04895703 -32.19903000 -5.00000000
-12.79397179 -32.57781892 -5.00000000
-12.26713563 -32.77983196 -5.00000000
-11.82426640 -32.66863231 -5.00000000
-11.70259326 -32.54243617 -5.00000000
-11.68719027 -32.50931560 -5.00000000
-11.62981635 -32.41685753 -5.00000000
-11.51629426 -32.27860437 -5.00000000
-11.33670921 -32.11147291 -5.00000000
-11.08617116 -31.93445506 -5.00000000
-10.76519134 -31.76715938 -5.00000000
-10.37964413 -31.62830520 -5.00000000
-9.94031707 -31.53428504 -5.00000000
-9.46208375 -31.49790566 -5.00000000
-8.96276288 -31.52740450 -5.00000000
-8.46175136 -31.62581687 -5.00000000
-7.97853604 -31.79074261 -5.00000000
-7.53119871 -32.01453008 -5.00000000
-7.13502891 -32.28486331 -5.00000000
-6.80135108 -32.58570739 -5.00000000
-6.53665624 -32.89853925 -5.00000000
-6.34210472 -33.20376964 -5.00000000
-6.21343817 -33.48224685 -5.00000000
-6.14130764 -33.71672692 -5.00000000
-6.11199248 -33.89319737 -5.00000000
-6.10845491 -34.00195282 -5.00000000
-6.11164928 -34.03833992 -5.00000000
-6.06925124 -34.20843467 -5.00000000
-5.74108340 -34.52593172 -5.00000000
-5.18375899 -34.61399490 -5.00000000
-4.77368723 -34.41314753 -5.00000000
-4.68091059 -34.26441182 -5.00000000
-4.67273035 -34.22881254 -5.00000000
-4.63583330 -34.12644619 -5.00000000
-4.55353639 -33.96761163 -5.00000000
-4.41262429 -33.76679456 -5.00000000
-4.20436517 -33.54155518 -5.00000000
-3.92518226 -33.31117986 -5.00000000
-3.57692959 -33.09520021 -5.00000000
-3.16675077 -32.91189338 -5.00000000
-2.70653169 -32.77687868 -5.00000000
-2.21198903 -32.70191826 -5.00000000
-1.70146473 -32.69401393 -5.00000000
-1.19451883 -32.75486953 -5.00000000
-0.71042887 -32.88076004 -5.00000000
-0.26671089 -33.06281751 -5.00000000
0.12222428 -33.28771190 -5.00000000
0.44617631 -33.53867449 -5.00000000
0.69993738 -33.79678532 -5.00000000
0.88369092 -34.04242586 -5.00000000
1.00299637 -34.25678520 -5.00000000
1.06836119 -34.42330438 -5.00000000
1.09443298 -34.52894776 -5.00000000
1.09887372 -34.56520386 -5.00000000
1.17570995 -34.72276658 -5.00000000
1.56271789 -34.96509564 -5.00000000
2.12617278 -34.93536016 -5.00000000
2.48552498 -34.65364308 -5.00000000
2.54535033 -34.48886825 -5.00000000
2.54595031 -34.45234613 -5.00000000
2.56075791 -34.34454540 -5.00000000
2.60823288 -34.17207127 -5.00000000
2.70431349 -33.94634526 -5.00000000
2.86119175 -33.68272840 -5.00000000
3.08637612 -33.39934194 -5.00000000
3.38211394 -33.11567616 -5.00000000
3.74521773 -32.85109406 -5.00000000
4.16730878 -32.62334482 -5.00000000
4.63545935 -32.44720126 -5.00000000
5.13318407 -32.33332569 -5.00000000
5.64170458 -32.28745147 -5.00000000
6.14139012 -32.30994301 -5.00000000
6.61326368 -32.39576793 -5.00000000
7.04045785 -32.53488367 -5.00000000
7.40950880 -32.71300871 -5.00000000
7.71138885 -32.91271931 -5.00000000
7.94219847 -33.11478750 -5.00000000
8.10346463 -33.29965758 -5.00000000
8.20202235 -33.44894781 -5.00000000
8.24948891 -33.54686199 -5.00000000
8.26137067 -33.58140253 -5.00000000
8.36928698 -33.71954698 -5.00000000
8.79822091 -33.87611709 -5.00000000
9.34318060 -33.72988254 -5.00000000
9.63610782 -33.37960813 -5.00000000
9.66036723 -33.20599564 -5.00000000
9.65336072 -33.17014687 -5.00000000
9.64543171 -33.06162318 -5.00000000
9.65600985 -32.88304742 -5.00000000
9.70305979 -32.64227778 -5.00000000
9.80170085 -32.35180476 -5.00000000
9.96304505 -32.02779251 -5.00000000
10.19334286 -31.68883816 -5.00000000
10.49350225 -31.35454428 -5.00000000
10.85901787 -31.04401425 -5.00000000
11.28031592 -30.77438588 -5.00000000
11.74348810 -30.55951597 -5.00000000
12.23135842 -30.40891686 -5.00000000
12.72480089 -30.32702643 -5.00000000
13.20420688 -30.31286785 -5.00000000
13.65098963 -30.36012491 -5.00000000
14.04901021 -30.45762748 -5.00000000
14.38581562 -30.59020954 -5.00000000
14.65359384 -30.73987403 -5.00000000
14.84977259 -30.88717513 -5.00000000
14.97721578 -31.01271171 -5.00000000
15.04400258 -31.09861738 -5.00000000
15.06280608 -31.12993277 -5.00000000
15.19708600 -31.24262137 -5.00000000
15.64919945 -31.30658966 -5.00000000
16.15184660 -31.05024720 -5.00000000
16.36554651 -30.64672414 -5.00000000
16.35317973 -30.47186168 -5.00000000
16.33887295 -30.43825303 -5.00000000
16.30855387 -30.33374937 -5.00000000
16.28177285 -30.15687660 -5.00000000
16.27773582 -29.91158612 -5.00000000
16.31382860 -29.60695200 -5.00000000
16.40428110 -29.25647486 -5.00000000
16.55907378 -28.87704586 -5.00000000
16.78317036 -28.48765047 -5.00000000
17.07613577 -28.10791129 -5.00000000
17.43216855 -27.75658215 -5.00000000
17.84054535 -27.45010876 -5.00000000
18.28644322 -27.20136665 -5.00000000
18.75207680 -27.01867328 -5.00000000
19.21806289 -26.90514998 -5.00000000
19.66490766 -26.85848300 -5.00000000
20.07450246 -26.87110178 -5.00000000
20.43151322 -26.93076082 -5.00000000
20.72455684 -27.02148056 -5.00000000
20.94707424 -27.12477492 -5.00000000
21.09783301 -27.22107129 -5.00000000
21.18102115 -27.29121397 -5.00000000
21.20592459 -27.31793557 -5.00000000
21.36069945 -27.40024328 -5.00000000
21.81623289 -27.36881405 -5.00000000
22.25459940 -27.01356707 -5.00000000
22.37973229 -26.57443124 -5.00000000
22.33127980 -26.40596114 -5.00000000
22.31029803 -26.37606147 -5.00000000
22.25891396 -26.28014516 -5.00000000
22.19594426 -26.11270557 -5.00000000
22.14099668 -25.87361462 -5.00000000
22.11296376 -25.56813338 -5.00000000
22.12857136 -25.20650887 -5.00000000
22.20109372 -24.80318810 -5.00000000
22.33933340 -24.37570963 -5.00000000
22.54694460 -23.94335773 -5.00000000
22.82215177 -23.52568260 -5.00000000
23.15788515 -23.14100007 -5.00000000
23.54232269 -22.80498620 -5.00000000
23.95979698 -22.52947444 -5.00000000
24.39199733 -22.32154795 -5.00000000
24.81937486 -22.18299651 -5.00000000
25.22264262 -22.11017998 -5.00000000
25.58425565 -22.09430862 -5.00000000
25.88975726 -22.12211872 -5.00000000
26.12888823 -22.17689189 -5.00000000
26.29637370 -22.23973944 -5.00000000
26.39232746 -22.29105354 -5.00000000
26.42224243 -22.31201350 -5.00000000
26.59074782 -22.36034309 -5.00000000
27.02979226 -22.23488993 -5.00000000
27.38471941 -21.79626442 -5.00000000
27.41581637 -21.34070818 -5.00000000
27.33339578 -21.18599339 -5.00000000
27.30665603 -21.16110946 -5.00000000
27.23645270 -21.07797250 -5.00000000
27.14004639 -20.92728400 -5.00000000
27.03658975 -20.70484201 -5.00000000
26.94565628 -20.41186464 -5.00000000
26.88573686 -20.05489748 -5.00000000
26.87281933 -19.64531200 -5.00000000
26.91916037 -19.19843331 -5.00000000
27.03234375 -18.73236454 -5.00000000
27.21469745 -18.26659782 -5.00000000
27.46311425 -17.82051864 -5.00000000
27.76928970 -17.41191842 -5.00000000
28.12035905 -17.05562947 -5.00000000
28.49988444 -16.76238716 -5.00000000
28.88911628 -16.53800662 -5.00000000
29.26843227 -16.38293723 -5.00000000
29.61884334 -16.29222911 -5.00000000
29.92345106 -16.25591414 -5.00000000
30.16874442 -16.25977226 -5.00000000
30.34563667 -16.28642426 -5.00000000
30.45016242 -16.31666711 -5.00000000
30.48378149 -16.33094937 -5.00000000
30.65865292 -16.34318860 -5.00000000
31.06202001 -16.12919443 -5.00000000
31.31799578 -15.62636044 -5.00000000
31.25369773 -15.17429376 -5.00000000
31.14091121 -15.04009607 -5.00000000
31.10958212 -15.02131542 -5.00000000
31.02362776 -14.95459130 -5.00000000
30.89799826 -14.82723971 -5.00000000
30.75055411 -14.63116845 -5.00000000
30.60069433 -14.36349946 -5.00000000
30.46786665 -14.02679085 -5.00000000
30.37007379 -13.62884149 -5.00000000
30.32249086 -13.18209333 -5.00000000
30.33629977 -12.70267714 -5.00000000
30.41783025 -12.20917507 -5.00000000
30.56807347 -11.72119503 -5.00000000
30.78260549 -11.25786625 -5.00000000
31.05192650 -10.83637165 -5.00000000
31.36218984 -10.47062962 -5.00000000
31.69626469 -10.17022648 -5.00000000
32.03505098 -9.93968150 -5.00000000
32.35894546 -9.77810102 -5.00000000
32.64934645 -9.67924811 -5.00000000
32.89008171 -9.63202256 -5.00000000
33.06864971 -9.62131418 -5.00000000
33.17717916 -9.62916403 -5.00000000
33.21303302 -9.63614439 -5.00000000
33.38662778 -9.61175835 -5.00000000
33.73668843 -9.31857573 -5.00000000
33.88252545 -8.77350951 -5.00000000
33.72564252 -8.34468990 -5.00000000
33.58741939 -8.23687439 -5.00000000
33.55287020 -8.22501782 -5.00000000
33.45492142 -8.17762269 -5.00000000
33.30555934 -8.07917388 -5.00000000
33.12057169 -7.91804261 -5.00000000
32.91833520 -7.68738044 -5.00000000
32.71840446 -7.38564614 -5.00000000
32.54001029 -7.01672521 -5.00000000
32.40058299 -6.58963262 -5.00000000
32.31441391 -6.11782179 -5.00000000
32.29155791 -5.61815279 -5.00000000
32.33706121 -5.10959896 -5.00000000
32.45057371 -4.61179131 -5.00000000
32.62637576 -4.14351239 -5.00000000
32.85381706 -3.72125533 -5.00000000
33.11813425 -3.35795865 -5.00000000
33.40158424 -3.06201400 -5.00000000
33.68480638 -2.83662299 -5.00000000
33.94830874 -2.67955249 -5.00000000
34.17396461 -2.58330726 -5.00000000
34.34640407 -2.53570651 -5.00000000
34.45419397 -2.52082028 -5.00000000
34.49071564 -2.52019366 -5.00000000
