6.44220338 2.51723049 -5.00000000
6.47965402 2.53735324 -5.00000000
6.58017351 2.61436051 -5.00000000
6.72059057 2.76804327 -5.00000000
6.87254158 3.00972437 -5.00000000
7.00543631 3.34104305 -5.00000000
7.08965641 3.75374590 -5.00000000
7.09965438 4.23050610 -5.00000000
7.01663126 4.74668594 -5.00000000
6.83051471 5.27285950 -5.00000000
6.54103224 5.77783370 -5.00000000
6.15776795 6.23185389 -5.00000000
5.69919680 6.60966118 -5.00000000
5.19079681 6.89308399 -5.00000000
4.66243512 7.07289476 -5.00000000
4.14529933 7.14973899 -5.00000000
3.66869278 7.13404019 -5.00000000
3.25702663 7.04489063 -5.00000000
2.92732092 6.90804319 -5.00000000
2.68747428 6.75321280 -5.00000000
2.53548175 6.61096790 -5.00000000
2.45968209 6.50953467 -5.00000000
2.44000864 6.47184606 -5.00000000
2.32517582 6.34836553 -5.00000000
1.90629647 6.21509537 -5.00000000
1.38077563 6.35254558 -5.00000000
1.08078681 6.67383603 -5.00000000
1.04111614 6.83772702 -5.00000000
1.04241464 6.88022161 -5.00000000
1.02598414 7.00577768 -5.00000000
0.96309949 7.20422380 -5.00000000
0.82977302 7.45665778 -5.00000000
0.60929000 7.73740733 -5.00000000
0.29398890 8.01669550 -5.00000000
-0.11389856 8.26373410 -5.00000000
-0.60243498 8.44992389 -5.00000000
-1.15117292 8.55182901 -5.00000000
-1.73323464 8.55361694 -5.00000000
-2.31805981 8.44871042 -5.00000000
-2.87453609 8.24047980 -5.00000000
-3.37418744 7.94190390 -5.00000000
-3.79408898 7.57423464 -5.00000000
-4.11920594 7.16480402 -5.00000000
-4.34391365 6.74420125 -5.00000000
-4.47254094 6.34311312 -5.00000000
-4.51888043 5.98915588 -5.00000000
-4.50471671 5.70402740 -5.00000000
-4.45752527 5.50127556 -5.00000000
-4.40758135 5.38491451 -5.00000000
-4.38477878 5.34903250 -5.00000000
-4.33525791 5.18784409 -5.00000000
-4.42928224 4.75844885 -5.00000000
-4.81107803 4.37205956 -5.00000000
-5.23931814 4.27290684 -5.00000000
-5.40108724 4.32049654 -5.00000000
-5.43723938 4.34286836 -5.00000000
-5.55418937 4.39141716 -5.00000000
-5.75749107 4.43618053 -5.00000000
-6.04276855 4.44693341 -5.00000000
-6.39614631 4.39636428 -5.00000000
-6.79566751 4.26294960 -5.00000000
-7.21355295 4.03322800 -5.00000000
-7.61906623 3.70323795 -5.00000000
-7.98168763 3.27896951 -5.00000000
-8.27426689 2.77578324 -5.00000000
-8.47582776 2.21685653 -5.00000000
-8.57373289 1.63081862 -5.00000000
-8.56498425 1.04881991 -5.00000000
-8.45652410 0.50133988 -5.00000000
-8.26450526 0.01506503 -5.00000000
-8.01260643 -0.38983895 -5.00000000
-7.72956757 -0.70177751 -5.00000000
-7.44620136 -0.91888731 -5.00000000
-7.19219098 -1.04918541 -5.00000000
-6.99300702 -1.10969235 -5.00000000
-6.86726344 -1.12462016 -5.00000000
-6.82478742 -1.12281356 -5.00000000
-6.66043373 -1.16052143 -5.00000000
-6.33557871 -1.45664652 -5.00000000
-6.19185366 -1.98048602 -5.00000000
-6.32010494 -2.40092918 -5.00000000
-6.44220338 -2.51723049 -5.00000000
-6.47965402 -2.53735324 -5.00000000
-6.58017351 -2.61436051 -5.00000000
-6.72059057 -2.76804327 -5.00000000
-6.87254158 -3.00972437 -5.00000000
-7.00543631 -3.34104305 -5.00000000
-7.08965641 -3.75374590 -5.00000000
-7.09965438 -4.23050610 -5.00000000
-7.01663126 -4.74668594 -5.00000000
-6.83051471 -5.27285950 -5.00000000
-6.54103224 -5.77783370 -5.00000000
-6.15776795 -6.23185389 -5.00000000
-5.69919680 -6.60966118 -5.00000000
-5.19079681 -6.89308399 -5.00000000
-4.66243512 -7.07289476 -5.00000000
-4.14529933 -7.14973899 -5.00000000
-3.66869278 -7.13404019 -5.00000000
-3.25702663 -7.04489063 -5.00000000
-2.92732092 -6.90804319 -5.00000000
-2.68747428 -6.75321280 -5.00000000
-2.53548175 -6.61096790 -5.00000000
-2.45968209 -6.50953467 -5.00000000
-2.44000864 -6.47184606 -5.00000000
-2.32517582 -6.34836553 -5.00000000
-1.90629647 -6.21509537 -5.00000000
-1.38077563 -6.35254558 -5.00000000
-1.08078681 -6.67383603 -5.00000000
-1.04111614 -6.83772702 -5.00000000
-1.04241464 -6.88022161 -5.00000000
-1.02598414 -7.00577768 -5.00000000
-0.96309949 -7.20422380 -5.00000000
-0.82977302 -7.45665778 -5.00000000
-0.60929000 -7.73740733 -5.00000000
-0.29398890 -8.01669550 -5.00000000
0.11389856 -8.26373410 -5.00000000
0.60243498 -8.44992389 -5.00000000
1.15117292 -8.55182901 -5.00000000
1.73323464 -8.55361694 -5.00000000
2.31805981 -8.44871042 -5.00000000
2.87453609 -8.24047980 -5.00000000
3.37418744 -7.94190390 -5.00000000
3.79408898 -7.57423464 -5.00000000
4.11920594 -7.16480402 -5.00000000
4.34391365 -6.74420125 -5.00000000
4.47254094 -6.34311312 -5.00000000
4.51888043 -5.98915588 -5.00000000
4.50471671 -5.70402740 -5.00000000
4.45752527 -5.50127556 -5.00000000
4.40758135 -5.38491451 -5.00000000
4.38477878 -5.34903250 -5.00000000
4.33525791 -5.18784409 -5.00000000
4.42928224 -4.75844885 -5.00000000
4.81107803 -4.37205956 -5.00000000
5.23931814 -4.27290684 -5.00000000
5.40108724 -4.32049654 -5.00000000
5.43723938 -4.34286836 -5.00000000
5.55418937 -4.39141716 -5.00000000
5.75749107 -4.43618053 -5.00000000
6.04276855 -4.44693341 -5.00000000
6.39614631 -4.39636428 -5.00000000
6.79566751 -4.26294960 -5.00000000
7.21355295 -4.03322800 -5.00000000
7.61906623 -3.70323795 -5.00000000
7.98168763 -3.27896951 -5.00000000
8.27426689 -2.77578324 -5.00000000
8.47582776 -2.21685653 -5.00000000
8.57373289 -1.63081862 -5.00000000
8.56498425 -1.04881991 -5.00000000
8.45652410 -0.50133988 -5.00000000
8.26450526 -0.01506503 -5.00000000
8.01260643 0.38983895 -5.00000000
7.72956757 0.70177751 -5.00000000
7.44620136 0.91888731 -5.00000000
7.19219098 1.04918541 -5.00000000
6.99300702 1.10969235 -5.00000000
6.86726344 1.12462016 -5.00000000
6.82478742 1.12281356 -5.00000000
6.66043373 1.16052143 -5.00000000
6.33557871 1.45664652 -5.00000000
6.19185366 1.98048602 -5.00000000
6.32010494 2.40092918 -5.00000000
6.44220338 2.51723049 -5.00000000
