24.48979592 0.00000000 0.00000000
24.47771168 0.76924308 0.00000000
24.44147090 1.53772701 0.00000000
24.38110934 2.30469339 0.00000000
24.29668656 3.06938531 0.00000000
24.18828589 3.83104812 0.00000000
24.05601430 4.58893015 0.00000000
23.90000233 5.34228346 0.00000000
23.72040395 6.09036458 0.00000000
23.51739638 6.83243525 0.00000000
23.29117999 7.56776313 0.00000000
23.04197802 8.29562254 0.00000000
22.77003639 9.01529517 0.00000000
22.47562349 9.72607079 0.00000000
22.15902986 10.42724796 0.00000000
21.82056794 11.11813469 0.00000000
21.46057176 11.79804916 0.00000000
21.07939658 12.46632039 0.00000000
20.67741858 13.12228886 0.00000000
20.25503447 13.76530721 0.00000000
19.81266109 14.39474087 0.00000000
19.35073500 15.00996866 0.00000000
18.86971207 15.61038342 0.00000000
18.37006701 16.19539262 0.00000000
17.85229292 16.76441892 0.00000000
17.31690076 17.31690076 0.00000000
16.76441892 17.85229292 0.00000000
16.19539262 18.37006701 0.00000000
15.61038342 18.86971207 0.00000000
15.00996866 19.35073500 0.00000000
14.39474087 19.81266109 0.00000000
13.76530721 20.25503447 0.00000000
13.12228886 20.67741858 0.00000000
12.46632039 21.07939658 0.00000000
11.79804916 21.46057176 0.00000000
11.11813469 21.82056794 0.00000000
10.42724796 22.15902986 0.00000000
9.72607079 22.47562349 0.00000000
9.01529517 22.77003639 0.00000000
8.29562254 23.04197802 0.00000000
7.56776313 23.29117999 0.00000000
6.83243525 23.51739638 0.00000000
6.09036458 23.72040395 0.00000000
5.34228346 23.90000233 0.00000000
4.58893015 24.05601430 0.00000000
3.83104812 24.18828589 0.00000000
3.06938531 24.29668656 0.00000000
2.30469339 24.38110934 0.00000000
1.53772701 24.44147090 0.00000000
0.76924308 24.47771168 0.00000000
-0.00000000 24.48979592 0.00000000
-0.76924308 24.47771168 0.00000000
-1.53772701 24.44147090 0.00000000
-2.30469339 24.38110934 0.00000000
-3.06938531 24.29668656 0.00000000
-3.83104812 24.18828589 0.00000000
-4.58893015 24.05601430 0.00000000
-5.34228346 23.90000233 0.00000000
-6.09036458 23.72040395 0.00000000
-6.83243525 23.51739638 0.00000000
-7.56776313 23.29117999 0.00000000
-8.29562254 23.04197802 0.00000000
-9.01529517 22.77003639 0.00000000
-9.72607079 22.47562349 0.00000000
-10.42724796 22.15902986 0.00000000
-11.11813469 21.82056794 0.00000000
-11.79804916 21.46057176 0.00000000
-12.46632039 21.07939658 0.00000000
-13.12228886 20.67741858 0.00000000
-13.76530721 20.25503447 0.00000000
-14.39474087 19.81266109 0.00000000
-15.00996866 19.35073500 0.00000000
-15.61038342 18.86971207 0.00000000
-16.19539262 18.37006701 0.00000000
-16.76441892 17.85229292 0.00000000
-17.31690076 17.31690076 0.00000000
-17.85229292 16.76441892 0.00000000
-18.37006701 16.19539262 0.00000000
-18.86971207 15.61038342 0.00000000
-19.35073500 15.00996866 0.00000000
-19.81266109 14.39474087 0.00000000
-20.25503447 13.76530721 0.00000000
-20.67741858 13.12228886 0.00000000
-21.07939658 12.46632039 0.00000000
-21.46057176 11.79804916 0.00000000
-21.82056794 11.11813469 0.00000000
-22.15902986 10.42724796 0.00000000
-22.47562349 9.72607079 0.00000000
-22.77003639 9.01529517 0.00000000
-23.04197802 8.29562254 0.00000000
-23.29117999 7.56776313 0.00000000
-23.51739638 6.83243525 0.00000000
-23.72040395 6.09036458 0.00000000
-23.90000233 5.34228346 0.00000000
-24.05601430 4.58893015 0.00000000
-24.18828589 3.83104812 0.00000000
-24.29668656 3.06938531 0.00000000
-24.38110934 2.30469339 0.00000000
-24.44147090 1.53772701 0.00000000
-24.47771168 0.76924308 0.00000000
-24.48979592 -0.00000000 0.00000000
-24.47771168 -0.76924308 0.00000000
-24.44147090 -1.53772701 0.00000000
-24.38110934 -2.30469339 0.00000000
-24.29668656 -3.06938531 0.00000000
-24.18828589 -3.83104812 0.00000000
-24.05601430 -4.58893015 0.00000000
-23.90000233 -5.34228346 0.00000000
-23.72040395 -6.09036458 0.00000000
-23.51739638 -6.83243525 0.00000000
-23.29117999 -7.56776313 0.00000000
-23.04197802 -8.29562254 0.00000000
-22.77003639 -9.01529517 0.00000000
-22.47562349 -9.72607079 0.00000000
-22.15902986 -10.42724796 0.00000000
-21.82056794 -11.11813469 0.00000000
-21.46057176 -11.79804916 0.00000000
-21.07939658 -12.46632039 0.00000000
-20.67741858 -13.12228886 0.00000000
-20.25503447 -13.76530721 0.00000000
-19.81266109 -14.39474087 0.00000000
-19.35073500 -15.00996866 0.00000000
-18.86971207 -15.61038342 0.00000000
-18.37006701 -16.19539262 0.00000000
-17.85229292 -16.76441892 0.00000000
-17.31690076 -17.31690076 0.00000000
-16.76441892 -17.85229292 0.00000000
-16.19539262 -18.37006701 0.00000000
-15.61038342 -18.86971207 0.00000000
-15.00996866 -19.35073500 0.00000000
-14.39474087 -19.81266109 0.00000000
-13.76530721 -20.25503447 0.00000000
-13.12228886 -20.67741858 0.00000000
-12.46632039 -21.07939658 0.00000000
-11.79804916 -21.46057176 0.00000000
-11.11813469 -21.82056794 0.00000000
-10.42724796 -22.15902986 0.00000000
-9.72607079 -22.47562349 0.00000000
-9.01529517 -22.77003639 0.00000000
-8.29562254 -23.04197802 0.00000000
-7.56776313 -23.29117999 0.00000000
-6.83243525 -23.51739638 0.00000000
-6.09036458 -23.72040395 0.00000000
-5.34228346 -23.90000233 0.00000000
-4.58893015 -24.05601430 0.00000000
-3.83104812 -24.18828589 0.00000000
-3.06938531 -24.29668656 0.00000000
-2.30469339 -24.38110934 0.00000000
-1.53772701 -24.44147090 0.00000000
-0.76924308 -24.47771168 0.00000000
-0.00000000 -24.48979592 0.00000000
0.76924308 -24.47771168 0.00000000
1.53772701 -24.44147090 0.00000000
2.30469339 -24.38110934 0.00000000
3.06938531 -24.29668656 0.00000000
3.83104812 -24.18828589 0.00000000
4.58893015 -24.05601430 0.00000000
5.34228346 -23.90000233 0.00000000
6.09036458 -23.72040395 0.00000000
6.83243525 -23.51739638 0.00000000
7.56776313 -23.29117999 0.00000000
8.29562254 -23.04197802 0.00000000
9.01529517 -22.77003639 0.00000000
9.72607079 -22.47562349 0.00000000
10.42724796 -22.15902986 0.00000000
11.11813469 -21.82056794 0.00000000
11.79804916 -21.46057176 0.00000000
12.46632039 -21.07939658 0.00000000
13.12228886 -20.67741858 0.00000000
13.76530721 -20.25503447 0.00000000
14.39474087 -19.81266109 0.00000000
15.00996866 -19.35073500 0.00000000
15.61038342 -18.86971207 0.00000000
16.19539262 -18.37006701 0.00000000
16.76441892 -17.85229292 0.00000000
17.31690076 -17.31690076 0.00000000
17.85229292 -16.76441892 0.00000000
18.37006701 -16.19539262 0.00000000
18.86971207 -15.61038342 0.00000000
19.35073500 -15.00996866 0.00000000
19.81266109 -14.39474087 0.00000000
20.25503447 -13.76530721 0.00000000
20.67741858 -13.12228886 0.00000000
21.07939658 -12.46632039 0.00000000
21.46057176 -11.79804916 0.00000000
21.82056794 -11.11813469 0.00000000
22.15902986 -10.42724796 0.00000000
22.47562349 -9.72607079 0.00000000
22.77003639 -9.01529517 0.00000000
23.04197802 -8.29562254 0.00000000
23.29117999 -7.56776313 0.00000000
23.51739638 -6.83243525 0.00000000
23.72040395 -6.09036458 0.00000000
23.90000233 -5.34228346 0.00000000
24.05601430 -4.58893015 0.00000000
24.18828589 -3.83104812 0.00000000
24.29668656 -3.06938531 0.00000000
24.38110934 -2.30469339 0.00000000
24.44147090 -1.53772701 0.00000000
24.47771168 -0.76924308 0.00000000
24.48979592 0.00000000 0.00000000
