-1.89011284 -31.56357052 0.00000000
-1.77923188 -31.62567517 0.00000000
-1.42219441 -31.67774268 0.00000000
-0.90085461 -31.53987585 0.00000000
-0.40169453 -31.14641303 0.00000000
-0.10088753 -30.58651221 0.00000000
-0.05564492 -30.04915240 0.00000000
-0.16892031 -29.70658057 0.00000000
-0.24933573 -29.60816850 0.00000000
-0.32814728 -29.51722735 0.00000000
-0.45713981 -29.20067712 0.00000000
-0.47053916 -28.69003223 0.00000000
-0.26988750 -28.12256091 0.00000000
0.12123125 -27.66505581 0.00000000
0.57016237 -27.42133755 0.00000000
0.90879918 -27.37477324 0.00000000
1.02696230 -27.39755547 0.00000000
1.15239736 -27.41799123 0.00000000
1.50571097 -27.34480468 0.00000000
1.94845690 -27.03694353 0.00000000
2.28294173 -26.49648661 0.00000000
2.37411049 -25.86746989 0.00000000
2.23283677 -25.34704297 0.00000000
2.00922625 -25.06387321 0.00000000
1.90000156 -24.99889980 0.00000000
1.79483923 -24.94039822 0.00000000
1.56535934 -24.68705634 0.00000000
1.37811723 -24.21178996 0.00000000
1.37258149 -23.60991444 0.00000000
1.58363694 -23.04622978 0.00000000
1.92213765 -22.66366604 0.00000000
2.22442622 -22.50408929 0.00000000
2.34325522 -22.48508342 0.00000000
2.46811506 -22.46138543 0.00000000
2.77508998 -22.27177221 0.00000000
3.08584034 -21.83104932 0.00000000
3.21530612 -21.20878540 0.00000000
3.08584034 -20.58652148 0.00000000
2.77508998 -20.14579859 0.00000000
2.46811506 -19.95618536 0.00000000
2.34325522 -19.93248737 0.00000000
2.22442622 -19.91348150 0.00000000
1.92213765 -19.75390476 0.00000000
1.58363694 -19.37134102 0.00000000
1.37258149 -18.80765636 0.00000000
1.37811723 -18.20578084 0.00000000
1.56535934 -17.73051445 0.00000000
1.79483923 -17.47717258 0.00000000
1.90000156 -17.41867099 0.00000000
2.00922625 -17.35369759 0.00000000
2.23283677 -17.07052783 0.00000000
2.37411049 -16.55010090 0.00000000
2.28294173 -15.92108418 0.00000000
1.94845690 -15.38062727 0.00000000
1.50571097 -15.07276611 0.00000000
1.15239736 -14.99957957 0.00000000
1.02696230 -15.02001532 0.00000000
0.90879918 -15.04279756 0.00000000
0.57016237 -14.99623325 0.00000000
0.12123125 -14.75251499 0.00000000
-0.26988750 -14.29500989 0.00000000
-0.47053916 -13.72753857 0.00000000
-0.45713981 -13.21689368 0.00000000
-0.32814728 -12.90034345 0.00000000
-0.24933573 -12.80940230 0.00000000
-0.16892031 -12.71099023 0.00000000
-0.05564492 -12.36841839 0.00000000
-0.10088753 -11.83105859 0.00000000
-0.40169453 -11.27115777 0.00000000
-0.90085461 -10.87769495 0.00000000
-1.42219441 -10.73982812 0.00000000
-1.77923188 -10.79189563 0.00000000
-1.89011284 -10.85400028 0.00000000
-1.99335787 -10.91582274 0.00000000
-2.32749831 -10.98788722 0.00000000
-2.83271213 -10.91241045 0.00000000
-3.35671949 -10.61626678 0.00000000
-3.73935700 -10.15164507 0.00000000
-3.90141656 -9.66721299 0.00000000
-3.88846979 -9.32563503 0.00000000
-3.84551486 -9.21322317 0.00000000
-3.80360800 -9.09324238 0.00000000
-3.81433041 -8.73258769 0.00000000
-4.04063244 -8.24310853 0.00000000
-4.51479592 -7.81985592 0.00000000
-5.11842517 -7.62084461 0.00000000
-5.65547757 -7.66960088 0.00000000
-5.97317490 -7.84064234 0.00000000
-6.05612788 -7.93692514 0.00000000
-6.13200195 -8.03033113 0.00000000
-6.42134375 -8.21233235 0.00000000
-6.92190402 -8.31420069 0.00000000
-7.51559698 -8.21513774 0.00000000
-8.03406860 -7.90940589 0.00000000
-8.35204031 -7.50961627 0.00000000
-8.45670086 -7.18420992 0.00000000
-8.45478355 -7.06388588 0.00000000
-8.45643983 -6.93680782 0.00000000
-8.58986678 -6.60157055 0.00000000
-8.96993286 -6.21901045 0.00000000
-9.56026169 -5.98345656 0.00000000
-10.19555353 -6.00290046 0.00000000
-10.68354207 -6.23239911 0.00000000
-10.92358029 -6.50178439 0.00000000
-10.96859993 -6.62063222 0.00000000
-11.00795150 -6.73435560 0.00000000
-11.21759578 -7.00434153 0.00000000
-11.65312755 -7.27126815 0.00000000
-12.24489796 -7.38123438 0.00000000
-12.83666837 -7.27126815 0.00000000
-13.27220014 -7.00434153 0.00000000
-13.48184442 -6.73435560 0.00000000
-13.52119598 -6.62063222 0.00000000
-13.56621563 -6.50178439 0.00000000
-13.80625384 -6.23239911 0.00000000
-14.29424239 -6.00290046 0.00000000
-14.92953422 -5.98345656 0.00000000
-15.51986306 -6.21901045 0.00000000
-15.89992914 -6.60157055 0.00000000
-16.03335608 -6.93680782 0.00000000
-16.03501236 -7.06388588 0.00000000
-16.03309505 -7.18420992 0.00000000
-16.13775561 -7.50961627 0.00000000
-16.45572732 -7.90940589 0.00000000
-16.97419894 -8.21513774 0.00000000
-17.56789190 -8.31420069 0.00000000
-18.06845217 -8.21233235 0.00000000
-18.35779397 -8.03033113 0.00000000
-18.43366803 -7.93692514 0.00000000
-18.51662102 -7.84064234 0.00000000
-18.83431835 -7.66960088 0.00000000
-19.37137075 -7.62084461 0.00000000
-19.97500000 -7.81985592 0.00000000
-20.44916348 -8.24310853 0.00000000
-20.67546551 -8.73258769 0.00000000
-20.68618792 -9.09324238 0.00000000
-20.64428106 -9.21322317 0.00000000
-20.60132613 -9.32563503 0.00000000
-20.58837936 -9.66721299 0.00000000
-20.75043892 -10.15164507 0.00000000
-21.13307643 -10.61626678 0.00000000
-21.65708379 -10.91241045 0.00000000
-22.16229761 -10.98788722 0.00000000
-22.49643805 -10.91582274 0.00000000
-22.59968308 -10.85400028 0.00000000
-22.71056404 -10.79189563 0.00000000
-23.06760150 -10.73982812 0.00000000
-23.58894131 -10.87769495 0.00000000
-24.08810139 -11.27115777 0.00000000
-24.38890838 -11.83105859 0.00000000
-24.43415100 -12.36841839 0.00000000
-24.32087561 -12.71099023 0.00000000
-24.24046019 -12.80940230 0.00000000
-24.16164864 -12.90034345 0.00000000
-24.03265611 -13.21689368 0.00000000
-24.01925675 -13.72753857 0.00000000
-24.21990841 -14.29500989 0.00000000
-24.61102717 -14.75251499 0.00000000
-25.05995829 -14.99623325 0.00000000
-25.39859510 -15.04279756 0.00000000
-25.51675822 -15.02001532 0.00000000
-25.64219328 -14.99957957 0.00000000
-25.99550689 -15.07276611 0.00000000
-26.43825282 -15.38062727 0.00000000
-26.77273765 -15.92108418 0.00000000
-26.86390641 -16.55010090 0.00000000
-26.72263269 -17.07052783 0.00000000
-26.49902217 -17.35369759 0.00000000
-26.38979748 -17.41867099 0.00000000
-26.28463514 -17.47717258 0.00000000
-26.05515526 -17.73051445 0.00000000
-25.86791315 -18.20578084 0.00000000
-25.86237741 -18.80765636 0.00000000
-26.07343286 -19.37134102 0.00000000
-26.41193356 -19.75390476 0.00000000
-26.71422214 -19.91348150 0.00000000
-26.83305114 -19.93248737 0.00000000
-26.95791098 -19.95618536 0.00000000
-27.26488589 -20.14579859 0.00000000
-27.57563626 -20.58652148 0.00000000
-27.70510204 -21.20878540 0.00000000
-27.57563626 -21.83104932 0.00000000
-27.26488589 -22.27177221 0.00000000
-26.95791098 -22.46138543 0.00000000
-26.83305114 -22.48508342 0.00000000
-26.71422214 -22.50408929 0.00000000
-26.41193356 -22.66366604 0.00000000
-26.07343286 -23.04622978 0.00000000
-25.86237741 -23.60991444 0.00000000
-25.86791315 -24.21178996 0.00000000
-26.05515526 -24.68705634 0.00000000
-26.28463514 -24.94039822 0.00000000
-26.38979748 -24.99889980 0.00000000
-26.49902217 -25.06387321 0.00000000
-26.72263269 -25.34704297 0.00000000
-26.86390641 -25.86746989 0.00000000
-26.77273765 -26.49648661 0.00000000
-26.43825282 -27.03694353 0.00000000
-25.99550689 -27.34480468 0.00000000
-25.64219328 -27.41799123 0.00000000
-25.51675822 -27.39755547 0.00000000
-25.39859510 -27.37477324 0.00000000
-25.05995829 -27.42133755 0.00000000
-24.61102717 -27.66505581 0.00000000
-24.21990841 -28.12256091 0.00000000
-24.01925675 -28.69003223 0.00000000
-24.03265611 -29.20067712 0.00000000
-24.16164864 -29.51722735 0.00000000
-24.24046019 -29.60816850 0.00000000
-24.32087561 -29.70658057 0.00000000
-24.43415100 -30.04915240 0.00000000
-24.38890838 -30.58651221 0.00000000
-24.08810139 -31.14641303 0.00000000
-23.58894131 -31.53987585 0.00000000
-23.06760150 -31.67774268 0.00000000
-22.71056404 -31.62567517 0.00000000
-22.59968308 -31.56357052 0.00000000
-22.49643805 -31.50174805 0.00000000
-22.16229761 -31.42968358 0.00000000
-21.65708379 -31.50516035 0.00000000
-21.13307643 -31.80130402 0.00000000
-20.75043892 -32.26592573 0.00000000
-20.58837936 -32.75035781 0.00000000
-20.60132613 -33.09193577 0.00000000
-20.64428106 -33.20434763 0.00000000
-20.68618792 -33.32432842 0.00000000
-20.67546551 -33.68498311 0.00000000
-20.44916348 -34.17446227 0.00000000
-19.97500000 -34.59771488 0.00000000
-19.37137075 -34.79672619 0.00000000
-18.83431835 -34.74796992 0.00000000
-18.51662102 -34.57692846 0.00000000
-18.43366803 -34.48064566 0.00000000
-18.35779397 -34.38723966 0.00000000
-18.06845217 -34.20523845 0.00000000
-17.56789190 -34.10337011 0.00000000
-16.97419894 -34.20243306 0.00000000
-16.45572732 -34.50816491 0.00000000
-16.13775561 -34.90795453 0.00000000
-16.03309505 -35.23336087 0.00000000
-16.03501236 -35.35368492 0.00000000
-16.03335608 -35.48076298 0.00000000
-15.89992914 -35.81600025 0.00000000
-15.51986306 -36.19856034 0.00000000
-14.92953422 -36.43411424 0.00000000
-14.29424239 -36.41467034 0.00000000
-13.80625384 -36.18517169 0.00000000
-13.56621563 -35.91578640 0.00000000
-13.52119598 -35.79693857 0.00000000
-13.48184442 -35.68321519 0.00000000
-13.27220014 -35.41322927 0.00000000
-12.83666837 -35.14630265 0.00000000
-12.24489796 -35.03633642 0.00000000
-11.65312755 -35.14630265 0.00000000
-11.21759578 -35.41322927 0.00000000
-11.00795150 -35.68321519 0.00000000
-10.96859993 -35.79693857 0.00000000
-10.92358029 -35.91578640 0.00000000
-10.68354207 -36.18517169 0.00000000
-10.19555353 -36.41467034 0.00000000
-9.56026169 -36.43411424 0.00000000
-8.96993286 -36.19856034 0.00000000
-8.58986678 -35.81600025 0.00000000
-8.45643983 -35.48076298 0.00000000
-8.45478355 -35.35368492 0.00000000
-8.45670086 -35.23336087 0.00000000
-8.35204031 -34.90795453 0.00000000
-8.03406860 -34.50816491 0.00000000
-7.51559698 -34.20243306 0.00000000
-6.92190402 -34.10337011 0.00000000
-6.42134375 -34.20523845 0.00000000
-6.13200195 -34.38723966 0.00000000
-6.05612788 -34.48064566 0.00000000
-5.97317490 -34.57692846 0.00000000
-5.65547757 -34.74796992 0.00000000
-5.11842517 -34.79672619 0.00000000
-4.51479592 -34.59771488 0.00000000
-4.04063244 -34.17446227 0.00000000
-3.81433041 -33.68498311 0.00000000
-3.80360800 -33.32432842 0.00000000
-3.84551486 -33.20434763 0.00000000
-3.88846979 -33.09193577 0.00000000
-3.90141656 -32.75035781 0.00000000
-3.73935700 -32.26592573 0.00000000
-3.35671949 -31.80130402 0.00000000
-2.83271213 -31.50516035 0.00000000
-2.32749831 -31.42968358 0.00000000
-1.99335787 -31.50174805 0.00000000
-1.89011284 -31.56357052 0.00000000
