-23.49720872 30.58047961 11.00000000
-23.61327122 30.63225866 11.00000000
-23.97356172 30.65168881 11.00000000
-24.48022796 30.46704923 11.00000000
-24.94159568 30.02988381 11.00000000
-25.19031578 29.44498032 11.00000000
-25.18657433 28.90573228 11.00000000
-25.04265833 28.57486227 11.00000000
-24.95363845 28.48415926 11.00000000
-24.86689425 28.40075065 11.00000000
-24.70968904 28.09722199 11.00000000
-24.64997387 27.58990371 11.00000000
-24.79826497 27.00655600 11.00000000
-25.14622214 26.51542405 11.00000000
-25.57116659 26.23194574 11.00000000
-25.90417580 26.15482253 11.00000000
-26.02391954 26.16678035 11.00000000
-26.15069210 26.17574103 11.00000000
-26.49589993 26.07077279 11.00000000
-26.90885999 25.72397828 11.00000000
-27.19288446 25.15538011 11.00000000
-27.22655612 24.52068333 11.00000000
-27.03860662 24.01523558 11.00000000
-26.79020561 23.75354165 11.00000000
-26.67553203 23.69875528 11.00000000
-26.56549172 23.65004510 11.00000000
-26.31395423 23.41858880 11.00000000
-26.08432725 22.96228934 11.00000000
-26.02415864 22.36340327 11.00000000
-26.18315440 21.78288183 11.00000000
-26.48551628 21.37115979 11.00000000
-26.77206488 21.18479183 11.00000000
-26.88867701 21.15507373 11.00000000
-27.01086898 21.12013525 11.00000000
-27.29935697 20.90342934 11.00000000
-27.56880179 20.43630843 11.00000000
-27.64122546 19.80485884 11.00000000
-27.45578739 19.19692258 11.00000000
-27.10629931 18.78623957 11.00000000
-26.78337412 18.62528586 11.00000000
-26.65687817 18.61302419 11.00000000
-26.53681423 18.60488759 11.00000000
-26.22128360 18.47342071 11.00000000
-25.84944121 18.12317653 11.00000000
-25.58807011 17.58098658 11.00000000
-25.53892722 16.98109512 11.00000000
-25.68223722 16.49078910 11.00000000
-25.88776323 16.21765510 11.00000000
-25.98717860 16.14984553 11.00000000
-26.09005183 16.07522199 11.00000000
-26.28702408 15.77291634 11.00000000
-26.38045463 15.24181071 11.00000000
-26.23254213 14.62367183 11.00000000
-25.85036090 14.11582217 11.00000000
-25.38148767 13.84943833 11.00000000
-25.02298784 13.80863825 11.00000000
-24.89992679 13.84038021 11.00000000
-24.78432071 13.87379859 11.00000000
-24.44285458 13.85817796 11.00000000
-23.97364647 13.65623368 11.00000000
-23.54259809 13.23613597 11.00000000
-23.29124392 12.68923024 11.00000000
-23.25821674 12.17947839 11.00000000
-23.35793068 11.85252235 11.00000000
-23.42815833 11.75480015 11.00000000
-23.49930479 11.64949223 11.00000000
-23.58100354 11.29804936 11.00000000
-23.48715071 10.76701820 11.00000000
-23.13674249 10.23674671 11.00000000
-22.60391479 9.89023781 11.00000000
-22.07220944 9.80028297 11.00000000
-21.72137534 9.88455759 11.00000000
-21.61659217 9.95647464 11.00000000
-21.51938775 10.02741726 11.00000000
-21.19317198 10.12952696 11.00000000
-20.68319157 10.10024003 11.00000000
-20.13445671 9.85290454 11.00000000
-19.71120827 9.42494946 11.00000000
-19.50582747 8.95723537 11.00000000
-19.48770238 8.61589301 11.00000000
-19.52027182 8.50004490 11.00000000
-19.55111019 8.37675431 11.00000000
-19.50768136 8.01856342 11.00000000
-19.23786520 7.55165691 11.00000000
-18.72722564 7.17321138 11.00000000
-18.10801836 7.02983733 11.00000000
-17.57761240 7.12716137 11.00000000
-17.27675981 7.32634594 11.00000000
-17.20289291 7.42976382 11.00000000
-17.13581445 7.52967394 11.00000000
-16.86419547 7.73719804 11.00000000
-16.37495392 7.88410090 11.00000000
-15.77471810 7.83935994 11.00000000
-15.23062541 7.58197320 11.00000000
-14.87766294 7.21271009 11.00000000
-14.74388497 6.89815235 11.00000000
-14.73486784 6.77815133 11.00000000
-14.72167857 6.65174872 11.00000000
-14.55836032 6.33001292 11.00000000
-14.14512463 5.98354688 11.00000000
-13.53584441 5.80257342 11.00000000
-12.90494308 5.87962724 11.00000000
-12.43981130 6.15249146 11.00000000
-12.22522748 6.44256137 11.00000000
-12.19118629 6.56500635 11.00000000
-12.16232443 6.68183334 11.00000000
-11.97806350 6.96974137 11.00000000
-11.56857056 7.27511537 11.00000000
-10.98923109 7.43836536 11.00000000
-10.38991975 7.38259160 11.00000000
-9.93194810 7.15631805 11.00000000
-9.69865284 6.90648523 11.00000000
-9.64913675 6.79680519 11.00000000
-9.59351065 6.68253660 11.00000000
-9.33000157 6.43606197 11.00000000
-8.82318868 6.25182532 11.00000000
-8.18875599 6.29015200 11.00000000
-7.62225662 6.57833987 11.00000000
-7.27850078 6.99383279 11.00000000
-7.17606769 7.33980135 11.00000000
-7.18595809 7.46650476 11.00000000
-7.19879400 7.58615756 11.00000000
-7.12411571 7.91972356 11.00000000
-6.84376228 8.34673608 11.00000000
-6.35519603 8.69828667 11.00000000
-5.77295184 8.85085302 11.00000000
-5.26520915 8.79486097 11.00000000
-4.96053545 8.63988659 11.00000000
-4.87649277 8.55375657 11.00000000
-4.78513917 8.46540446 11.00000000
-4.45322235 8.32391948 11.00000000
-3.91396137 8.32413388 11.00000000
-3.33089814 8.57713794 11.00000000
-2.89712893 9.04170015 11.00000000
-2.71621105 9.54970721 11.00000000
-2.73828365 9.90984548 11.00000000
-2.79091271 10.02552503 11.00000000
-2.84389818 10.13357174 11.00000000
-2.88780983 10.47256273 11.00000000
-2.77041066 10.96970977 11.00000000
-2.43154595 11.46715876 11.00000000
-1.93659614 11.80966348 11.00000000
-1.44032368 11.93070639 11.00000000
-1.10101969 11.88928264 11.00000000
-0.99258720 11.83709119 11.00000000
-0.87652470 11.78531214 11.00000000
-0.51623420 11.76588199 11.00000000
-0.00956796 11.95052157 11.00000000
0.45179976 12.38768699 11.00000000
0.70051986 12.97259048 11.00000000
0.69677841 13.51183852 11.00000000
0.55286241 13.84270852 11.00000000
0.46384254 13.93341154 11.00000000
0.37709833 14.01682015 11.00000000
0.21989313 14.32034880 11.00000000
0.16017795 14.82766709 11.00000000
0.30846905 15.41101479 11.00000000
0.65642622 15.90214675 11.00000000
1.08137068 16.18562506 11.00000000
1.41437988 16.26274827 11.00000000
1.53412362 16.25079045 11.00000000
1.66089618 16.24182976 11.00000000
2.00610401 16.34679800 11.00000000
2.41906408 16.69359252 11.00000000
2.70308854 17.26219069 11.00000000
2.73676021 17.89688746 11.00000000
2.54881070 18.40233522 11.00000000
2.30040969 18.66402915 11.00000000
2.18573611 18.71881552 11.00000000
2.07569580 18.76752570 11.00000000
1.82415831 18.99898200 11.00000000
1.59453133 19.45528145 11.00000000
1.53436272 20.05416753 11.00000000
1.69335848 20.63468896 11.00000000
1.99572036 21.04641100 11.00000000
2.28226896 21.23277897 11.00000000
2.39888109 21.26249706 11.00000000
2.52107306 21.29743555 11.00000000
2.80956105 21.51414146 11.00000000
3.07900587 21.98126236 11.00000000
3.15142954 22.61271196 11.00000000
2.96599147 23.22064822 11.00000000
2.61650339 23.63133123 11.00000000
2.29357820 23.79228494 11.00000000
2.16708225 23.80454661 11.00000000
2.04701831 23.81268320 11.00000000
1.73148768 23.94415009 11.00000000
1.35964529 24.29439427 11.00000000
1.09827419 24.83658422 11.00000000
1.04913131 25.43647568 11.00000000
1.19244130 25.92678170 11.00000000
1.39796731 26.19991569 11.00000000
1.49738268 26.26772526 11.00000000
1.60025591 26.34234881 11.00000000
1.79722816 26.64465446 11.00000000
1.89065871 27.17576009 11.00000000
1.74274622 27.79389896 11.00000000
1.36056498 28.30174863 11.00000000
0.89169175 28.56813246 11.00000000
0.53319192 28.60893255 11.00000000
0.41013087 28.57719059 11.00000000
0.29452480 28.54377220 11.00000000
-0.04694133 28.55939283 11.00000000
-0.51614944 28.76133712 11.00000000
-0.94719783 29.18143483 11.00000000
-1.19855199 29.72834055 11.00000000
-1.23157918 30.23809240 11.00000000
-1.13186524 30.56504844 11.00000000
-1.06163759 30.66277065 11.00000000
-0.99049113 30.76807857 11.00000000
-0.90879238 31.11952143 11.00000000
-1.00264520 31.65055260 11.00000000
-1.35305343 32.18082409 11.00000000
-1.88588113 32.52733299 11.00000000
-2.41758648 32.61728783 11.00000000
-2.76842058 32.53301320 11.00000000
-2.87320375 32.46109616 11.00000000
-2.97040817 32.39015354 11.00000000
-3.29662394 32.28804384 11.00000000
-3.80660435 32.31733077 11.00000000
-4.35533921 32.56466625 11.00000000
-4.77858764 32.99262134 11.00000000
-4.98396845 33.46033543 11.00000000
-5.00209354 33.80167778 11.00000000
-4.96952410 33.91752589 11.00000000
-4.93868573 34.04081649 11.00000000
-4.98211456 34.39900737 11.00000000
-5.25193072 34.86591388 11.00000000
-5.76257027 35.24435942 11.00000000
-6.38177756 35.38773347 11.00000000
-6.91218352 35.29040942 11.00000000
-7.21303611 35.09122486 11.00000000
-7.28690301 34.98780698 11.00000000
-7.35398147 34.88789686 11.00000000
-7.62560045 34.68037276 11.00000000
-8.11484200 34.53346990 11.00000000
-8.71507782 34.57821085 11.00000000
-9.25917051 34.83559760 11.00000000
-9.61213298 35.20486071 11.00000000
-9.74591095 35.51941845 11.00000000
-9.75492808 35.63941947 11.00000000
-9.76811735 35.76582207 11.00000000
-9.93143560 36.08755788 11.00000000
-10.34467129 36.43402392 11.00000000
-10.95395151 36.61499738 11.00000000
-11.58485283 36.53794355 11.00000000
-12.04998462 36.26507934 11.00000000
-12.26456844 35.97500943 11.00000000
-12.29860963 35.85256445 11.00000000
-12.32747149 35.73573746 11.00000000
-12.51173242 35.44782943 11.00000000
-12.92122535 35.14245543 11.00000000
-13.50056483 34.97920543 11.00000000
-14.09987617 35.03497920 11.00000000
-14.55784782 35.26125274 11.00000000
-14.79114308 35.51108557 11.00000000
-14.84065917 35.62076561 11.00000000
-14.89628527 35.73503420 11.00000000
-15.15979435 35.98150883 11.00000000
-15.66660724 36.16574548 11.00000000
-16.30103993 36.12741880 11.00000000
-16.86753929 35.83923093 11.00000000
-17.21129514 35.42373800 11.00000000
-17.31372823 35.07776945 11.00000000
-17.30383782 34.95106604 11.00000000
-17.29100192 34.83141324 11.00000000
-17.36568021 34.49784724 11.00000000
-17.64603364 34.07083471 11.00000000
-18.13459989 33.71928413 11.00000000
-18.71684408 33.56671778 11.00000000
-19.22458677 33.62270982 11.00000000
-19.52926046 33.77768421 11.00000000
-19.61330315 33.86381423 11.00000000
-19.70465675 33.95216634 11.00000000
-20.03657357 34.09365132 11.00000000
-20.57583455 34.09343692 11.00000000
-21.15889777 33.84043286 11.00000000
-21.59266699 33.37587065 11.00000000
-21.77358487 32.86786359 11.00000000
-21.75151227 32.50772532 11.00000000
-21.69888321 32.39204577 11.00000000
-21.64589774 32.28399905 11.00000000
-21.60198609 31.94500807 11.00000000
-21.71938525 31.44786103 11.00000000
-22.05824997 30.95041204 11.00000000
-22.55319977 30.60790732 11.00000000
-23.04947224 30.48686441 11.00000000
-23.38877622 30.52828816 11.00000000
-23.49720872 30.58047961 11.00000000
