38.26881750 -4.95799495 11.00000000
38.39559006 -4.96695563 11.00000000
38.74079789 -4.86198740 11.00000000
39.15375795 -4.51519288 11.00000000
39.43778242 -3.94659471 11.00000000
39.47145408 -3.31189794 11.00000000
39.28350458 -2.80645018 11.00000000
39.03510357 -2.54475625 11.00000000
38.92042999 -2.48996988 11.00000000
38.81038967 -2.44125970 11.00000000
38.55885219 -2.20980340 11.00000000
38.32922521 -1.75350395 11.00000000
38.26905659 -1.15461787 11.00000000
38.42805236 -0.57409643 11.00000000
38.73041424 -0.16237439 11.00000000
39.01696284 0.02399357 11.00000000
39.13357497 0.05371167 11.00000000
39.25576694 0.08865015 11.00000000
39.54425493 0.30535606 11.00000000
39.81369975 0.77247697 11.00000000
39.88612342 1.40392656 11.00000000
39.70068535 2.01186282 11.00000000
39.35119727 2.42254583 11.00000000
39.02827208 2.58349954 11.00000000
38.90177612 2.59576121 11.00000000
38.78171219 2.60389781 11.00000000
38.46618156 2.73536469 11.00000000
38.09433917 3.08560887 11.00000000
37.83296807 3.62779882 11.00000000
37.78382518 4.22769028 11.00000000
37.92713518 4.71799630 11.00000000
38.13266119 4.99113030 11.00000000
38.23207656 5.05893986 11.00000000
38.33494979 5.13356341 11.00000000
38.53192204 5.43586906 11.00000000
38.62535259 5.96697469 11.00000000
38.47744009 6.58511357 11.00000000
38.09525886 7.09296323 11.00000000
37.62638563 7.35934706 11.00000000
37.26788580 7.40014715 11.00000000
37.14482475 7.36840519 11.00000000
37.02921867 7.33498680 11.00000000
36.68775254 7.35060744 11.00000000
36.21854443 7.55255172 11.00000000
35.78749605 7.97264943 11.00000000
35.53614188 8.51955515 11.00000000
35.50311470 9.02930701 11.00000000
35.60282864 9.35626304 11.00000000
35.67305629 9.45398525 11.00000000
35.74420275 9.55929317 11.00000000
35.82590150 9.91073604 11.00000000
35.73204867 10.44176720 11.00000000
35.38164045 10.97203869 11.00000000
34.84881275 11.31854759 11.00000000
34.31710740 11.40850243 11.00000000
33.96627330 11.32422781 11.00000000
33.86149013 11.25231076 11.00000000
33.76428571 11.18136814 11.00000000
33.43806994 11.07925844 11.00000000
32.92808953 11.10854537 11.00000000
32.37935467 11.35588086 11.00000000
31.95610623 11.78383594 11.00000000
31.75072543 12.25155003 11.00000000
31.73260034 12.59289239 11.00000000
31.76516977 12.70874050 11.00000000
31.79600815 12.83203109 11.00000000
31.75257932 13.19022197 11.00000000
31.48276316 13.65712849 11.00000000
30.97212360 14.03557402 11.00000000
30.35291632 14.17894807 11.00000000
29.82251036 14.08162403 11.00000000
29.52165777 13.88243946 11.00000000
29.44779087 13.77902158 11.00000000
29.38071240 13.67911146 11.00000000
29.10909343 13.47158736 11.00000000
28.61985188 13.32468450 11.00000000
28.01961606 13.36942546 11.00000000
27.47552337 13.62681220 11.00000000
27.12256090 13.99607531 11.00000000
26.98878292 14.31063305 11.00000000
26.97976580 14.43063407 11.00000000
26.96657652 14.55703668 11.00000000
26.80325828 14.87877248 11.00000000
26.39002259 15.22523852 11.00000000
25.78074237 15.40621198 11.00000000
25.14984104 15.32915815 11.00000000
24.68470926 15.05629394 11.00000000
24.47012543 14.76622403 11.00000000
24.43608425 14.64377905 11.00000000
24.40722239 14.52695206 11.00000000
24.22296146 14.23904403 11.00000000
23.81346852 13.93367003 11.00000000
23.23412904 13.77042003 11.00000000
22.63481771 13.82619380 11.00000000
22.17684606 14.05246734 11.00000000
21.94355080 14.30230017 11.00000000
21.89403471 14.41198021 11.00000000
21.83840861 14.52624880 11.00000000
21.57489953 14.77272343 11.00000000
21.06808664 14.95696008 11.00000000
20.43365395 14.91863340 11.00000000
19.86715458 14.63044553 11.00000000
19.52339874 14.21495260 11.00000000
19.42096565 13.86898405 11.00000000
19.43085605 13.74228064 11.00000000
19.44369196 13.62262784 11.00000000
19.36901367 13.28906184 11.00000000
19.08866024 12.86204931 11.00000000
18.60009399 12.51049873 11.00000000
18.01784980 12.35793238 11.00000000
17.51010711 12.41392443 11.00000000
17.20543341 12.56889881 11.00000000
17.12139073 12.65502883 11.00000000
17.03003713 12.74338094 11.00000000
16.69812031 12.88486592 11.00000000
16.15885933 12.88465152 11.00000000
15.57579610 12.63164746 11.00000000
15.14202689 12.16708525 11.00000000
14.96110901 11.65907819 11.00000000
14.98318161 11.29893992 11.00000000
15.03581066 11.18326037 11.00000000
15.08879613 11.07521366 11.00000000
15.13270779 10.73622267 11.00000000
15.01530862 10.23907563 11.00000000
14.67644391 9.74162664 11.00000000
14.18149410 9.39912192 11.00000000
13.68522164 9.27807901 11.00000000
13.34591765 9.31950276 11.00000000
13.23748516 9.37169421 11.00000000
13.12142266 9.42347326 11.00000000
12.76113216 9.44290341 11.00000000
12.25446592 9.25826383 11.00000000
11.79309820 8.82109841 11.00000000
11.54437810 8.23619492 11.00000000
11.54811955 7.69694688 11.00000000
11.69203555 7.36607687 11.00000000
11.78105542 7.27537386 11.00000000
11.86779963 7.19196525 11.00000000
12.02500483 6.88843659 11.00000000
12.08472001 6.38111831 11.00000000
11.93642891 5.79777061 11.00000000
11.58847174 5.30663865 11.00000000
11.16352728 5.02316034 11.00000000
10.83051808 4.94603713 11.00000000
10.71077434 4.95799495 11.00000000
10.58400178 4.96695563 11.00000000
10.23879395 4.86198740 11.00000000
9.82583388 4.51519288 11.00000000
9.54180942 3.94659471 11.00000000
9.50813775 3.31189794 11.00000000
9.69608726 2.80645018 11.00000000
9.94448827 2.54475625 11.00000000
10.05916185 2.48996988 11.00000000
10.16920216 2.44125970 11.00000000
10.42073964 2.20980340 11.00000000
10.65036663 1.75350395 11.00000000
10.71053524 1.15461787 11.00000000
10.55153948 0.57409643 11.00000000
10.24917760 0.16237439 11.00000000
9.96262900 -0.02399357 11.00000000
9.84601687 -0.05371167 11.00000000
9.72382490 -0.08865015 11.00000000
9.43533690 -0.30535606 11.00000000
9.16589209 -0.77247697 11.00000000
9.09346842 -1.40392656 11.00000000
9.27890649 -2.01186282 11.00000000
9.62839456 -2.42254583 11.00000000
9.95131976 -2.58349954 11.00000000
10.07781571 -2.59576121 11.00000000
10.19787965 -2.60389781 11.00000000
10.51341028 -2.73536469 11.00000000
10.88525267 -3.08560887 11.00000000
11.14662377 -3.62779882 11.00000000
11.19576665 -4.22769028 11.00000000
11.05245666 -4.71799630 11.00000000
10.84693065 -4.99113030 11.00000000
10.74751528 -5.05893986 11.00000000
10.64464205 -5.13356341 11.00000000
10.44766980 -5.43586906 11.00000000
10.35423925 -5.96697469 11.00000000
10.50215174 -6.58511357 11.00000000
10.88433298 -7.09296323 11.00000000
11.35320620 -7.35934706 11.00000000
11.71170603 -7.40014715 11.00000000
11.83476709 -7.36840519 11.00000000
11.95037316 -7.33498680 11.00000000
12.29183929 -7.35060744 11.00000000
12.76104740 -7.55255172 11.00000000
13.19209578 -7.97264943 11.00000000
13.44344995 -8.51955515 11.00000000
13.47647714 -9.02930701 11.00000000
13.37676320 -9.35626304 11.00000000
13.30653555 -9.45398525 11.00000000
13.23538909 -9.55929317 11.00000000
13.15369034 -9.91073604 11.00000000
13.24754316 -10.44176720 11.00000000
13.59795139 -10.97203869 11.00000000
14.13077909 -11.31854759 11.00000000
14.66248444 -11.40850243 11.00000000
15.01331854 -11.32422781 11.00000000
15.11810171 -11.25231076 11.00000000
15.21530612 -11.18136814 11.00000000
15.54152190 -11.07925844 11.00000000
16.05150231 -11.10854537 11.00000000
16.60023717 -11.35588086 11.00000000
17.02348560 -11.78383594 11.00000000
17.22886641 -12.25155003 11.00000000
17.24699150 -12.59289239 11.00000000
17.21442206 -12.70874050 11.00000000
17.18358369 -12.83203109 11.00000000
17.22701251 -13.19022197 11.00000000
17.49682868 -13.65712849 11.00000000
18.00746823 -14.03557402 11.00000000
18.62667552 -14.17894807 11.00000000
19.15708148 -14.08162403 11.00000000
19.45793407 -13.88243946 11.00000000
19.53180097 -13.77902158 11.00000000
19.59887943 -13.67911146 11.00000000
19.87049841 -13.47158736 11.00000000
20.35973996 -13.32468450 11.00000000
20.95997578 -13.36942546 11.00000000
21.50406847 -13.62681220 11.00000000
21.85703094 -13.99607531 11.00000000
21.99080891 -14.31063305 11.00000000
21.99982604 -14.43063407 11.00000000
22.01301531 -14.55703668 11.00000000
22.17633356 -14.87877248 11.00000000
22.58956925 -15.22523852 11.00000000
23.19884947 -15.40621198 11.00000000
23.82975079 -15.32915815 11.00000000
24.29488257 -15.05629394 11.00000000
24.50946640 -14.76622403 11.00000000
24.54350758 -14.64377905 11.00000000
24.57236945 -14.52695206 11.00000000
24.75663038 -14.23904403 11.00000000
25.16612331 -13.93367003 11.00000000
25.74546279 -13.77042003 11.00000000
26.34477413 -13.82619380 11.00000000
26.80274578 -14.05246734 11.00000000
27.03604104 -14.30230017 11.00000000
27.08555713 -14.41198021 11.00000000
27.14118323 -14.52624880 11.00000000
27.40469230 -14.77272343 11.00000000
27.91150520 -14.95696008 11.00000000
28.54593789 -14.91863340 11.00000000
29.11243725 -14.63044553 11.00000000
29.45619310 -14.21495260 11.00000000
29.55862619 -13.86898405 11.00000000
29.54873578 -13.74228064 11.00000000
29.53589988 -13.62262784 11.00000000
29.61057817 -13.28906184 11.00000000
29.89093160 -12.86204931 11.00000000
30.37949785 -12.51049873 11.00000000
30.96174204 -12.35793238 11.00000000
31.46948473 -12.41392443 11.00000000
31.77415842 -12.56889881 11.00000000
31.85820111 -12.65502883 11.00000000
31.94955471 -12.74338094 11.00000000
32.28147153 -12.88486592 11.00000000
32.82073251 -12.88465152 11.00000000
33.40379573 -12.63164746 11.00000000
33.83756495 -12.16708525 11.00000000
34.01848283 -11.65907819 11.00000000
33.99641023 -11.29893992 11.00000000
33.94378117 -11.18326037 11.00000000
33.89079570 -11.07521366 11.00000000
33.84688405 -10.73622267 11.00000000
33.96428321 -10.23907563 11.00000000
34.30314793 -9.74162664 11.00000000
34.79809773 -9.39912192 11.00000000
35.29437020 -9.27807901 11.00000000
35.63367418 -9.31950276 11.00000000
35.74210668 -9.37169421 11.00000000
35.85816918 -9.42347326 11.00000000
36.21845968 -9.44290341 11.00000000
36.72512592 -9.25826383 11.00000000
37.18649364 -8.82109841 11.00000000
37.43521374 -8.23619492 11.00000000
37.43147229 -7.69694688 11.00000000
37.28755629 -7.36607687 11.00000000
37.19853641 -7.27537386 11.00000000
37.11179220 -7.19196525 11.00000000
36.95458700 -6.88843659 11.00000000
36.89487183 -6.38111831 11.00000000
37.04316293 -5.79777061 11.00000000
37.39112009 -5.30663865 11.00000000
37.81606455 -5.02316034 11.00000000
38.14907376 -4.94603713 11.00000000
38.26881750 -4.95799495 11.00000000
