39.07794909 -1.27629802 0.00000000
39.20280894 -1.25260004 0.00000000
39.50978385 -1.06298681 0.00000000
39.82053422 -0.62226392 0.00000000
39.95000000 -0.00000000 0.00000000
39.82053422 0.62226392 0.00000000
39.50978385 1.06298681 0.00000000
39.20280894 1.25260004 0.00000000
39.07794909 1.27629802 0.00000000
38.95912010 1.29530389 0.00000000
38.65683152 1.45488064 0.00000000
38.31833081 1.83744438 0.00000000
38.10727537 2.40112904 0.00000000
38.11281111 3.00300456 0.00000000
38.30005322 3.47827095 0.00000000
38.52953310 3.73161282 0.00000000
38.63469544 3.79011440 0.00000000
38.74392013 3.85508781 0.00000000
38.96753065 4.13825757 0.00000000
39.10880437 4.65868450 0.00000000
39.01763561 5.28770122 0.00000000
38.68315078 5.82815813 0.00000000
38.24040484 6.13601928 0.00000000
37.88709124 6.20920583 0.00000000
37.76165618 6.18877008 0.00000000
37.64349306 6.16598784 0.00000000
37.30485625 6.21255215 0.00000000
36.85592513 6.45627041 0.00000000
36.46480637 6.91377551 0.00000000
36.26415471 7.48124683 0.00000000
36.27755407 7.99189172 0.00000000
36.40654660 8.30844195 0.00000000
36.48535815 8.39938310 0.00000000
36.56577357 8.49779517 0.00000000
36.67904896 8.84036701 0.00000000
36.63380634 9.37772681 0.00000000
36.33299934 9.93762763 0.00000000
35.83383926 10.33109045 0.00000000
35.31249946 10.46895728 0.00000000
34.95546200 10.41688977 0.00000000
34.84458104 10.35478512 0.00000000
34.74133601 10.29296266 0.00000000
34.40719557 10.22089818 0.00000000
33.90198175 10.29637495 0.00000000
33.37797439 10.59251862 0.00000000
32.99533688 11.05714033 0.00000000
32.83327732 11.54157241 0.00000000
32.84622409 11.88315037 0.00000000
32.88917902 11.99556223 0.00000000
32.93108588 12.11554302 0.00000000
32.92036346 12.47619771 0.00000000
32.69406143 12.96567687 0.00000000
32.21989796 13.38892948 0.00000000
31.61626871 13.58794079 0.00000000
31.07921631 13.53918452 0.00000000
30.76151898 13.36814306 0.00000000
30.67856599 13.27186026 0.00000000
30.60269193 13.17845426 0.00000000
30.31335013 12.99645305 0.00000000
29.81278985 12.89458471 0.00000000
29.21909690 12.99364766 0.00000000
28.70062528 13.29937951 0.00000000
28.38265357 13.69916913 0.00000000
28.27799301 14.02457547 0.00000000
28.27991032 14.14489952 0.00000000
28.27825404 14.27197758 0.00000000
28.14482710 14.60721485 0.00000000
27.76476102 14.98977494 0.00000000
27.17443218 15.22532884 0.00000000
26.53914035 15.20588494 0.00000000
26.05115180 14.97638629 0.00000000
25.81111359 14.70700100 0.00000000
25.76609394 14.58815318 0.00000000
25.72674238 14.47442980 0.00000000
25.51709810 14.20444387 0.00000000
25.08156633 13.93751725 0.00000000
24.48979592 13.82755102 0.00000000
23.89802551 13.93751725 0.00000000
23.46249374 14.20444387 0.00000000
23.25284946 14.47442980 0.00000000
23.21349789 14.58815318 0.00000000
23.16847825 14.70700100 0.00000000
22.92844003 14.97638629 0.00000000
22.44045149 15.20588494 0.00000000
21.80515965 15.22532884 0.00000000
21.21483081 14.98977494 0.00000000
20.83476474 14.60721485 0.00000000
20.70133779 14.27197758 0.00000000
20.69968151 14.14489952 0.00000000
20.70159882 14.02457547 0.00000000
20.59693827 13.69916913 0.00000000
20.27896656 13.29937951 0.00000000
19.76049494 12.99364766 0.00000000
19.16680198 12.89458471 0.00000000
18.66624171 12.99645305 0.00000000
18.37689991 13.17845426 0.00000000
18.30102584 13.27186026 0.00000000
18.21807286 13.36814306 0.00000000
17.90037553 13.53918452 0.00000000
17.36332313 13.58794079 0.00000000
16.75969388 13.38892948 0.00000000
16.28553040 12.96567687 0.00000000
16.05922837 12.47619771 0.00000000
16.04850596 12.11554302 0.00000000
16.09041282 11.99556223 0.00000000
16.13336775 11.88315037 0.00000000
16.14631452 11.54157241 0.00000000
15.98425496 11.05714033 0.00000000
15.60161745 10.59251862 0.00000000
15.07761009 10.29637495 0.00000000
14.57239627 10.22089818 0.00000000
14.23825583 10.29296266 0.00000000
14.13501080 10.35478512 0.00000000
14.02412984 10.41688977 0.00000000
13.66709237 10.46895728 0.00000000
13.14575257 10.33109045 0.00000000
12.64659249 9.93762763 0.00000000
12.34578549 9.37772681 0.00000000
12.30054288 8.84036701 0.00000000
12.41381827 8.49779517 0.00000000
12.49423369 8.39938310 0.00000000
12.57304524 8.30844195 0.00000000
12.70203777 7.99189172 0.00000000
12.71543712 7.48124683 0.00000000
12.51478546 6.91377551 0.00000000
12.12366671 6.45627041 0.00000000
11.67473559 6.21255215 0.00000000
11.33609878 6.16598784 0.00000000
11.21793566 6.18877008 0.00000000
11.09250060 6.20920583 0.00000000
10.73918699 6.13601928 0.00000000
10.29644106 5.82815813 0.00000000
9.96195623 5.28770122 0.00000000
9.87078747 4.65868450 0.00000000
10.01206119 4.13825757 0.00000000
10.23567171 3.85508781 0.00000000
10.34489639 3.79011440 0.00000000
10.45005873 3.73161282 0.00000000
10.67953862 3.47827095 0.00000000
10.86678073 3.00300456 0.00000000
10.87231647 2.40112904 0.00000000
10.66126102 1.83744438 0.00000000
10.32276031 1.45488064 0.00000000
10.02047174 1.29530389 0.00000000
9.90164274 1.27629802 0.00000000
9.77678290 1.25260004 0.00000000
9.46980798 1.06298681 0.00000000
9.15905762 0.62226392 0.00000000
9.02959184 0.00000000 0.00000000
9.15905762 -0.62226392 0.00000000
9.46980798 -1.06298681 0.00000000
9.77678290 -1.25260004 0.00000000
9.90164274 -1.27629802 0.00000000
10.02047174 -1.29530389 0.00000000
10.32276031 -1.45488064 0.00000000
10.66126102 -1.83744438 0.00000000
10.87231647 -2.40112904 0.00000000
10.86678073 -3.00300456 0.00000000
10.67953862 -3.47827095 0.00000000
10.45005873 -3.73161282 0.00000000
10.34489639 -3.79011440 0.00000000
10.23567171 -3.85508781 0.00000000
10.01206119 -4.13825757 0.00000000
9.87078747 -4.65868450 0.00000000
9.96195623 -5.28770122 0.00000000
10.29644106 -5.82815813 0.00000000
10.73918699 -6.13601928 0.00000000
11.09250060 -6.20920583 0.00000000
11.21793566 -6.18877008 0.00000000
11.33609878 -6.16598784 0.00000000
11.67473559 -6.21255215 0.00000000
12.12366671 -6.45627041 0.00000000
12.51478546 -6.91377551 0.00000000
12.71543712 -7.48124683 0.00000000
12.70203777 -7.99189172 0.00000000
12.57304524 -8.30844195 0.00000000
12.49423369 -8.39938310 0.00000000
12.41381827 -8.49779517 0.00000000
12.30054288 -8.84036701 0.00000000
12.34578549 -9.37772681 0.00000000
12.64659249 -9.93762763 0.00000000
13.14575257 -10.33109045 0.00000000
13.66709237 -10.46895728 0.00000000
14.02412984 -10.41688977 0.00000000
14.13501080 -10.35478512 0.00000000
14.23825583 -10.29296266 0.00000000
14.57239627 -10.22089818 0.00000000
15.07761009 -10.29637495 0.00000000
15.60161745 -10.59251862 0.00000000
15.98425496 -11.05714033 0.00000000
16.14631452 -11.54157241 0.00000000
16.13336775 -11.88315037 0.00000000
16.09041282 -11.99556223 0.00000000
16.04850596 -12.11554302 0.00000000
16.05922837 -12.47619771 0.00000000
16.28553040 -12.96567687 0.00000000
16.75969388 -13.38892948 0.00000000
17.36332313 -13.58794079 0.00000000
17.90037553 -13.53918452 0.00000000
18.21807286 -13.36814306 0.00000000
18.30102584 -13.27186026 0.00000000
18.37689991 -13.17845426 0.00000000
18.66624171 -12.99645305 0.00000000
19.16680198 -12.89458471 0.00000000
19.76049494 -12.99364766 0.00000000
20.27896656 -13.29937951 0.00000000
20.59693827 -13.69916913 0.00000000
20.70159882 -14.02457547 0.00000000
20.69968151 -14.14489952 0.00000000
20.70133779 -14.27197758 0.00000000
20.83476474 -14.60721485 0.00000000
21.21483081 -14.98977494 0.00000000
21.80515965 -15.22532884 0.00000000
22.44045149 -15.20588494 0.00000000
22.92844003 -14.97638629 0.00000000
23.16847825 -14.70700100 0.00000000
23.21349789 -14.58815318 0.00000000
23.25284946 -14.47442980 0.00000000
23.46249374 -14.20444387 0.00000000
23.89802551 -13.93751725 0.00000000
24.48979592 -13.82755102 0.00000000
25.08156633 -13.93751725 0.00000000
25.51709810 -14.20444387 0.00000000
25.72674238 -14.47442980 0.00000000
25.76609394 -14.58815318 0.00000000
25.81111359 -14.70700100 0.00000000
26.05115180 -14.97638629 0.00000000
26.53914035 -15.20588494 0.00000000
27.17443218 -15.22532884 0.00000000
27.76476102 -14.98977494 0.00000000
28.14482710 -14.60721485 0.00000000
28.27825404 -14.27197758 0.00000000
28.27991032 -14.14489952 0.00000000
28.27799301 -14.02457547 0.00000000
28.38265357 -13.69916913 0.00000000
28.70062528 -13.29937951 0.00000000
29.21909690 -12.99364766 0.00000000
29.81278985 -12.89458471 0.00000000
30.31335013 -12.99645305 0.00000000
30.60269193 -13.17845426 0.00000000
30.67856599 -13.27186026 0.00000000
30.76151898 -13.36814306 0.00000000
31.07921631 -13.53918452 0.00000000
31.61626871 -13.58794079 0.00000000
32.21989796 -13.38892948 0.00000000
32.69406143 -12.96567687 0.00000000
32.92036346 -12.47619771 0.00000000
32.93108588 -12.11554302 0.00000000
32.88917902 -11.99556223 0.00000000
32.84622409 -11.88315037 0.00000000
32.83327732 -11.54157241 0.00000000
32.99533688 -11.05714033 0.00000000
33.37797439 -10.59251862 0.00000000
33.90198175 -10.29637495 0.00000000
34.40719557 -10.22089818 0.00000000
34.74133601 -10.29296266 0.00000000
34.84458104 -10.35478512 0.00000000
34.95546200 -10.41688977 0.00000000
35.31249946 -10.46895728 0.00000000
35.83383926 -10.33109045 0.00000000
36.33299934 -9.93762763 0.00000000
36.63380634 -9.37772681 0.00000000
36.67904896 -8.84036701 0.00000000
36.56577357 -8.49779517 0.00000000
36.48535815 -8.39938310 0.00000000
36.40654660 -8.30844195 0.00000000
36.27755407 -7.99189172 0.00000000
36.26415471 -7.48124683 0.00000000
36.46480637 -6.91377551 0.00000000
36.85592513 -6.45627041 0.00000000
37.30485625 -6.21255215 0.00000000
37.64349306 -6.16598784 0.00000000
37.76165618 -6.18877008 0.00000000
37.88709124 -6.20920583 0.00000000
38.24040484 -6.13601928 0.00000000
38.68315078 -5.82815813 0.00000000
39.01763561 -5.28770122 0.00000000
39.10880437 -4.65868450 0.00000000
38.96753065 -4.13825757 0.00000000
38.74392013 -3.85508781 0.00000000
38.63469544 -3.79011440 0.00000000
38.52953310 -3.73161282 0.00000000
38.30005322 -3.47827095 0.00000000
38.11281111 -3.00300456 0.00000000
38.10727537 -2.40112904 0.00000000
38.31833081 -1.83744438 0.00000000
38.65683152 -1.45488064 0.00000000
38.95912010 -1.29530389 0.00000000
39.07794909 -1.27629802 0.00000000
