-4.87649277 -33.86381423 11.00000000
-4.78513917 -33.95216634 11.00000000
-4.45322235 -34.09365132 11.00000000
-3.91396137 -34.09343692 11.00000000
-3.33089814 -33.84043286 11.00000000
-2.89712893 -33.37587065 11.00000000
-2.71621105 -32.86786359 11.00000000
-2.73828365 -32.50772532 11.00000000
-2.79091271 -32.39204577 11.00000000
-2.84389818 -32.28399905 11.00000000
-2.88780983 -31.94500807 11.00000000
-2.77041066 -31.44786103 11.00000000
-2.43154595 -30.95041204 11.00000000
-1.93659614 -30.60790732 11.00000000
-1.44032368 -30.48686441 11.00000000
-1.10101969 -30.52828816 11.00000000
-0.99258720 -30.58047961 11.00000000
-0.87652470 -30.63225866 11.00000000
-0.51623420 -30.65168881 11.00000000
-0.00956796 -30.46704923 11.00000000
0.45179976 -30.02988381 11.00000000
0.70051986 -29.44498032 11.00000000
0.69677841 -28.90573228 11.00000000
0.55286241 -28.57486227 11.00000000
0.46384254 -28.48415926 11.00000000
0.37709833 -28.40075065 11.00000000
0.21989313 -28.09722199 11.00000000
0.16017795 -27.58990371 11.00000000
0.30846905 -27.00655600 11.00000000
0.65642622 -26.51542405 11.00000000
1.08137068 -26.23194574 11.00000000
1.41437988 -26.15482253 11.00000000
1.53412362 -26.16678035 11.00000000
1.66089618 -26.17574103 11.00000000
2.00610401 -26.07077279 11.00000000
2.41906408 -25.72397828 11.00000000
2.70308854 -25.15538011 11.00000000
2.73676021 -24.52068333 11.00000000
2.54881070 -24.01523558 11.00000000
2.30040969 -23.75354165 11.00000000
2.18573611 -23.69875528 11.00000000
2.07569580 -23.65004510 11.00000000
1.82415831 -23.41858880 11.00000000
1.59453133 -22.96228934 11.00000000
1.53436272 -22.36340327 11.00000000
1.69335848 -21.78288183 11.00000000
1.99572036 -21.37115979 11.00000000
2.28226896 -21.18479183 11.00000000
2.39888109 -21.15507373 11.00000000
2.52107306 -21.12013525 11.00000000
2.80956105 -20.90342934 11.00000000
3.07900587 -20.43630843 11.00000000
3.15142954 -19.80485884 11.00000000
2.96599147 -19.19692258 11.00000000
2.61650339 -18.78623957 11.00000000
2.29357820 -18.62528586 11.00000000
2.16708225 -18.61302419 11.00000000
2.04701831 -18.60488759 11.00000000
1.73148768 -18.47342071 11.00000000
1.35964529 -18.12317653 11.00000000
1.09827419 -17.58098658 11.00000000
1.04913131 -16.98109512 11.00000000
1.19244130 -16.49078910 11.00000000
1.39796731 -16.21765510 11.00000000
1.49738268 -16.14984553 11.00000000
1.60025591 -16.07522199 11.00000000
1.79722816 -15.77291634 11.00000000
1.89065871 -15.24181071 11.00000000
1.74274622 -14.62367183 11.00000000
1.36056498 -14.11582217 11.00000000
0.89169175 -13.84943833 11.00000000
0.53319192 -13.80863825 11.00000000
0.41013087 -13.84038021 11.00000000
0.29452480 -13.87379859 11.00000000
-0.04694133 -13.85817796 11.00000000
-0.51614944 -13.65623368 11.00000000
-0.94719783 -13.23613597 11.00000000
-1.19855199 -12.68923024 11.00000000
-1.23157918 -12.17947839 11.00000000
-1.13186524 -11.85252235 11.00000000
-1.06163759 -11.75480015 11.00000000
-0.99049113 -11.64949223 11.00000000
-0.90879238 -11.29804936 11.00000000
-1.00264520 -10.76701820 11.00000000
-1.35305343 -10.23674671 11.00000000
-1.88588113 -9.89023781 11.00000000
-2.41758648 -9.80028297 11.00000000
-2.76842058 -9.88455759 11.00000000
-2.87320375 -9.95647464 11.00000000
-2.97040817 -10.02741726 11.00000000
-3.29662394 -10.12952696 11.00000000
-3.80660435 -10.10024003 11.00000000
-4.35533921 -9.85290454 11.00000000
-4.77858764 -9.42494946 11.00000000
-4.98396845 -8.95723537 11.00000000
-5.00209354 -8.61589301 11.00000000
-4.96952410 -8.50004490 11.00000000
-4.93868573 -8.37675431 11.00000000
-4.98211456 -8.01856342 11.00000000
-5.25193072 -7.55165691 11.00000000
-5.76257027 -7.17321138 11.00000000
-6.38177756 -7.02983733 11.00000000
-6.91218352 -7.12716137 11.00000000
-7.21303611 -7.32634594 11.00000000
-7.28690301 -7.42976382 11.00000000
-7.35398147 -7.52967394 11.00000000
-7.62560045 -7.73719804 11.00000000
-8.11484200 -7.88410090 11.00000000
-8.71507782 -7.83935994 11.00000000
-9.25917051 -7.58197320 11.00000000
-9.61213298 -7.21271009 11.00000000
-9.74591095 -6.89815235 11.00000000
-9.75492808 -6.77815133 11.00000000
-9.76811735 -6.65174872 11.00000000
-9.93143560 -6.33001292 11.00000000
-10.34467129 -5.98354688 11.00000000
-10.95395151 -5.80257342 11.00000000
-11.58485283 -5.87962724 11.00000000
-12.04998462 -6.15249146 11.00000000
-12.26456844 -6.44256137 11.00000000
-12.29860963 -6.56500635 11.00000000
-12.32747149 -6.68183334 11.00000000
-12.51173242 -6.96974137 11.00000000
-12.92122535 -7.27511537 11.00000000
-13.50056483 -7.43836536 11.00000000
-14.09987617 -7.38259160 11.00000000
-14.55784782 -7.15631805 11.00000000
-14.79114308 -6.90648523 11.00000000
-14.84065917 -6.79680519 11.00000000
-14.89628527 -6.68253660 11.00000000
-15.15979435 -6.43606197 11.00000000
-15.66660724 -6.25182532 11.00000000
-16.30103993 -6.29015200 11.00000000
-16.86753929 -6.57833987 11.00000000
-17.21129514 -6.99383279 11.00000000
-17.31372823 -7.33980135 11.00000000
-17.30383782 -7.46650476 11.00000000
-17.29100192 -7.58615756 11.00000000
-17.36568021 -7.91972356 11.00000000
-17.64603364 -8.34673608 11.00000000
-18.13459989 -8.69828667 11.00000000
-18.71684408 -8.85085302 11.00000000
-19.22458677 -8.79486097 11.00000000
-19.52926046 -8.63988659 11.00000000
-19.61330315 -8.55375657 11.00000000
-19.70465675 -8.46540446 11.00000000
-20.03657357 -8.32391948 11.00000000
-20.57583455 -8.32413388 11.00000000
-21.15889777 -8.57713794 11.00000000
-21.59266699 -9.04170015 11.00000000
-21.77358487 -9.54970721 11.00000000
-21.75151227 -9.90984548 11.00000000
-21.69888321 -10.02552503 11.00000000
-21.64589774 -10.13357174 11.00000000
-21.60198609 -10.47256273 11.00000000
-21.71938525 -10.96970977 11.00000000
-22.05824997 -11.46715876 11.00000000
-22.55319977 -11.80966348 11.00000000
-23.04947224 -11.93070639 11.00000000
-23.38877622 -11.88928264 11.00000000
-23.49720872 -11.83709119 11.00000000
-23.61327122 -11.78531214 11.00000000
-23.97356172 -11.76588199 11.00000000
-24.48022796 -11.95052157 11.00000000
-24.94159568 -12.38768699 11.00000000
-25.19031578 -12.97259048 11.00000000
-25.18657433 -13.51183852 11.00000000
-25.04265833 -13.84270852 11.00000000
-24.95363845 -13.93341154 11.00000000
-24.86689425 -14.01682015 11.00000000
-24.70968904 -14.32034880 11.00000000
-24.64997387 -14.82766709 11.00000000
-24.79826497 -15.41101479 11.00000000
-25.14622214 -15.90214675 11.00000000
-25.57116659 -16.18562506 11.00000000
-25.90417580 -16.26274827 11.00000000
-26.02391954 -16.25079045 11.00000000
-26.15069210 -16.24182976 11.00000000
-26.49589993 -16.34679800 11.00000000
-26.90885999 -16.69359252 11.00000000
-27.19288446 -17.26219069 11.00000000
-27.22655612 -17.89688746 11.00000000
-27.03860662 -18.40233522 11.00000000
-26.79020561 -18.66402915 11.00000000
-26.67553203 -18.71881552 11.00000000
-26.56549172 -18.76752570 11.00000000
-26.31395423 -18.99898200 11.00000000
-26.08432725 -19.45528145 11.00000000
-26.02415864 -20.05416753 11.00000000
-26.18315440 -20.63468896 11.00000000
-26.48551628 -21.04641100 11.00000000
-26.77206488 -21.23277897 11.00000000
-26.88867701 -21.26249706 11.00000000
-27.01086898 -21.29743555 11.00000000
-27.29935697 -21.51414146 11.00000000
-27.56880179 -21.98126236 11.00000000
-27.64122546 -22.61271196 11.00000000
-27.45578739 -23.22064822 11.00000000
-27.10629931 -23.63133123 11.00000000
-26.78337412 -23.79228494 11.00000000
-26.65687817 -23.80454661 11.00000000
-26.53681423 -23.81268320 11.00000000
-26.22128360 -23.94415009 11.00000000
-25.84944121 -24.29439427 11.00000000
-25.58807011 -24.83658422 11.00000000
-25.53892722 -25.43647568 11.00000000
-25.68223722 -25.92678170 11.00000000
-25.88776323 -26.19991569 11.00000000
-25.98717860 -26.26772526 11.00000000
-26.09005183 -26.34234881 11.00000000
-26.28702408 -26.64465446 11.00000000
-26.38045463 -27.17576009 11.00000000
-26.23254213 -27.79389896 11.00000000
-25.85036090 -28.30174863 11.00000000
-25.38148767 -28.56813246 11.00000000
-25.02298784 -28.60893255 11.00000000
-24.89992679 -28.57719059 11.00000000
-24.78432071 -28.54377220 11.00000000
-24.44285458 -28.55939283 11.00000000
-23.97364647 -28.76133712 11.00000000
-23.54259809 -29.18143483 11.00000000
-23.29124392 -29.72834055 11.00000000
-23.25821674 -30.23809240 11.00000000
-23.35793068 -30.56504844 11.00000000
-23.42815833 -30.66277065 11.00000000
-23.49930479 -30.76807857 11.00000000
-23.58100354 -31.11952143 11.00000000
-23.48715071 -31.65055260 11.00000000
-23.13674249 -32.18082409 11.00000000
-22.60391479 -32.52733299 11.00000000
-22.07220944 -32.61728783 11.00000000
-21.72137534 -32.53301320 11.00000000
-21.61659217 -32.46109616 11.00000000
-21.51938775 -32.39015354 11.00000000
-21.19317198 -32.28804384 11.00000000
-20.68319157 -32.31733077 11.00000000
-20.13445671 -32.56466625 11.00000000
-19.71120827 -32.99262134 11.00000000
-19.50582747 -33.46033543 11.00000000
-19.48770238 -33.80167778 11.00000000
-19.52027182 -33.91752589 11.00000000
-19.55111019 -34.04081649 11.00000000
-19.50768136 -34.39900737 11.00000000
-19.23786520 -34.86591388 11.00000000
-18.72722564 -35.24435942 11.00000000
-18.10801836 -35.38773347 11.00000000
-17.57761240 -35.29040942 11.00000000
-17.27675981 -35.09122486 11.00000000
-17.20289291 -34.98780698 11.00000000
-17.13581445 -34.88789686 11.00000000
-16.86419547 -34.68037276 11.00000000
-16.37495392 -34.53346990 11.00000000
-15.77471810 -34.57821085 11.00000000
-15.23062541 -34.83559760 11.00000000
-14.87766294 -35.20486071 11.00000000
-14.74388497 -35.51941845 11.00000000
-14.73486784 -35.63941947 11.00000000
-14.72167857 -35.76582207 11.00000000
-14.55836032 -36.08755788 11.00000000
-14.14512463 -36.43402392 11.00000000
-13.53584441 -36.61499738 11.00000000
-12.90494308 -36.53794355 11.00000000
-12.43981130 -36.26507934 11.00000000
-12.22522748 -35.97500943 11.00000000
-12.19118629 -35.85256445 11.00000000
-12.16232443 -35.73573746 11.00000000
-11.97806350 -35.44782943 11.00000000
-11.56857056 -35.14245543 11.00000000
-10.98923109 -34.97920543 11.00000000
-10.38991975 -35.03497920 11.00000000
-9.93194810 -35.26125274 11.00000000
-9.69865284 -35.51108557 11.00000000
-9.64913675 -35.62076561 11.00000000
-9.59351065 -35.73503420 11.00000000
-9.33000157 -35.98150883 11.00000000
-8.82318868 -36.16574548 11.00000000
-8.18875599 -36.12741880 11.00000000
-7.62225662 -35.83923093 11.00000000
-7.27850078 -35.42373800 11.00000000
-7.17606769 -35.07776945 11.00000000
-7.18595809 -34.95106604 11.00000000
-7.19879400 -34.83141324 11.00000000
-7.12411571 -34.49784724 11.00000000
-6.84376228 -34.07083471 11.00000000
-6.35519603 -33.71928413 11.00000000
-5.77295184 -33.56671778 11.00000000
-5.26520915 -33.62270982 11.00000000
-4.96053545 -33.77768421 11.00000000
-4.87649277 -33.86381423 11.00000000
