38.88413062 -5.22546840 11.00000000
39.00804310 -5.20884228 11.00000000
39.32198589 -5.04216749 11.00000000
39.66184947 -4.63271804 11.00000000
39.84646198 -4.03261301 11.00000000
39.78582715 -3.40768802 11.00000000
39.53489035 -2.93844732 11.00000000
39.26070750 -2.71225199 11.00000000
39.14263869 -2.67113645 11.00000000
39.02653140 -2.63211764 11.00000000
38.75233464 -2.41735694 11.00000000
38.48769128 -1.96807470 11.00000000
38.39326358 -1.36009453 11.00000000
38.53047639 -0.76032031 11.00000000
38.82624841 -0.33089098 11.00000000
39.11495470 -0.13607131 11.00000000
39.23353198 -0.10536628 11.00000000
39.35421423 -0.07270858 11.00000000
39.64371577 0.13351804 11.00000000
39.92722789 0.58382570 11.00000000
40.03193159 1.20289351 11.00000000
39.89024643 1.81455775 11.00000000
39.58020822 2.24703020 11.00000000
39.27884663 2.43550235 11.00000000
39.15642126 2.46085508 11.00000000
39.03621431 2.48438503 11.00000000
38.73633144 2.66151857 11.00000000
38.41530904 3.07241425 11.00000000
38.24233185 3.66286777 11.00000000
38.30008454 4.27542070 11.00000000
38.53727442 4.73978220 11.00000000
38.79808171 4.97061890 11.00000000
38.91163674 5.01653868 11.00000000
39.02702385 5.06466919 11.00000000
39.28713069 5.30691904 11.00000000
39.50944038 5.79038001 11.00000000
39.53244376 6.41781819 11.00000000
39.31213253 7.00575593 11.00000000
38.94829775 7.39406041 11.00000000
38.62491381 7.54158458 11.00000000
38.50022661 7.55074069 11.00000000
38.37797677 7.55837918 11.00000000
38.05753887 7.69485475 11.00000000
37.68563021 8.06033333 11.00000000
37.43706322 8.62315738 11.00000000
37.41436762 9.23800808 11.00000000
37.58891697 9.72935639 11.00000000
37.81736279 9.99226044 11.00000000
37.92395260 10.05260927 11.00000000
38.03207027 10.11538906 11.00000000
38.25833190 10.38951718 11.00000000
38.41563539 10.89785932 11.00000000
38.35654485 11.52293222 11.00000000
38.06137714 12.07708368 11.00000000
37.64997112 12.41457620 11.00000000
37.31009800 12.51862820 11.00000000
37.18528240 12.51143103 11.00000000
37.06308140 12.50304737 11.00000000
36.72757126 12.59652984 11.00000000
36.31113980 12.91033787 11.00000000
35.99123606 13.43590239 11.00000000
35.88848050 14.04253058 11.00000000
35.99740273 14.55245860 11.00000000
36.18957830 14.84293163 11.00000000
36.28737912 14.91667693 11.00000000
36.38637742 14.99303181 11.00000000
36.57492245 15.29434781 11.00000000
36.66452822 15.81887323 11.00000000
36.52435483 16.43088568 11.00000000
36.15938103 16.94176919 11.00000000
35.70744304 17.22267514 11.00000000
35.35689606 17.28147462 11.00000000
35.23408770 17.25804733 11.00000000
35.11402644 17.23378496 11.00000000
34.76918472 17.28267480 11.00000000
34.31535573 17.53944296 11.00000000
33.92958886 18.01875538 11.00000000
33.74853153 18.60678149 11.00000000
33.78996295 19.12656421 11.00000000
33.94258009 19.43963614 11.00000000
34.02991852 19.52551611 11.00000000
34.11810356 19.61413964 11.00000000
34.26570594 19.93748790 11.00000000
34.28608081 20.46922183 11.00000000
34.06722297 21.05770214 11.00000000
33.63868789 21.51657632 11.00000000
33.15395071 21.73608934 11.00000000
32.79872784 21.74863023 11.00000000
32.68002800 21.70937364 11.00000000
32.56416075 21.66964770 11.00000000
32.21588779 21.67310841 11.00000000
31.73242640 21.86844331 11.00000000
31.28739700 22.29330246 11.00000000
31.03113583 22.85266521 11.00000000
31.00436754 23.37340900 11.00000000
31.11481493 23.70372309 11.00000000
31.19019658 23.80026830 11.00000000
31.26605949 23.89964410 11.00000000
31.37019370 24.23949205 11.00000000
31.32098905 24.76933638 11.00000000
31.02719148 25.32421547 11.00000000
30.54242748 25.72322887 11.00000000
30.03318509 25.87759303 11.00000000
29.67936429 25.84366073 11.00000000
29.56680395 25.78924656 11.00000000
29.45711324 25.73473677 11.00000000
29.11136809 25.69270913 11.00000000
28.60654646 25.82326853 11.00000000
28.10986910 26.18640497 11.00000000
27.78278879 26.70753349 11.00000000
27.68827880 27.22032828 11.00000000
27.75466666 27.56223277 11.00000000
27.81680173 27.66779130 11.00000000
27.87904448 27.77621902 11.00000000
27.93792874 28.12675177 11.00000000
27.81998649 28.64564071 11.00000000
27.45627613 29.15742445 11.00000000
26.92357766 29.48974984 11.00000000
26.39854334 29.57632392 11.00000000
26.05217858 29.49649904 11.00000000
25.94768369 29.42785831 11.00000000
25.84604635 29.35949735 11.00000000
25.50874481 29.27270047 11.00000000
24.99120057 29.33625047 11.00000000
24.45137354 29.63145082 11.00000000
24.05907053 30.10542847 11.00000000
23.89843593 30.60150020 11.00000000
23.91962835 30.94914500 11.00000000
23.96745369 31.06191072 11.00000000
24.01501129 31.17753514 11.00000000
24.02763808 31.53275496 11.00000000
23.84297624 32.03181018 11.00000000
23.41557630 32.49174182 11.00000000
22.84405797 32.75169302 11.00000000
22.31221520 32.76899571 11.00000000
21.97923288 32.64464407 11.00000000
21.88459137 32.56295126 11.00000000
21.79274645 32.48190880 11.00000000
21.46965984 32.35182779 11.00000000
20.94824832 32.34728103 11.00000000
20.37450821 32.56949433 11.00000000
19.92369490 32.98821122 11.00000000
19.69968420 33.45907197 11.00000000
19.67531856 33.80650879 11.00000000
19.70801587 33.92455224 11.00000000
19.74007459 34.04539498 11.00000000
19.70622787 34.39922398 11.00000000
19.45800606 34.86990651 11.00000000
18.97422946 35.27011648 11.00000000
18.37367011 35.45324564 11.00000000
17.84411887 35.40098090 11.00000000
17.53021641 35.23423019 11.00000000
17.44704762 35.14088307 11.00000000
17.36656661 35.04854577 11.00000000
17.06322303 34.87740636 11.00000000
16.54686573 34.80484064 11.00000000
15.94902939 34.95026477 11.00000000
15.44741933 35.30655653 11.00000000
15.16386541 35.74414974 11.00000000
15.09435862 36.08543383 11.00000000
15.11136844 36.20673526 11.00000000
15.12737975 36.33072868 11.00000000
15.04763864 36.67711274 11.00000000
14.74010400 37.11136906 11.00000000
14.20822829 37.44500967 11.00000000
13.58890365 37.54818341 11.00000000
13.07070473 37.42724549 11.00000000
12.78125307 37.22094886 11.00000000
12.71098005 37.11754464 11.00000000
12.64324000 37.01549242 11.00000000
12.36482974 36.80622284 11.00000000
11.86236168 36.66687979 11.00000000
11.25065825 36.73302648 11.00000000
10.70683413 37.02079687 11.00000000
10.36858868 37.41763519 11.00000000
10.25513001 37.74692709 11.00000000
10.25616130 37.86941100 11.00000000
10.25585124 37.99443354 11.00000000
10.13158014 38.32744593 11.00000000
9.76999468 38.71784581 11.00000000
9.19912040 38.97920835 11.00000000
8.57162730 39.00066134 11.00000000
8.07364720 38.81311954 11.00000000
7.81359896 38.57080678 11.00000000
7.75742409 38.45911472 11.00000000
7.70358405 38.34909372 11.00000000
7.45487079 38.10527465 11.00000000
6.97488933 37.90153845 11.00000000
6.35978524 37.88727593 11.00000000
5.78305204 38.10160111 11.00000000
5.39590253 38.45089454 11.00000000
5.24043329 38.76255997 11.00000000
5.22546840 38.88413062 11.00000000
5.20884228 39.00804310 11.00000000
5.04216749 39.32198589 11.00000000
4.63271804 39.66184947 11.00000000
4.03261301 39.84646198 11.00000000
3.40768802 39.78582715 11.00000000
2.93844732 39.53489035 11.00000000
2.71225199 39.26070750 11.00000000
2.67113645 39.14263869 11.00000000
2.63211764 39.02653140 11.00000000
2.41735694 38.75233464 11.00000000
1.96807470 38.48769128 11.00000000
1.36009453 38.39326358 11.00000000
0.76032031 38.53047639 11.00000000
0.33089098 38.82624841 11.00000000
0.13607131 39.11495470 11.00000000
0.10536628 39.23353198 11.00000000
0.07270858 39.35421423 11.00000000
-0.13351804 39.64371577 11.00000000
-0.58382570 39.92722789 11.00000000
-1.20289351 40.03193159 11.00000000
-1.81455775 39.89024643 11.00000000
-2.24703020 39.58020822 11.00000000
-2.43550235 39.27884663 11.00000000
-2.46085508 39.15642126 11.00000000
-2.48438503 39.03621431 11.00000000
-2.66151857 38.73633144 11.00000000
-3.07241425 38.41530904 11.00000000
-3.66286777 38.24233185 11.00000000
-4.27542070 38.30008454 11.00000000
-4.73978220 38.53727442 11.00000000
-4.97061890 38.79808171 11.00000000
-5.01653868 38.91163674 11.00000000
-5.06466919 39.02702385 11.00000000
-5.30691904 39.28713069 11.00000000
-5.79038001 39.50944038 11.00000000
-6.41781819 39.53244376 11.00000000
-7.00575593 39.31213253 11.00000000
-7.39406041 38.94829775 11.00000000
-7.54158458 38.62491381 11.00000000
-7.55074069 38.50022661 11.00000000
-7.55837918 38.37797677 11.00000000
-7.69485475 38.05753887 11.00000000
-8.06033333 37.68563021 11.00000000
-8.62315738 37.43706322 11.00000000
-9.23800808 37.41436762 11.00000000
-9.72935639 37.58891697 11.00000000
-9.99226044 37.81736279 11.00000000
-10.05260927 37.92395260 11.00000000
-10.11538906 38.03207027 11.00000000
-10.38951718 38.25833190 11.00000000
-10.89785932 38.41563539 11.00000000
-11.52293222 38.35654485 11.00000000
-12.07708368 38.06137714 11.00000000
-12.41457620 37.64997112 11.00000000
-12.51862820 37.31009800 11.00000000
-12.51143103 37.18528240 11.00000000
-12.50304737 37.06308140 11.00000000
-12.59652984 36.72757126 11.00000000
-12.91033787 36.31113980 11.00000000
-13.43590239 35.99123606 11.00000000
-14.04253058 35.88848050 11.00000000
-14.55245860 35.99740273 11.00000000
-14.84293163 36.18957830 11.00000000
-14.91667693 36.28737912 11.00000000
-14.99303181 36.38637742 11.00000000
-15.29434781 36.57492245 11.00000000
-15.81887323 36.66452822 11.00000000
-16.43088568 36.52435483 11.00000000
-16.94176919 36.15938103 11.00000000
-17.22267514 35.70744304 11.00000000
-17.28147462 35.35689606 11.00000000
-17.25804733 35.23408770 11.00000000
-17.23378496 35.11402644 11.00000000
-17.28267480 34.76918472 11.00000000
-17.53944296 34.31535573 11.00000000
-18.01875538 33.92958886 11.00000000
-18.60678149 33.74853153 11.00000000
-19.12656421 33.78996295 11.00000000
-19.43963614 33.94258009 11.00000000
-19.52551611 34.02991852 11.00000000
-19.61413964 34.11810356 11.00000000
-19.93748790 34.26570594 11.00000000
-20.46922183 34.28608081 11.00000000
-21.05770214 34.06722297 11.00000000
-21.51657632 33.63868789 11.00000000
-21.73608934 33.15395071 11.00000000
-21.74863023 32.79872784 11.00000000
-21.70937364 32.68002800 11.00000000
-21.66964770 32.56416075 11.00000000
-21.67310841 32.21588779 11.00000000
-21.86844331 31.73242640 11.00000000
-22.29330246 31.28739700 11.00000000
-22.85266521 31.03113583 11.00000000
-23.37340900 31.00436754 11.00000000
-23.70372309 31.11481493 11.00000000
-23.80026830 31.19019658 11.00000000
-23.89964410 31.26605949 11.00000000
-24.23949205 31.37019370 11.00000000
-24.76933638 31.32098905 11.00000000
-25.32421547 31.02719148 11.00000000
-25.72322887 30.54242748 11.00000000
-25.87759303 30.03318509 11.00000000
-25.84366073 29.67936429 11.00000000
-25.78924656 29.56680395 11.00000000
-25.73473677 29.45711324 11.00000000
-25.69270913 29.11136809 11.00000000
-25.82326853 28.60654646 11.00000000
-26.18640497 28.10986910 11.00000000
-26.70753349 27.78278879 11.00000000
-27.22032828 27.68827880 11.00000000
-27.56223277 27.75466666 11.00000000
-27.66779130 27.81680173 11.00000000
-27.77621902 27.87904448 11.00000000
-28.12675177 27.93792874 11.00000000
-28.64564071 27.81998649 11.00000000
-29.15742445 27.45627613 11.00000000
-29.48974984 26.92357766 11.00000000
-29.57632392 26.39854334 11.00000000
-29.49649904 26.05217858 11.00000000
-29.42785831 25.94768369 11.00000000
-29.35949735 25.84604635 11.00000000
-29.27270047 25.50874481 11.00000000
-29.33625047 24.99120057 11.00000000
-29.63145082 24.45137354 11.00000000
-30.10542847 24.05907053 11.00000000
-30.60150020 23.89843593 11.00000000
-30.94914500 23.91962835 11.00000000
-31.06191072 23.96745369 11.00000000
-31.17753514 24.01501129 11.00000000
-31.53275496 24.02763808 11.00000000
-32.03181018 23.84297624 11.00000000
-32.49174182 23.41557630 11.00000000
-32.75169302 22.84405797 11.00000000
-32.76899571 22.31221520 11.00000000
-32.64464407 21.97923288 11.00000000
-32.56295126 21.88459137 11.00000000
-32.48190880 21.79274645 11.00000000
-32.35182779 21.46965984 11.00000000
-32.34728103 20.94824832 11.00000000
-32.56949433 20.37450821 11.00000000
-32.98821122 19.92369490 11.00000000
-33.45907197 19.69968420 11.00000000
-33.80650879 19.67531856 11.00000000
-33.92455224 19.70801587 11.00000000
-34.04539498 19.74007459 11.00000000
-34.39922398 19.70622787 11.00000000
-34.86990651 19.45800606 11.00000000
-35.27011648 18.97422946 11.00000000
-35.45324564 18.37367011 11.00000000
-35.40098090 17.84411887 11.00000000
-35.23423019 17.53021641 11.00000000
-35.14088307 17.44704762 11.00000000
-35.04854577 17.36656661 11.00000000
-34.87740636 17.06322303 11.00000000
-34.80484064 16.54686573 11.00000000
-34.95026477 15.94902939 11.00000000
-35.30655653 15.44741933 11.00000000
-35.74414974 15.16386541 11.00000000
-36.08543383 15.09435862 11.00000000
-36.20673526 15.11136844 11.00000000
-36.33072868 15.12737975 11.00000000
-36.67711274 15.04763864 11.00000000
-37.11136906 14.74010400 11.00000000
-37.44500967 14.20822829 11.00000000
-37.54818341 13.58890365 11.00000000
-37.42724549 13.07070473 11.00000000
-37.22094886 12.78125307 11.00000000
-37.11754464 12.71098005 11.00000000
-37.01549242 12.64324000 11.00000000
-36.80622284 12.36482974 11.00000000
-36.66687979 11.86236168 11.00000000
-36.73302648 11.25065825 11.00000000
-37.02079687 10.70683413 11.00000000
-37.41763519 10.36858868 11.00000000
-37.74692709 10.25513001 11.00000000
-37.86941100 10.25616130 11.00000000
-37.99443354 10.25585124 11.00000000
-38.32744593 10.13158014 11.00000000
-38.71784581 9.76999468 11.00000000
-38.97920835 9.19912040 11.00000000
-39.00066134 8.57162730 11.00000000
-38.81311954 8.07364720 11.00000000
-38.57080678 7.81359896 11.00000000
-38.45911472 7.75742409 11.00000000
-38.34909372 7.70358405 11.00000000
-38.10527465 7.45487079 11.00000000
-37.90153845 6.97488933 11.00000000
-37.88727593 6.35978524 11.00000000
-38.10160111 5.78305204 11.00000000
-38.45089454 5.39590253 11.00000000
-38.76255997 5.24043329 11.00000000
-38.88413062 5.22546840 11.00000000
-39.00804310 5.20884228 11.00000000
-39.32198589 5.04216749 11.00000000
-39.66184947 4.63271804 11.00000000
-39.84646198 4.03261301 11.00000000
-39.78582715 3.40768802 11.00000000
-39.53489035 2.93844732 11.00000000
-39.26070750 2.71225199 11.00000000
-39.14263869 2.67113645 11.00000000
-39.02653140 2.63211764 11.00000000
-38.75233464 2.41735694 11.00000000
-38.48769128 1.96807470 11.00000000
-38.39326358 1.36009453 11.00000000
-38.53047639 0.76032031 11.00000000
-38.82624841 0.33089098 11.00000000
-39.11495470 0.13607131 11.00000000
-39.23353198 0.10536628 11.00000000
-39.35421423 0.07270858 11.00000000
-39.64371577 -0.13351804 11.00000000
-39.92722789 -0.58382570 11.00000000
-40.03193159 -1.20289351 11.00000000
-39.89024643 -1.81455775 11.00000000
-39.58020822 -2.24703020 11.00000000
-39.27884663 -2.43550235 11.00000000
-39.15642126 -2.46085508 11.00000000
-39.03621431 -2.48438503 11.00000000
-38.73633144 -2.66151857 11.00000000
-38.41530904 -3.07241425 11.00000000
-38.24233185 -3.66286777 11.00000000
-38.30008454 -4.27542070 11.00000000
-38.53727442 -4.73978220 11.00000000
-38.79808171 -4.97061890 11.00000000
-38.91163674 -5.01653868 11.00000000
-39.02702385 -5.06466919 11.00000000
-39.28713069 -5.30691904 11.00000000
-39.50944038 -5.79038001 11.00000000
-39.53244376 -6.41781819 11.00000000
-39.31213253 -7.00575593 11.00000000
-38.94829775 -7.39406041 11.00000000
-38.62491381 -7.54158458 11.00000000
-38.50022661 -7.55074069 11.00000000
-38.37797677 -7.55837918 11.00000000
-38.05753887 -7.69485475 11.00000000
-37.68563021 -8.06033333 11.00000000
-37.43706322 -8.62315738 11.00000000
-37.41436762 -9.23800808 11.00000000
-37.58891697 -9.72935639 11.00000000
-37.81736279 -9.99226044 11.00000000
-37.92395260 -10.05260927 11.00000000
-38.03207027 -10.11538906 11.00000000
-38.25833190 -10.38951718 11.00000000
-38.41563539 -10.89785932 11.00000000
-38.35654485 -11.52293222 11.00000000
-38.06137714 -12.07708368 11.00000000
-37.64997112 -12.41457620 11.00000000
-37.31009800 -12.51862820 11.00000000
-37.18528240 -12.51143103 11.00000000
-37.06308140 -12.50304737 11.00000000
-36.72757126 -12.59652984 11.00000000
-36.31113980 -12.91033787 11.00000000
-35.99123606 -13.43590239 11.00000000
-35.88848050 -14.04253058 11.00000000
-35.99740273 -14.55245860 11.00000000
-36.18957830 -14.84293163 11.00000000
-36.28737912 -14.91667693 11.00000000
-36.38637742 -14.99303181 11.00000000
-36.57492245 -15.29434781 11.00000000
-36.66452822 -15.81887323 11.00000000
-36.52435483 -16.43088568 11.00000000
-36.15938103 -16.94176919 11.00000000
-35.70744304 -17.22267514 11.00000000
-35.35689606 -17.28147462 11.00000000
-35.23408770 -17.25804733 11.00000000
-35.11402644 -17.23378496 11.00000000
-34.76918472 -17.28267480 11.00000000
-34.31535573 -17.53944296 11.00000000
-33.92958886 -18.01875538 11.00000000
-33.74853153 -18.60678149 11.00000000
-33.78996295 -19.12656421 11.00000000
-33.94258009 -19.43963614 11.00000000
-34.02991852 -19.52551611 11.00000000
-34.11810356 -19.61413964 11.00000000
-34.26570594 -19.93748790 11.00000000
-34.28608081 -20.46922183 11.00000000
-34.06722297 -21.05770214 11.00000000
-33.63868789 -21.51657632 11.00000000
-33.15395071 -21.73608934 11.00000000
-32.79872784 -21.74863023 11.00000000
-32.68002800 -21.70937364 11.00000000
-32.56416075 -21.66964770 11.00000000
-32.21588779 -21.67310841 11.00000000
-31.73242640 -21.86844331 11.00000000
-31.28739700 -22.29330246 11.00000000
-31.03113583 -22.85266521 11.00000000
-31.00436754 -23.37340900 11.00000000
-31.11481493 -23.70372309 11.00000000
-31.19019658 -23.80026830 11.00000000
-31.26605949 -23.89964410 11.00000000
-31.37019370 -24.23949205 11.00000000
-31.32098905 -24.76933638 11.00000000
-31.02719148 -25.32421547 11.00000000
-30.54242748 -25.72322887 11.00000000
-30.03318509 -25.87759303 11.00000000
-29.67936429 -25.84366073 11.00000000
-29.56680395 -25.78924656 11.00000000
-29.45711324 -25.73473677 11.00000000
-29.11136809 -25.69270913 11.00000000
-28.60654646 -25.82326853 11.00000000
-28.10986910 -26.18640497 11.00000000
-27.78278879 -26.70753349 11.00000000
-27.68827880 -27.22032828 11.00000000
-27.75466666 -27.56223277 11.00000000
-27.81680173 -27.66779130 11.00000000
-27.87904448 -27.77621902 11.00000000
-27.93792874 -28.12675177 11.00000000
-27.81998649 -28.64564071 11.00000000
-27.45627613 -29.15742445 11.00000000
-26.92357766 -29.48974984 11.00000000
-26.39854334 -29.57632392 11.00000000
-26.05217858 -29.49649904 11.00000000
-25.94768369 -29.42785831 11.00000000
-25.84604635 -29.35949735 11.00000000
-25.50874481 -29.27270047 11.00000000
-24.99120057 -29.33625047 11.00000000
-24.45137354 -29.63145082 11.00000000
-24.05907053 -30.10542847 11.00000000
-23.89843593 -30.60150020 11.00000000
-23.91962835 -30.94914500 11.00000000
-23.96745369 -31.06191072 11.00000000
-24.01501129 -31.17753514 11.00000000
-24.02763808 -31.53275496 11.00000000
-23.84297624 -32.03181018 11.00000000
-23.41557630 -32.49174182 11.00000000
-22.84405797 -32.75169302 11.00000000
-22.31221520 -32.76899571 11.00000000
-21.97923288 -32.64464407 11.00000000
-21.88459137 -32.56295126 11.00000000
-21.79274645 -32.48190880 11.00000000
-21.46965984 -32.35182779 11.00000000
-20.94824832 -32.34728103 11.00000000
-20.37450821 -32.56949433 11.00000000
-19.92369490 -32.98821122 11.00000000
-19.69968420 -33.45907197 11.00000000
-19.67531856 -33.80650879 11.00000000
-19.70801587 -33.92455224 11.00000000
-19.74007459 -34.04539498 11.00000000
-19.70622787 -34.39922398 11.00000000
-19.45800606 -34.86990651 11.00000000
-18.97422946 -35.27011648 11.00000000
-18.37367011 -35.45324564 11.00000000
-17.84411887 -35.40098090 11.00000000
-17.53021641 -35.23423019 11.00000000
-17.44704762 -35.14088307 11.00000000
-17.36656661 -35.04854577 11.00000000
-17.06322303 -34.87740636 11.00000000
-16.54686573 -34.80484064 11.00000000
-15.94902939 -34.95026477 11.00000000
-15.44741933 -35.30655653 11.00000000
-15.16386541 -35.74414974 11.00000000
-15.09435862 -36.08543383 11.00000000
-15.11136844 -36.20673526 11.00000000
-15.12737975 -36.33072868 11.00000000
-15.04763864 -36.67711274 11.00000000
-14.74010400 -37.11136906 11.00000000
-14.20822829 -37.44500967 11.00000000
-13.58890365 -37.54818341 11.00000000
-13.07070473 -37.42724549 11.00000000
-12.78125307 -37.22094886 11.00000000
-12.71098005 -37.11754464 11.00000000
-12.64324000 -37.01549242 11.00000000
-12.36482974 -36.80622284 11.00000000
-11.86236168 -36.66687979 11.00000000
-11.25065825 -36.73302648 11.00000000
-10.70683413 -37.02079687 11.00000000
-10.36858868 -37.41763519 11.00000000
-10.25513001 -37.74692709 11.00000000
-10.25616130 -37.86941100 11.00000000
-10.25585124 -37.99443354 11.00000000
-10.13158014 -38.32744593 11.00000000
-9.76999468 -38.71784581 11.00000000
-9.19912040 -38.97920835 11.00000000
-8.57162730 -39.00066134 11.00000000
-8.07364720 -38.81311954 11.00000000
-7.81359896 -38.57080678 11.00000000
-7.75742409 -38.45911472 11.00000000
-7.70358405 -38.34909372 11.00000000
-7.45487079 -38.10527465 11.00000000
-6.97488933 -37.90153845 11.00000000
-6.35978524 -37.88727593 11.00000000
-5.78305204 -38.10160111 11.00000000
-5.39590253 -38.45089454 11.00000000
-5.24043329 -38.76255997 11.00000000
-5.22546840 -38.88413062 11.00000000
-5.20884228 -39.00804310 11.00000000
-5.04216749 -39.32198589 11.00000000
-4.63271804 -39.66184947 11.00000000
-4.03261301 -39.84646198 11.00000000
-3.40768802 -39.78582715 11.00000000
-2.93844732 -39.53489035 11.00000000
-2.71225199 -39.26070750 11.00000000
-2.67113645 -39.14263869 11.00000000
-2.63211764 -39.02653140 11.00000000
-2.41735694 -38.75233464 11.00000000
-1.96807470 -38.48769128 11.00000000
-1.36009453 -38.39326358 11.00000000
-0.76032031 -38.53047639 11.00000000
-0.33089098 -38.82624841 11.00000000
-0.13607131 -39.11495470 11.00000000
-0.10536628 -39.23353198 11.00000000
-0.07270858 -39.35421423 11.00000000
0.13351804 -39.64371577 11.00000000
0.58382570 -39.92722789 11.00000000
1.20289351 -40.03193159 11.00000000
1.81455775 -39.89024643 11.00000000
2.24703020 -39.58020822 11.00000000
2.43550235 -39.27884663 11.00000000
2.46085508 -39.15642126 11.00000000
2.48438503 -39.03621431 11.00000000
2.66151857 -38.73633144 11.00000000
3.07241425 -38.41530904 11.00000000
3.66286777 -38.24233185 11.00000000
4.27542070 -38.30008454 11.00000000
4.73978220 -38.53727442 11.00000000
4.97061890 -38.79808171 11.00000000
5.01653868 -38.91163674 11.00000000
5.06466919 -39.02702385 11.00000000
5.30691904 -39.28713069 11.00000000
5.79038001 -39.50944038 11.00000000
6.41781819 -39.53244376 11.00000000
7.00575593 -39.31213253 11.00000000
7.39406041 -38.94829775 11.00000000
7.54158458 -38.62491381 11.00000000
7.55074069 -38.50022661 11.00000000
7.55837918 -38.37797677 11.00000000
7.69485475 -38.05753887 11.00000000
8.06033333 -37.68563021 11.00000000
8.62315738 -37.43706322 11.00000000
9.23800808 -37.41436762 11.00000000
9.72935639 -37.58891697 11.00000000
9.99226044 -37.81736279 11.00000000
10.05260927 -37.92395260 11.00000000
10.11538906 -38.03207027 11.00000000
10.38951718 -38.25833190 11.00000000
10.89785932 -38.41563539 11.00000000
11.52293222 -38.35654485 11.00000000
12.07708368 -38.06137714 11.00000000
12.41457620 -37.64997112 11.00000000
12.51862820 -37.31009800 11.00000000
12.51143103 -37.18528240 11.00000000
12.50304737 -37.06308140 11.00000000
12.59652984 -36.72757126 11.00000000
12.91033787 -36.31113980 11.00000000
13.43590239 -35.99123606 11.00000000
14.04253058 -35.88848050 11.00000000
14.55245860 -35.99740273 11.00000000
14.84293163 -36.18957830 11.00000000
14.91667693 -36.28737912 11.00000000
14.99303181 -36.38637742 11.00000000
15.29434781 -36.57492245 11.00000000
15.81887323 -36.66452822 11.00000000
16.43088568 -36.52435483 11.00000000
16.94176919 -36.15938103 11.00000000
17.22267514 -35.70744304 11.00000000
17.28147462 -35.35689606 11.00000000
17.25804733 -35.23408770 11.00000000
17.23378496 -35.11402644 11.00000000
17.28267480 -34.76918472 11.00000000
17.53944296 -34.31535573 11.00000000
18.01875538 -33.92958886 11.00000000
18.60678149 -33.74853153 11.00000000
19.12656421 -33.78996295 11.00000000
19.43963614 -33.94258009 11.00000000
19.52551611 -34.02991852 11.00000000
19.61413964 -34.11810356 11.00000000
19.93748790 -34.26570594 11.00000000
20.46922183 -34.28608081 11.00000000
21.05770214 -34.06722297 11.00000000
21.51657632 -33.63868789 11.00000000
21.73608934 -33.15395071 11.00000000
21.74863023 -32.79872784 11.00000000
21.70937364 -32.68002800 11.00000000
21.66964770 -32.56416075 11.00000000
21.67310841 -32.21588779 11.00000000
21.86844331 -31.73242640 11.00000000
22.29330246 -31.28739700 11.00000000
22.85266521 -31.03113583 11.00000000
23.37340900 -31.00436754 11.00000000
23.70372309 -31.11481493 11.00000000
23.80026830 -31.19019658 11.00000000
23.89964410 -31.26605949 11.00000000
24.23949205 -31.37019370 11.00000000
24.76933638 -31.32098905 11.00000000
25.32421547 -31.02719148 11.00000000
25.72322887 -30.54242748 11.00000000
25.87759303 -30.03318509 11.00000000
25.84366073 -29.67936429 11.00000000
25.78924656 -29.56680395 11.00000000
25.73473677 -29.45711324 11.00000000
25.69270913 -29.11136809 11.00000000
25.82326853 -28.60654646 11.00000000
26.18640497 -28.10986910 11.00000000
26.70753349 -27.78278879 11.00000000
27.22032828 -27.68827880 11.00000000
27.56223277 -27.75466666 11.00000000
27.66779130 -27.81680173 11.00000000
27.77621902 -27.87904448 11.00000000
28.12675177 -27.93792874 11.00000000
28.64564071 -27.81998649 11.00000000
29.15742445 -27.45627613 11.00000000
29.48974984 -26.92357766 11.00000000
29.57632392 -26.39854334 11.00000000
29.49649904 -26.05217858 11.00000000
29.42785831 -25.94768369 11.00000000
29.35949735 -25.84604635 11.00000000
29.27270047 -25.50874481 11.00000000
29.33625047 -24.99120057 11.00000000
29.63145082 -24.45137354 11.00000000
30.10542847 -24.05907053 11.00000000
30.60150020 -23.89843593 11.00000000
30.94914500 -23.91962835 11.00000000
31.06191072 -23.96745369 11.00000000
31.17753514 -24.01501129 11.00000000
31.53275496 -24.02763808 11.00000000
32.03181018 -23.84297624 11.00000000
32.49174182 -23.41557630 11.00000000
32.75169302 -22.84405797 11.00000000
32.76899571 -22.31221520 11.00000000
32.64464407 -21.97923288 11.00000000
32.56295126 -21.88459137 11.00000000
32.48190880 -21.79274645 11.00000000
32.35182779 -21.46965984 11.00000000
32.34728103 -20.94824832 11.00000000
32.56949433 -20.37450821 11.00000000
32.98821122 -19.92369490 11.00000000
33.45907197 -19.69968420 11.00000000
33.80650879 -19.67531856 11.00000000
33.92455224 -19.70801587 11.00000000
34.04539498 -19.74007459 11.00000000
34.39922398 -19.70622787 11.00000000
34.86990651 -19.45800606 11.00000000
35.27011648 -18.97422946 11.00000000
35.45324564 -18.37367011 11.00000000
35.40098090 -17.84411887 11.00000000
35.23423019 -17.53021641 11.00000000
35.14088307 -17.44704762 11.00000000
35.04854577 -17.36656661 11.00000000
34.87740636 -17.06322303 11.00000000
34.80484064 -16.54686573 11.00000000
34.95026477 -15.94902939 11.00000000
35.30655653 -15.44741933 11.00000000
35.74414974 -15.16386541 11.00000000
36.08543383 -15.09435862 11.00000000
36.20673526 -15.11136844 11.00000000
36.33072868 -15.12737975 11.00000000
36.67711274 -15.04763864 11.00000000
37.11136906 -14.74010400 11.00000000
37.44500967 -14.20822829 11.00000000
37.54818341 -13.58890365 11.00000000
37.42724549 -13.07070473 11.00000000
37.22094886 -12.78125307 11.00000000
37.11754464 -12.71098005 11.00000000
37.01549242 -12.64324000 11.00000000
36.80622284 -12.36482974 11.00000000
36.66687979 -11.86236168 11.00000000
36.73302648 -11.25065825 11.00000000
37.02079687 -10.70683413 11.00000000
37.41763519 -10.36858868 11.00000000
37.74692709 -10.25513001 11.00000000
37.86941100 -10.25616130 11.00000000
37.99443354 -10.25585124 11.00000000
38.32744593 -10.13158014 11.00000000
38.71784581 -9.76999468 11.00000000
38.97920835 -9.19912040 11.00000000
39.00066134 -8.57162730 11.00000000
38.81311954 -8.07364720 11.00000000
38.57080678 -7.81359896 11.00000000
38.45911472 -7.75742409 11.00000000
38.34909372 -7.70358405 11.00000000
38.10527465 -7.45487079 11.00000000
37.90153845 -6.97488933 11.00000000
37.88727593 -6.35978524 11.00000000
38.10160111 -5.78305204 11.00000000
38.45089454 -5.39590253 11.00000000
38.76255997 -5.24043329 11.00000000
38.88413062 -5.22546840 11.00000000
