39.21266727 -1.28368981 0.00000000
39.33427594 -1.25467151 0.00000000
39.62984085 -1.05723305 0.00000000
39.92674996 -0.61564377 0.00000000
40.05000000 -0.00000000 0.00000000
39.92674996 0.61564377 0.00000000
39.62984085 1.05723305 0.00000000
39.33427594 1.25467151 0.00000000
39.21266727 1.28368981 0.00000000
39.09322126 1.31081954 0.00000000
38.79879386 1.49688009 0.00000000
38.49025745 1.91723223 0.00000000
38.33509245 2.51261471 0.00000000
38.41121698 3.12315670 0.00000000
38.66224685 3.58018475 0.00000000
38.92986962 3.80308402 0.00000000
39.04475261 3.84557248 0.00000000
39.16153325 3.89021565 0.00000000
39.42879867 4.12454395 0.00000000
39.66552872 4.60110979 0.00000000
39.70736670 5.22757400 0.00000000
39.50481344 5.82186349 0.00000000
39.15280546 6.22092049 0.00000000
38.83399826 6.37809088 0.00000000
38.70964232 6.39098781 0.00000000
38.58767705 6.40229461 0.00000000
38.27148274 6.54833290 0.00000000
37.91071894 6.92481679 0.00000000
37.67916839 7.49485259 0.00000000
37.67494994 8.11010755 0.00000000
37.86417809 8.59599164 0.00000000
38.10041711 8.85191575 0.00000000
38.20877140 8.90903596 0.00000000
38.31872587 8.96854013 0.00000000
38.55311881 9.23574886 0.00000000
38.72561928 9.73913708 0.00000000
38.68532934 10.36570276 0.00000000
38.40693862 10.92846952 0.00000000
38.00585472 11.27816627 0.00000000
37.66926011 11.39237935 0.00000000
37.54428466 11.38893424 0.00000000
37.42188699 11.38422464 0.00000000
37.08933594 11.48774191 0.00000000
36.68251751 11.81391581 0.00000000
36.37854331 12.34885146 0.00000000
36.29405407 12.95829221 0.00000000
36.41824274 13.46471873 0.00000000
36.61905591 13.74928875 0.00000000
36.71902753 13.82006336 0.00000000
36.82027447 13.89341040 0.00000000
37.01778441 14.18892755 0.00000000
37.12310376 14.71052504 0.00000000
37.00137528 15.32647147 0.00000000
36.65191042 15.84808640 0.00000000
36.20861327 16.14243949 0.00000000
35.85999047 16.21174105 0.00000000
35.73653388 16.19201285 0.00000000
35.61579807 16.17136744 0.00000000
35.27258032 16.23059248 0.00000000
34.82666805 16.50087545 0.00000000
34.45547127 16.99155806 0.00000000
34.29215686 17.58475691 0.00000000
34.34918116 18.10306075 0.00000000
34.51113250 18.41140761 0.00000000
34.60101091 18.49462565 0.00000000
34.69181796 18.58056057 0.00000000
34.84906544 18.89932975 0.00000000
34.88540164 19.43021183 0.00000000
34.68431742 20.02500000 0.00000000
34.26975787 20.49653813 0.00000000
33.79183240 20.73051110 0.00000000
33.43714645 20.75371537 0.00000000
33.31732110 20.71804162 0.00000000
33.20031296 20.68181365 0.00000000
32.85230107 20.69573311 0.00000000
32.37492463 20.90550054 0.00000000
31.94285656 21.34353439 0.00000000
31.70351135 21.91034153 0.00000000
31.69239557 22.43165437 0.00000000
31.81271405 22.75850218 0.00000000
31.89096140 22.85273976 0.00000000
31.96977483 22.94979220 0.00000000
32.08406931 23.28635918 0.00000000
32.05080063 23.81744232 0.00000000
31.77380128 24.38089523 0.00000000
31.30124027 24.79428841 0.00000000
30.79686391 24.96387791 0.00000000
30.44218359 24.94058786 0.00000000
30.32803972 24.88957896 0.00000000
30.21676130 24.83838830 0.00000000
29.86990984 24.80676401 0.00000000
29.36923728 24.95242672 0.00000000
28.88369073 25.33031693 0.00000000
28.57240996 25.86103414 0.00000000
28.49334430 26.37643618 0.00000000
28.56997124 26.71619247 0.00000000
28.63524871 26.81983716 0.00000000
28.70071998 26.92634652 0.00000000
28.77010586 27.27495255 0.00000000
28.66780154 27.79714976 0.00000000
28.31962659 28.31962659 0.00000000
27.79714976 28.66780154 0.00000000
27.27495255 28.77010586 0.00000000
26.92634652 28.70071998 0.00000000
26.81983716 28.63524871 0.00000000
26.71619247 28.56997124 0.00000000
26.37643618 28.49334430 0.00000000
25.86103414 28.57240996 0.00000000
25.33031693 28.88369073 0.00000000
24.95242672 29.36923728 0.00000000
24.80676401 29.86990984 0.00000000
24.83838830 30.21676130 0.00000000
24.88957896 30.32803972 0.00000000
24.94058786 30.44218359 0.00000000
24.96387791 30.79686391 0.00000000
24.79428841 31.30124027 0.00000000
24.38089523 31.77380128 0.00000000
23.81744232 32.05080063 0.00000000
23.28635918 32.08406931 0.00000000
22.94979220 31.96977483 0.00000000
22.85273976 31.89096140 0.00000000
22.75850218 31.81271405 0.00000000
22.43165437 31.69239557 0.00000000
21.91034153 31.70351135 0.00000000
21.34353439 31.94285656 0.00000000
20.90550054 32.37492463 0.00000000
20.69573311 32.85230107 0.00000000
20.68181365 33.20031296 0.00000000
20.71804162 33.31732110 0.00000000
20.75371537 33.43714645 0.00000000
20.73051110 33.79183240 0.00000000
20.49653813 34.26975787 0.00000000
20.02500000 34.68431742 0.00000000
19.43021183 34.88540164 0.00000000
18.89932975 34.84906544 0.00000000
18.58056057 34.69181796 0.00000000
18.49462565 34.60101091 0.00000000
18.41140761 34.51113250 0.00000000
18.10306075 34.34918116 0.00000000
17.58475691 34.29215686 0.00000000
16.99155806 34.45547127 0.00000000
16.50087545 34.82666805 0.00000000
16.23059248 35.27258032 0.00000000
16.17136744 35.61579807 0.00000000
16.19201285 35.73653388 0.00000000
16.21174105 35.85999047 0.00000000
16.14243949 36.20861327 0.00000000
15.84808640 36.65191042 0.00000000
15.32647147 37.00137528 0.00000000
14.71052504 37.12310376 0.00000000
14.18892755 37.01778441 0.00000000
13.89341040 36.82027447 0.00000000
13.82006336 36.71902753 0.00000000
13.74928875 36.61905591 0.00000000
13.46471873 36.41824274 0.00000000
12.95829221 36.29405407 0.00000000
12.34885146 36.37854331 0.00000000
11.81391581 36.68251751 0.00000000
11.48774191 37.08933594 0.00000000
11.38422464 37.42188699 0.00000000
11.38893424 37.54428466 0.00000000
11.39237935 37.66926011 0.00000000
11.27816627 38.00585472 0.00000000
10.92846952 38.40693862 0.00000000
10.36570276 38.68532934 0.00000000
9.73913708 38.72561928 0.00000000
9.23574886 38.55311881 0.00000000
8.96854013 38.31872587 0.00000000
8.90903596 38.20877140 0.00000000
8.85191575 38.10041711 0.00000000
8.59599164 37.86417809 0.00000000
8.11010755 37.67494994 0.00000000
7.49485259 37.67916839 0.00000000
6.92481679 37.91071894 0.00000000
6.54833290 38.27148274 0.00000000
6.40229461 38.58767705 0.00000000
6.39098781 38.70964232 0.00000000
6.37809088 38.83399826 0.00000000
6.22092049 39.15280546 0.00000000
5.82186349 39.50481344 0.00000000
5.22757400 39.70736670 0.00000000
4.60110979 39.66552872 0.00000000
4.12454395 39.42879867 0.00000000
3.89021565 39.16153325 0.00000000
3.84557248 39.04475261 0.00000000
3.80308402 38.92986962 0.00000000
3.58018475 38.66224685 0.00000000
3.12315670 38.41121698 0.00000000
2.51261471 38.33509245 0.00000000
1.91723223 38.49025745 0.00000000
1.49688009 38.79879386 0.00000000
1.31081954 39.09322126 0.00000000
1.28368981 39.21266727 0.00000000
1.25467151 39.33427594 0.00000000
1.05723305 39.62984085 0.00000000
0.61564377 39.92674996 0.00000000
0.00000000 40.05000000 0.00000000
-0.61564377 39.92674996 0.00000000
-1.05723305 39.62984085 0.00000000
-1.25467151 39.33427594 0.00000000
-1.28368981 39.21266727 0.00000000
-1.31081954 39.09322126 0.00000000
-1.49688009 38.79879386 0.00000000
-1.91723223 38.49025745 0.00000000
-2.51261471 38.33509245 0.00000000
-3.12315670 38.41121698 0.00000000
-3.58018475 38.66224685 0.00000000
-3.80308402 38.92986962 0.00000000
-3.84557248 39.04475261 0.00000000
-3.89021565 39.16153325 0.00000000
-4.12454395 39.42879867 0.00000000
-4.60110979 39.66552872 0.00000000
-5.22757400 39.70736670 0.00000000
-5.82186349 39.50481344 0.00000000
-6.22092049 39.15280546 0.00000000
-6.37809088 38.83399826 0.00000000
-6.39098781 38.70964232 0.00000000
-6.40229461 38.58767705 0.00000000
-6.54833290 38.27148274 0.00000000
-6.92481679 37.91071894 0.00000000
-7.49485259 37.67916839 0.00000000
-8.11010755 37.67494994 0.00000000
-8.59599164 37.86417809 0.00000000
-8.85191575 38.10041711 0.00000000
-8.90903596 38.20877140 0.00000000
-8.96854013 38.31872587 0.00000000
-9.23574886 38.55311881 0.00000000
-9.73913708 38.72561928 0.00000000
-10.36570276 38.68532934 0.00000000
-10.92846952 38.40693862 0.00000000
-11.27816627 38.00585472 0.00000000
-11.39237935 37.66926011 0.00000000
-11.38893424 37.54428466 0.00000000
-11.38422464 37.42188699 0.00000000
-11.48774191 37.08933594 0.00000000
-11.81391581 36.68251751 0.00000000
-12.34885146 36.37854331 0.00000000
-12.95829221 36.29405407 0.00000000
-13.46471873 36.41824274 0.00000000
-13.74928875 36.61905591 0.00000000
-13.82006336 36.71902753 0.00000000
-13.89341040 36.82027447 0.00000000
-14.18892755 37.01778441 0.00000000
-14.71052504 37.12310376 0.00000000
-15.32647147 37.00137528 0.00000000
-15.84808640 36.65191042 0.00000000
-16.14243949 36.20861327 0.00000000
-16.21174105 35.85999047 0.00000000
-16.19201285 35.73653388 0.00000000
-16.17136744 35.61579807 0.00000000
-16.23059248 35.27258032 0.00000000
-16.50087545 34.82666805 0.00000000
-16.99155806 34.45547127 0.00000000
-17.58475691 34.29215686 0.00000000
-18.10306075 34.34918116 0.00000000
-18.41140761 34.51113250 0.00000000
-18.49462565 34.60101091 0.00000000
-18.58056057 34.69181796 0.00000000
-18.89932975 34.84906544 0.00000000
-19.43021183 34.88540164 0.00000000
-20.02500000 34.68431742 0.00000000
-20.49653813 34.26975787 0.00000000
-20.73051110 33.79183240 0.00000000
-20.75371537 33.43714645 0.00000000
-20.71804162 33.31732110 0.00000000
-20.68181365 33.20031296 0.00000000
-20.69573311 32.85230107 0.00000000
-20.90550054 32.37492463 0.00000000
-21.34353439 31.94285656 0.00000000
-21.91034153 31.70351135 0.00000000
-22.43165437 31.69239557 0.00000000
-22.75850218 31.81271405 0.00000000
-22.85273976 31.89096140 0.00000000
-22.94979220 31.96977483 0.00000000
-23.28635918 32.08406931 0.00000000
-23.81744232 32.05080063 0.00000000
-24.38089523 31.77380128 0.00000000
-24.79428841 31.30124027 0.00000000
-24.96387791 30.79686391 0.00000000
-24.94058786 30.44218359 0.00000000
-24.88957896 30.32803972 0.00000000
-24.83838830 30.21676130 0.00000000
-24.80676401 29.86990984 0.00000000
-24.95242672 29.36923728 0.00000000
-25.33031693 28.88369073 0.00000000
-25.86103414 28.57240996 0.00000000
-26.37643618 28.49334430 0.00000000
-26.71619247 28.56997124 0.00000000
-26.81983716 28.63524871 0.00000000
-26.92634652 28.70071998 0.00000000
-27.27495255 28.77010586 0.00000000
-27.79714976 28.66780154 0.00000000
-28.31962659 28.31962659 0.00000000
-28.66780154 27.79714976 0.00000000
-28.77010586 27.27495255 0.00000000
-28.70071998 26.92634652 0.00000000
-28.63524871 26.81983716 0.00000000
-28.56997124 26.71619247 0.00000000
-28.49334430 26.37643618 0.00000000
-28.57240996 25.86103414 0.00000000
-28.88369073 25.33031693 0.00000000
-29.36923728 24.95242672 0.00000000
-29.86990984 24.80676401 0.00000000
-30.21676130 24.83838830 0.00000000
-30.32803972 24.88957896 0.00000000
-30.44218359 24.94058786 0.00000000
-30.79686391 24.96387791 0.00000000
-31.30124027 24.79428841 0.00000000
-31.77380128 24.38089523 0.00000000
-32.05080063 23.81744232 0.00000000
-32.08406931 23.28635918 0.00000000
-31.96977483 22.94979220 0.00000000
-31.89096140 22.85273976 0.00000000
-31.81271405 22.75850218 0.00000000
-31.69239557 22.43165437 0.00000000
-31.70351135 21.91034153 0.00000000
-31.94285656 21.34353439 0.00000000
-32.37492463 20.90550054 0.00000000
-32.85230107 20.69573311 0.00000000
-33.20031296 20.68181365 0.00000000
-33.31732110 20.71804162 0.00000000
-33.43714645 20.75371537 0.00000000
-33.79183240 20.73051110 0.00000000
-34.26975787 20.49653813 0.00000000
-34.68431742 20.02500000 0.00000000
-34.88540164 19.43021183 0.00000000
-34.84906544 18.89932975 0.00000000
-34.69181796 18.58056057 0.00000000
-34.60101091 18.49462565 0.00000000
-34.51113250 18.41140761 0.00000000
-34.34918116 18.10306075 0.00000000
-34.29215686 17.58475691 0.00000000
-34.45547127 16.99155806 0.00000000
-34.82666805 16.50087545 0.00000000
-35.27258032 16.23059248 0.00000000
-35.61579807 16.17136744 0.00000000
-35.73653388 16.19201285 0.00000000
-35.85999047 16.21174105 0.00000000
-36.20861327 16.14243949 0.00000000
-36.65191042 15.84808640 0.00000000
-37.00137528 15.32647147 0.00000000
-37.12310376 14.71052504 0.00000000
-37.01778441 14.18892755 0.00000000
-36.82027447 13.89341040 0.00000000
-36.71902753 13.82006336 0.00000000
-36.61905591 13.74928875 0.00000000
-36.41824274 13.46471873 0.00000000
-36.29405407 12.95829221 0.00000000
-36.37854331 12.34885146 0.00000000
-36.68251751 11.81391581 0.00000000
-37.08933594 11.48774191 0.00000000
-37.42188699 11.38422464 0.00000000
-37.54428466 11.38893424 0.00000000
-37.66926011 11.39237935 0.00000000
-38.00585472 11.27816627 0.00000000
-38.40693862 10.92846952 0.00000000
-38.68532934 10.36570276 0.00000000
-38.72561928 9.73913708 0.00000000
-38.55311881 9.23574886 0.00000000
-38.31872587 8.96854013 0.00000000
-38.20877140 8.90903596 0.00000000
-38.10041711 8.85191575 0.00000000
-37.86417809 8.59599164 0.00000000
-37.67494994 8.11010755 0.00000000
-37.67916839 7.49485259 0.00000000
-37.91071894 6.92481679 0.00000000
-38.27148274 6.54833290 0.00000000
-38.58767705 6.40229461 0.00000000
-38.70964232 6.39098781 0.00000000
-38.83399826 6.37809088 0.00000000
-39.15280546 6.22092049 0.00000000
-39.50481344 5.82186349 0.00000000
-39.70736670 5.22757400 0.00000000
-39.66552872 4.60110979 0.00000000
-39.42879867 4.12454395 0.00000000
-39.16153325 3.89021565 0.00000000
-39.04475261 3.84557248 0.00000000
-38.92986962 3.80308402 0.00000000
-38.66224685 3.58018475 0.00000000
-38.41121698 3.12315670 0.00000000
-38.33509245 2.51261471 0.00000000
-38.49025745 1.91723223 0.00000000
-38.79879386 1.49688009 0.00000000
-39.09322126 1.31081954 0.00000000
-39.21266727 1.28368981 0.00000000
-39.33427594 1.25467151 0.00000000
-39.62984085 1.05723305 0.00000000
-39.92674996 0.61564377 0.00000000
-40.05000000 0.00000000 0.00000000
-39.92674996 -0.61564377 0.00000000
-39.62984085 -1.05723305 0.00000000
-39.33427594 -1.25467151 0.00000000
-39.21266727 -1.28368981 0.00000000
-39.09322126 -1.31081954 0.00000000
-38.79879386 -1.49688009 0.00000000
-38.49025745 -1.91723223 0.00000000
-38.33509245 -2.51261471 0.00000000
-38.41121698 -3.12315670 0.00000000
-38.66224685 -3.58018475 0.00000000
-38.92986962 -3.80308402 0.00000000
-39.04475261 -3.84557248 0.00000000
-39.16153325 -3.89021565 0.00000000
-39.42879867 -4.12454395 0.00000000
-39.66552872 -4.60110979 0.00000000
-39.70736670 -5.22757400 0.00000000
-39.50481344 -5.82186349 0.00000000
-39.15280546 -6.22092049 0.00000000
-38.83399826 -6.37809088 0.00000000
-38.70964232 -6.39098781 0.00000000
-38.58767705 -6.40229461 0.00000000
-38.27148274 -6.54833290 0.00000000
-37.91071894 -6.92481679 0.00000000
-37.67916839 -7.49485259 0.00000000
-37.67494994 -8.11010755 0.00000000
-37.86417809 -8.59599164 0.00000000
-38.10041711 -8.85191575 0.00000000
-38.20877140 -8.90903596 0.00000000
-38.31872587 -8.96854013 0.00000000
-38.55311881 -9.23574886 0.00000000
-38.72561928 -9.73913708 0.00000000
-38.68532934 -10.36570276 0.00000000
-38.40693862 -10.92846952 0.00000000
-38.00585472 -11.27816627 0.00000000
-37.66926011 -11.39237935 0.00000000
-37.54428466 -11.38893424 0.00000000
-37.42188699 -11.38422464 0.00000000
-37.08933594 -11.48774191 0.00000000
-36.68251751 -11.81391581 0.00000000
-36.37854331 -12.34885146 0.00000000
-36.29405407 -12.95829221 0.00000000
-36.41824274 -13.46471873 0.00000000
-36.61905591 -13.74928875 0.00000000
-36.71902753 -13.82006336 0.00000000
-36.82027447 -13.89341040 0.00000000
-37.01778441 -14.18892755 0.00000000
-37.12310376 -14.71052504 0.00000000
-37.00137528 -15.32647147 0.00000000
-36.65191042 -15.84808640 0.00000000
-36.20861327 -16.14243949 0.00000000
-35.85999047 -16.21174105 0.00000000
-35.73653388 -16.19201285 0.00000000
-35.61579807 -16.17136744 0.00000000
-35.27258032 -16.23059248 0.00000000
-34.82666805 -16.50087545 0.00000000
-34.45547127 -16.99155806 0.00000000
-34.29215686 -17.58475691 0.00000000
-34.34918116 -18.10306075 0.00000000
-34.51113250 -18.41140761 0.00000000
-34.60101091 -18.49462565 0.00000000
-34.69181796 -18.58056057 0.00000000
-34.84906544 -18.89932975 0.00000000
-34.88540164 -19.43021183 0.00000000
-34.68431742 -20.02500000 0.00000000
-34.26975787 -20.49653813 0.00000000
-33.79183240 -20.73051110 0.00000000
-33.43714645 -20.75371537 0.00000000
-33.31732110 -20.71804162 0.00000000
-33.20031296 -20.68181365 0.00000000
-32.85230107 -20.69573311 0.00000000
-32.37492463 -20.90550054 0.00000000
-31.94285656 -21.34353439 0.00000000
-31.70351135 -21.91034153 0.00000000
-31.69239557 -22.43165437 0.00000000
-31.81271405 -22.75850218 0.00000000
-31.89096140 -22.85273976 0.00000000
-31.96977483 -22.94979220 0.00000000
-32.08406931 -23.28635918 0.00000000
-32.05080063 -23.81744232 0.00000000
-31.77380128 -24.38089523 0.00000000
-31.30124027 -24.79428841 0.00000000
-30.79686391 -24.96387791 0.00000000
-30.44218359 -24.94058786 0.00000000
-30.32803972 -24.88957896 0.00000000
-30.21676130 -24.83838830 0.00000000
-29.86990984 -24.80676401 0.00000000
-29.36923728 -24.95242672 0.00000000
-28.88369073 -25.33031693 0.00000000
-28.57240996 -25.86103414 0.00000000
-28.49334430 -26.37643618 0.00000000
-28.56997124 -26.71619247 0.00000000
-28.63524871 -26.81983716 0.00000000
-28.70071998 -26.92634652 0.00000000
-28.77010586 -27.27495255 0.00000000
-28.66780154 -27.79714976 0.00000000
-28.31962659 -28.31962659 0.00000000
-27.79714976 -28.66780154 0.00000000
-27.27495255 -28.77010586 0.00000000
-26.92634652 -28.70071998 0.00000000
-26.81983716 -28.63524871 0.00000000
-26.71619247 -28.56997124 0.00000000
-26.37643618 -28.49334430 0.00000000
-25.86103414 -28.57240996 0.00000000
-25.33031693 -28.88369073 0.00000000
-24.95242672 -29.36923728 0.00000000
-24.80676401 -29.86990984 0.00000000
-24.83838830 -30.21676130 0.00000000
-24.88957896 -30.32803972 0.00000000
-24.94058786 -30.44218359 0.00000000
-24.96387791 -30.79686391 0.00000000
-24.79428841 -31.30124027 0.00000000
-24.38089523 -31.77380128 0.00000000
-23.81744232 -32.05080063 0.00000000
-23.28635918 -32.08406931 0.00000000
-22.94979220 -31.96977483 0.00000000
-22.85273976 -31.89096140 0.00000000
-22.75850218 -31.81271405 0.00000000
-22.43165437 -31.69239557 0.00000000
-21.91034153 -31.70351135 0.00000000
-21.34353439 -31.94285656 0.00000000
-20.90550054 -32.37492463 0.00000000
-20.69573311 -32.85230107 0.00000000
-20.68181365 -33.20031296 0.00000000
-20.71804162 -33.31732110 0.00000000
-20.75371537 -33.43714645 0.00000000
-20.73051110 -33.79183240 0.00000000
-20.49653813 -34.26975787 0.00000000
-20.02500000 -34.68431742 0.00000000
-19.43021183 -34.88540164 0.00000000
-18.89932975 -34.84906544 0.00000000
-18.58056057 -34.69181796 0.00000000
-18.49462565 -34.60101091 0.00000000
-18.41140761 -34.51113250 0.00000000
-18.10306075 -34.34918116 0.00000000
-17.58475691 -34.29215686 0.00000000
-16.99155806 -34.45547127 0.00000000
-16.50087545 -34.82666805 0.00000000
-16.23059248 -35.27258032 0.00000000
-16.17136744 -35.61579807 0.00000000
-16.19201285 -35.73653388 0.00000000
-16.21174105 -35.85999047 0.00000000
-16.14243949 -36.20861327 0.00000000
-15.84808640 -36.65191042 0.00000000
-15.32647147 -37.00137528 0.00000000
-14.71052504 -37.12310376 0.00000000
-14.18892755 -37.01778441 0.00000000
-13.89341040 -36.82027447 0.00000000
-13.82006336 -36.71902753 0.00000000
-13.74928875 -36.61905591 0.00000000
-13.46471873 -36.41824274 0.00000000
-12.95829221 -36.29405407 0.00000000
-12.34885146 -36.37854331 0.00000000
-11.81391581 -36.68251751 0.00000000
-11.48774191 -37.08933594 0.00000000
-11.38422464 -37.42188699 0.00000000
-11.38893424 -37.54428466 0.00000000
-11.39237935 -37.66926011 0.00000000
-11.27816627 -38.00585472 0.00000000
-10.92846952 -38.40693862 0.00000000
-10.36570276 -38.68532934 0.00000000
-9.73913708 -38.72561928 0.00000000
-9.23574886 -38.55311881 0.00000000
-8.96854013 -38.31872587 0.00000000
-8.90903596 -38.20877140 0.00000000
-8.85191575 -38.10041711 0.00000000
-8.59599164 -37.86417809 0.00000000
-8.11010755 -37.67494994 0.00000000
-7.49485259 -37.67916839 0.00000000
-6.92481679 -37.91071894 0.00000000
-6.54833290 -38.27148274 0.00000000
-6.40229461 -38.58767705 0.00000000
-6.39098781 -38.70964232 0.00000000
-6.37809088 -38.83399826 0.00000000
-6.22092049 -39.15280546 0.00000000
-5.82186349 -39.50481344 0.00000000
-5.22757400 -39.70736670 0.00000000
-4.60110979 -39.66552872 0.00000000
-4.12454395 -39.42879867 0.00000000
-3.89021565 -39.16153325 0.00000000
-3.84557248 -39.04475261 0.00000000
-3.80308402 -38.92986962 0.00000000
-3.58018475 -38.66224685 0.00000000
-3.12315670 -38.41121698 0.00000000
-2.51261471 -38.33509245 0.00000000
-1.91723223 -38.49025745 0.00000000
-1.49688009 -38.79879386 0.00000000
-1.31081954 -39.09322126 0.00000000
-1.28368981 -39.21266727 0.00000000
-1.25467151 -39.33427594 0.00000000
-1.05723305 -39.62984085 0.00000000
-0.61564377 -39.92674996 0.00000000
-0.00000000 -40.05000000 0.00000000
0.61564377 -39.92674996 0.00000000
1.05723305 -39.62984085 0.00000000
1.25467151 -39.33427594 0.00000000
1.28368981 -39.21266727 0.00000000
1.31081954 -39.09322126 0.00000000
1.49688009 -38.79879386 0.00000000
1.91723223 -38.49025745 0.00000000
2.51261471 -38.33509245 0.00000000
3.12315670 -38.41121698 0.00000000
3.58018475 -38.66224685 0.00000000
3.80308402 -38.92986962 0.00000000
3.84557248 -39.04475261 0.00000000
3.89021565 -39.16153325 0.00000000
4.12454395 -39.42879867 0.00000000
4.60110979 -39.66552872 0.00000000
5.22757400 -39.70736670 0.00000000
5.82186349 -39.50481344 0.00000000
6.22092049 -39.15280546 0.00000000
6.37809088 -38.83399826 0.00000000
6.39098781 -38.70964232 0.00000000
6.40229461 -38.58767705 0.00000000
6.54833290 -38.27148274 0.00000000
6.92481679 -37.91071894 0.00000000
7.49485259 -37.67916839 0.00000000
8.11010755 -37.67494994 0.00000000
8.59599164 -37.86417809 0.00000000
8.85191575 -38.10041711 0.00000000
8.90903596 -38.20877140 0.00000000
8.96854013 -38.31872587 0.00000000
9.23574886 -38.55311881 0.00000000
9.73913708 -38.72561928 0.00000000
10.36570276 -38.68532934 0.00000000
10.92846952 -38.40693862 0.00000000
11.27816627 -38.00585472 0.00000000
11.39237935 -37.66926011 0.00000000
11.38893424 -37.54428466 0.00000000
11.38422464 -37.42188699 0.00000000
11.48774191 -37.08933594 0.00000000
11.81391581 -36.68251751 0.00000000
12.34885146 -36.37854331 0.00000000
12.95829221 -36.29405407 0.00000000
13.46471873 -36.41824274 0.00000000
13.74928875 -36.61905591 0.00000000
13.82006336 -36.71902753 0.00000000
13.89341040 -36.82027447 0.00000000
14.18892755 -37.01778441 0.00000000
14.71052504 -37.12310376 0.00000000
15.32647147 -37.00137528 0.00000000
15.84808640 -36.65191042 0.00000000
16.14243949 -36.20861327 0.00000000
16.21174105 -35.85999047 0.00000000
16.19201285 -35.73653388 0.00000000
16.17136744 -35.61579807 0.00000000
16.23059248 -35.27258032 0.00000000
16.50087545 -34.82666805 0.00000000
16.99155806 -34.45547127 0.00000000
17.58475691 -34.29215686 0.00000000
18.10306075 -34.34918116 0.00000000
18.41140761 -34.51113250 0.00000000
18.49462565 -34.60101091 0.00000000
18.58056057 -34.69181796 0.00000000
18.89932975 -34.84906544 0.00000000
19.43021183 -34.88540164 0.00000000
20.02500000 -34.68431742 0.00000000
20.49653813 -34.26975787 0.00000000
20.73051110 -33.79183240 0.00000000
20.75371537 -33.43714645 0.00000000
20.71804162 -33.31732110 0.00000000
20.68181365 -33.20031296 0.00000000
20.69573311 -32.85230107 0.00000000
20.90550054 -32.37492463 0.00000000
21.34353439 -31.94285656 0.00000000
21.91034153 -31.70351135 0.00000000
22.43165437 -31.69239557 0.00000000
22.75850218 -31.81271405 0.00000000
22.85273976 -31.89096140 0.00000000
22.94979220 -31.96977483 0.00000000
23.28635918 -32.08406931 0.00000000
23.81744232 -32.05080063 0.00000000
24.38089523 -31.77380128 0.00000000
24.79428841 -31.30124027 0.00000000
24.96387791 -30.79686391 0.00000000
24.94058786 -30.44218359 0.00000000
24.88957896 -30.32803972 0.00000000
24.83838830 -30.21676130 0.00000000
24.80676401 -29.86990984 0.00000000
24.95242672 -29.36923728 0.00000000
25.33031693 -28.88369073 0.00000000
25.86103414 -28.57240996 0.00000000
26.37643618 -28.49334430 0.00000000
26.71619247 -28.56997124 0.00000000
26.81983716 -28.63524871 0.00000000
26.92634652 -28.70071998 0.00000000
27.27495255 -28.77010586 0.00000000
27.79714976 -28.66780154 0.00000000
28.31962659 -28.31962659 0.00000000
28.66780154 -27.79714976 0.00000000
28.77010586 -27.27495255 0.00000000
28.70071998 -26.92634652 0.00000000
28.63524871 -26.81983716 0.00000000
28.56997124 -26.71619247 0.00000000
28.49334430 -26.37643618 0.00000000
28.57240996 -25.86103414 0.00000000
28.88369073 -25.33031693 0.00000000
29.36923728 -24.95242672 0.00000000
29.86990984 -24.80676401 0.00000000
30.21676130 -24.83838830 0.00000000
30.32803972 -24.88957896 0.00000000
30.44218359 -24.94058786 0.00000000
30.79686391 -24.96387791 0.00000000
31.30124027 -24.79428841 0.00000000
31.77380128 -24.38089523 0.00000000
32.05080063 -23.81744232 0.00000000
32.08406931 -23.28635918 0.00000000
31.96977483 -22.94979220 0.00000000
31.89096140 -22.85273976 0.00000000
31.81271405 -22.75850218 0.00000000
31.69239557 -22.43165437 0.00000000
31.70351135 -21.91034153 0.00000000
31.94285656 -21.34353439 0.00000000
32.37492463 -20.90550054 0.00000000
32.85230107 -20.69573311 0.00000000
33.20031296 -20.68181365 0.00000000
33.31732110 -20.71804162 0.00000000
33.43714645 -20.75371537 0.00000000
33.79183240 -20.73051110 0.00000000
34.26975787 -20.49653813 0.00000000
34.68431742 -20.02500000 0.00000000
34.88540164 -19.43021183 0.00000000
34.84906544 -18.89932975 0.00000000
34.69181796 -18.58056057 0.00000000
34.60101091 -18.49462565 0.00000000
34.51113250 -18.41140761 0.00000000
34.34918116 -18.10306075 0.00000000
34.29215686 -17.58475691 0.00000000
34.45547127 -16.99155806 0.00000000
34.82666805 -16.50087545 0.00000000
35.27258032 -16.23059248 0.00000000
35.61579807 -16.17136744 0.00000000
35.73653388 -16.19201285 0.00000000
35.85999047 -16.21174105 0.00000000
36.20861327 -16.14243949 0.00000000
36.65191042 -15.84808640 0.00000000
37.00137528 -15.32647147 0.00000000
37.12310376 -14.71052504 0.00000000
37.01778441 -14.18892755 0.00000000
36.82027447 -13.89341040 0.00000000
36.71902753 -13.82006336 0.00000000
36.61905591 -13.74928875 0.00000000
36.41824274 -13.46471873 0.00000000
36.29405407 -12.95829221 0.00000000
36.37854331 -12.34885146 0.00000000
36.68251751 -11.81391581 0.00000000
37.08933594 -11.48774191 0.00000000
37.42188699 -11.38422464 0.00000000
37.54428466 -11.38893424 0.00000000
37.66926011 -11.39237935 0.00000000
38.00585472 -11.27816627 0.00000000
38.40693862 -10.92846952 0.00000000
38.68532934 -10.36570276 0.00000000
38.72561928 -9.73913708 0.00000000
38.55311881 -9.23574886 0.00000000
38.31872587 -8.96854013 0.00000000
38.20877140 -8.90903596 0.00000000
38.10041711 -8.85191575 0.00000000
37.86417809 -8.59599164 0.00000000
37.67494994 -8.11010755 0.00000000
37.67916839 -7.49485259 0.00000000
37.91071894 -6.92481679 0.00000000
38.27148274 -6.54833290 0.00000000
38.58767705 -6.40229461 0.00000000
38.70964232 -6.39098781 0.00000000
38.83399826 -6.37809088 0.00000000
39.15280546 -6.22092049 0.00000000
39.50481344 -5.82186349 0.00000000
39.70736670 -5.22757400 0.00000000
39.66552872 -4.60110979 0.00000000
39.42879867 -4.12454395 0.00000000
39.16153325 -3.89021565 0.00000000
39.04475261 -3.84557248 0.00000000
38.92986962 -3.80308402 0.00000000
38.66224685 -3.58018475 0.00000000
38.41121698 -3.12315670 0.00000000
38.33509245 -2.51261471 0.00000000
38.49025745 -1.91723223 0.00000000
38.79879386 -1.49688009 0.00000000
39.09322126 -1.31081954 0.00000000
39.21266727 -1.28368981 0.00000000
