9.66254068 1.27209761 0.00000000
9.78049485 1.32371856 0.00000000
10.03825182 1.58261033 0.00000000
10.23514571 2.09155619 0.00000000
10.20234513 2.73371014 0.00000000
9.90967429 3.30623206 0.00000000
9.48468625 3.64854516 0.00000000
9.13201628 3.74387353 0.00000000
9.00405451 3.72960149 0.00000000
8.88683078 3.71134862 0.00000000
8.55438575 3.76588172 0.00000000
8.11595618 4.01260922 0.00000000
7.73325338 4.46479592 0.00000000
7.53299961 5.02231962 0.00000000
7.53854211 5.52537451 0.00000000
7.65753758 5.84054690 0.00000000
7.73195689 5.93293919 0.00000000
7.80829772 6.03662132 0.00000000
7.90207592 6.38970666 0.00000000
7.81811810 6.92891365 0.00000000
7.46863499 7.46863499 0.00000000
6.92891365 7.81811810 0.00000000
6.38970666 7.90207592 0.00000000
6.03662132 7.80829772 0.00000000
5.93293919 7.73195689 0.00000000
5.84054690 7.65753758 0.00000000
5.52537451 7.53854211 0.00000000
5.02231962 7.53299961 0.00000000
4.46479592 7.73325338 0.00000000
4.01260922 8.11595618 0.00000000
3.76588172 8.55438575 0.00000000
3.71134862 8.88683078 0.00000000
3.72960149 9.00405451 0.00000000
3.74387353 9.13201628 0.00000000
3.64854516 9.48468625 0.00000000
3.30623206 9.90967429 0.00000000
2.73371014 10.20234513 0.00000000
2.09155619 10.23514571 0.00000000
1.58261033 10.03825182 0.00000000
1.32371856 9.78049485 0.00000000
1.27209761 9.66254068 0.00000000
1.22929320 9.55189552 0.00000000
1.01584364 9.29125623 0.00000000
0.58295657 9.03492883 0.00000000
0.00000000 8.92959184 0.00000000
-0.58295657 9.03492883 0.00000000
-1.01584364 9.29125623 0.00000000
-1.22929320 9.55189552 0.00000000
-1.27209761 9.66254068 0.00000000
-1.32371856 9.78049485 0.00000000
-1.58261033 10.03825182 0.00000000
-2.09155619 10.23514571 0.00000000
-2.73371014 10.20234513 0.00000000
-3.30623206 9.90967429 0.00000000
-3.64854516 9.48468625 0.00000000
-3.74387353 9.13201628 0.00000000
-3.72960149 9.00405451 0.00000000
-3.71134862 8.88683078 0.00000000
-3.76588172 8.55438575 0.00000000
-4.01260922 8.11595618 0.00000000
-4.46479592 7.73325338 0.00000000
-5.02231962 7.53299961 0.00000000
-5.52537451 7.53854211 0.00000000
-5.84054690 7.65753758 0.00000000
-5.93293919 7.73195689 0.00000000
-6.03662132 7.80829772 0.00000000
-6.38970666 7.90207592 0.00000000
-6.92891365 7.81811810 0.00000000
-7.46863499 7.46863499 0.00000000
-7.81811810 6.92891365 0.00000000
-7.90207592 6.38970666 0.00000000
-7.80829772 6.03662132 0.00000000
-7.73195689 5.93293919 0.00000000
-7.65753758 5.84054690 0.00000000
-7.53854211 5.52537451 0.00000000
-7.53299961 5.02231962 0.00000000
-7.73325338 4.46479592 0.00000000
-8.11595618 4.01260922 0.00000000
-8.55438575 3.76588172 0.00000000
-8.88683078 3.71134862 0.00000000
-9.00405451 3.72960149 0.00000000
-9.13201628 3.74387353 0.00000000
-9.48468625 3.64854516 0.00000000
-9.90967429 3.30623206 0.00000000
-10.20234513 2.73371014 0.00000000
-10.23514571 2.09155619 0.00000000
-10.03825182 1.58261033 0.00000000
-9.78049485 1.32371856 0.00000000
-9.66254068 1.27209761 0.00000000
-9.55189552 1.22929320 0.00000000
-9.29125623 1.01584364 0.00000000
-9.03492883 0.58295657 0.00000000
-8.92959184 0.00000000 0.00000000
-9.03492883 -0.58295657 0.00000000
-9.29125623 -1.01584364 0.00000000
-9.55189552 -1.22929320 0.00000000
-9.66254068 -1.27209761 0.00000000
-9.78049485 -1.32371856 0.00000000
-10.03825182 -1.58261033 0.00000000
-10.23514571 -2.09155619 0.00000000
-10.20234513 -2.73371014 0.00000000
-9.90967429 -3.30623206 0.00000000
-9.48468625 -3.64854516 0.00000000
-9.13201628 -3.74387353 0.00000000
-9.00405451 -3.72960149 0.00000000
-8.88683078 -3.71134862 0.00000000
-8.55438575 -3.76588172 0.00000000
-8.11595618 -4.01260922 0.00000000
-7.73325338 -4.46479592 0.00000000
-7.53299961 -5.02231962 0.00000000
-7.53854211 -5.52537451 0.00000000
-7.65753758 -5.84054690 0.00000000
-7.73195689 -5.93293919 0.00000000
-7.80829772 -6.03662132 0.00000000
-7.90207592 -6.38970666 0.00000000
-7.81811810 -6.92891365 0.00000000
-7.46863499 -7.46863499 0.00000000
-6.92891365 -7.81811810 0.00000000
-6.38970666 -7.90207592 0.00000000
-6.03662132 -7.80829772 0.00000000
-5.93293919 -7.73195689 0.00000000
-5.84054690 -7.65753758 0.00000000
-5.52537451 -7.53854211 0.00000000
-5.02231962 -7.53299961 0.00000000
-4.46479592 -7.73325338 0.00000000
-4.01260922 -8.11595618 0.00000000
-3.76588172 -8.55438575 0.00000000
-3.71134862 -8.88683078 0.00000000
-3.72960149 -9.00405451 0.00000000
-3.74387353 -9.13201628 0.00000000
-3.64854516 -9.48468625 0.00000000
-3.30623206 -9.90967429 0.00000000
-2.73371014 -10.20234513 0.00000000
-2.09155619 -10.23514571 0.00000000
-1.58261033 -10.03825182 0.00000000
-1.32371856 -9.78049485 0.00000000
-1.27209761 -9.66254068 0.00000000
-1.22929320 -9.55189552 0.00000000
-1.01584364 -9.29125623 0.00000000
-0.58295657 -9.03492883 0.00000000
-0.00000000 -8.92959184 0.00000000
0.58295657 -9.03492883 0.00000000
1.01584364 -9.29125623 0.00000000
1.22929320 -9.55189552 0.00000000
1.27209761 -9.66254068 0.00000000
1.32371856 -9.78049485 0.00000000
1.58261033 -10.03825182 0.00000000
2.09155619 -10.23514571 0.00000000
2.73371014 -10.20234513 0.00000000
3.30623206 -9.90967429 0.00000000
3.64854516 -9.48468625 0.00000000
3.74387353 -9.13201628 0.00000000
3.72960149 -9.00405451 0.00000000
3.71134862 -8.88683078 0.00000000
3.76588172 -8.55438575 0.00000000
4.01260922 -8.11595618 0.00000000
4.46479592 -7.73325338 0.00000000
5.02231962 -7.53299961 0.00000000
5.52537451 -7.53854211 0.00000000
5.84054690 -7.65753758 0.00000000
5.93293919 -7.73195689 0.00000000
6.03662132 -7.80829772 0.00000000
6.38970666 -7.90207592 0.00000000
6.92891365 -7.81811810 0.00000000
7.46863499 -7.46863499 0.00000000
7.81811810 -6.92891365 0.00000000
7.90207592 -6.38970666 0.00000000
7.80829772 -6.03662132 0.00000000
7.73195689 -5.93293919 0.00000000
7.65753758 -5.84054690 0.00000000
7.53854211 -5.52537451 0.00000000
7.53299961 -5.02231962 0.00000000
7.73325338 -4.46479592 0.00000000
8.11595618 -4.01260922 0.00000000
8.55438575 -3.76588172 0.00000000
8.88683078 -3.71134862 0.00000000
9.00405451 -3.72960149 0.00000000
9.13201628 -3.74387353 0.00000000
9.48468625 -3.64854516 0.00000000
9.90967429 -3.30623206 0.00000000
10.20234513 -2.73371014 0.00000000
10.23514571 -2.09155619 0.00000000
10.03825182 -1.58261033 0.00000000
9.78049485 -1.32371856 0.00000000
9.66254068 -1.27209761 0.00000000
9.55189552 -1.22929320 0.00000000
9.29125623 -1.01584364 0.00000000
9.03492883 -0.58295657 0.00000000
8.92959184 -0.00000000 0.00000000
9.03492883 0.58295657 0.00000000
9.29125623 1.01584364 0.00000000
9.55189552 1.22929320 0.00000000
9.66254068 1.27209761 0.00000000
