8.51439463 4.74215234 11.00000000
8.60503729 4.83359531 11.00000000
8.74929593 5.16923358 11.00000000
8.74485605 5.71491973 11.00000000
8.47780358 6.29983046 11.00000000
7.99480771 6.72427429 11.00000000
7.47360500 6.88595552 11.00000000
7.11061950 6.84466220 11.00000000
6.99691433 6.78425491 11.00000000
6.89465852 6.72410245 11.00000000
6.56550391 6.65233335 11.00000000
6.06701707 6.72019950 11.00000000
5.54465027 6.99960454 11.00000000
5.15309725 7.44414979 11.00000000
4.97293309 7.91386866 11.00000000
4.96745592 8.25071218 11.00000000
5.00260588 8.36402171 11.00000000
5.03538324 8.48853497 11.00000000
4.99249575 8.85133556 11.00000000
4.71580763 9.32169370 11.00000000
4.19207804 9.69471500 11.00000000
3.56156943 9.82079621 11.00000000
3.02935402 9.70021491 11.00000000
2.73564603 9.48296109 11.00000000
2.66737810 9.37379426 11.00000000
2.60889820 9.27057280 11.00000000
2.35972650 9.04384164 11.00000000
1.89409116 8.85337202 11.00000000
1.30200572 8.83416048 11.00000000
0.74063824 9.02337145 11.00000000
0.34975205 9.34007785 11.00000000
0.17658693 9.62905431 11.00000000
0.15037292 9.74475822 11.00000000
0.11650231 9.86897854 11.00000000
-0.10203964 10.16172933 11.00000000
-0.57683764 10.43072736 11.00000000
-1.21691143 10.49190850 11.00000000
-1.82598850 10.28584372 11.00000000
-2.22660991 9.91530954 11.00000000
-2.37234159 9.58030822 11.00000000
-2.37687993 9.45163301 11.00000000
-2.37591428 9.33300065 11.00000000
-2.47833772 9.01205986 11.00000000
-2.78635495 8.61429065 11.00000000
-3.28951021 8.30161026 11.00000000
-3.87027420 8.18478802 11.00000000
-4.36714476 8.26362072 11.00000000
-4.66159839 8.42729911 11.00000000
-4.74215234 8.51439463 11.00000000
-4.83359531 8.60503729 11.00000000
-5.16923358 8.74929593 11.00000000
-5.71491973 8.74485605 11.00000000
-6.29983046 8.47780358 11.00000000
-6.72427429 7.99480771 11.00000000
-6.88595552 7.47360500 11.00000000
-6.84466220 7.11061950 11.00000000
-6.78425491 6.99691433 11.00000000
-6.72410245 6.89465852 11.00000000
-6.65233335 6.56550391 11.00000000
-6.72019950 6.06701707 11.00000000
-6.99960454 5.54465027 11.00000000
-7.44414979 5.15309725 11.00000000
-7.91386866 4.97293309 11.00000000
-8.25071218 4.96745592 11.00000000
-8.36402171 5.00260588 11.00000000
-8.48853497 5.03538324 11.00000000
-8.85133556 4.99249575 11.00000000
-9.32169370 4.71580763 11.00000000
-9.69471500 4.19207804 11.00000000
-9.82079621 3.56156943 11.00000000
-9.70021491 3.02935402 11.00000000
-9.48296109 2.73564603 11.00000000
-9.37379426 2.66737810 11.00000000
-9.27057280 2.60889820 11.00000000
-9.04384164 2.35972650 11.00000000
-8.85337202 1.89409116 11.00000000
-8.83416048 1.30200572 11.00000000
-9.02337145 0.74063824 11.00000000
-9.34007785 0.34975205 11.00000000
-9.62905431 0.17658693 11.00000000
-9.74475822 0.15037292 11.00000000
-9.86897854 0.11650231 11.00000000
-10.16172933 -0.10203964 11.00000000
-10.43072736 -0.57683764 11.00000000
-10.49190850 -1.21691143 11.00000000
-10.28584372 -1.82598850 11.00000000
-9.91530954 -2.22660991 11.00000000
-9.58030822 -2.37234159 11.00000000
-9.45163301 -2.37687993 11.00000000
-9.33300065 -2.37591428 11.00000000
-9.01205986 -2.47833772 11.00000000
-8.61429065 -2.78635495 11.00000000
-8.30161026 -3.28951021 11.00000000
-8.18478802 -3.87027420 11.00000000
-8.26362072 -4.36714476 11.00000000
-8.42729911 -4.66159839 11.00000000
-8.51439463 -4.74215234 11.00000000
-8.60503729 -4.83359531 11.00000000
-8.74929593 -5.16923358 11.00000000
-8.74485605 -5.71491973 11.00000000
-8.47780358 -6.29983046 11.00000000
-7.99480771 -6.72427429 11.00000000
-7.47360500 -6.88595552 11.00000000
-7.11061950 -6.84466220 11.00000000
-6.99691433 -6.78425491 11.00000000
-6.89465852 -6.72410245 11.00000000
-6.56550391 -6.65233335 11.00000000
-6.06701707 -6.72019950 11.00000000
-5.54465027 -6.99960454 11.00000000
-5.15309725 -7.44414979 11.00000000
-4.97293309 -7.91386866 11.00000000
-4.96745592 -8.25071218 11.00000000
-5.00260588 -8.36402171 11.00000000
-5.03538324 -8.48853497 11.00000000
-4.99249575 -8.85133556 11.00000000
-4.71580763 -9.32169370 11.00000000
-4.19207804 -9.69471500 11.00000000
-3.56156943 -9.82079621 11.00000000
-3.02935402 -9.70021491 11.00000000
-2.73564603 -9.48296109 11.00000000
-2.66737810 -9.37379426 11.00000000
-2.60889820 -9.27057280 11.00000000
-2.35972650 -9.04384164 11.00000000
-1.89409116 -8.85337202 11.00000000
-1.30200572 -8.83416048 11.00000000
-0.74063824 -9.02337145 11.00000000
-0.34975205 -9.34007785 11.00000000
-0.17658693 -9.62905431 11.00000000
-0.15037292 -9.74475822 11.00000000
-0.11650231 -9.86897854 11.00000000
0.10203964 -10.16172933 11.00000000
0.57683764 -10.43072736 11.00000000
1.21691143 -10.49190850 11.00000000
1.82598850 -10.28584372 11.00000000
2.22660991 -9.91530954 11.00000000
2.37234159 -9.58030822 11.00000000
2.37687993 -9.45163301 11.00000000
2.37591428 -9.33300065 11.00000000
2.47833772 -9.01205986 11.00000000
2.78635495 -8.61429065 11.00000000
3.28951021 -8.30161026 11.00000000
3.87027420 -8.18478802 11.00000000
4.36714476 -8.26362072 11.00000000
4.66159839 -8.42729911 11.00000000
4.74215234 -8.51439463 11.00000000
4.83359531 -8.60503729 11.00000000
5.16923358 -8.74929593 11.00000000
5.71491973 -8.74485605 11.00000000
6.29983046 -8.47780358 11.00000000
6.72427429 -7.99480771 11.00000000
6.88595552 -7.47360500 11.00000000
6.84466220 -7.11061950 11.00000000
6.78425491 -6.99691433 11.00000000
6.72410245 -6.89465852 11.00000000
6.65233335 -6.56550391 11.00000000
6.72019950 -6.06701707 11.00000000
6.99960454 -5.54465027 11.00000000
7.44414979 -5.15309725 11.00000000
7.91386866 -4.97293309 11.00000000
8.25071218 -4.96745592 11.00000000
8.36402171 -5.00260588 11.00000000
8.48853497 -5.03538324 11.00000000
8.85133556 -4.99249575 11.00000000
9.32169370 -4.71580763 11.00000000
9.69471500 -4.19207804 11.00000000
9.82079621 -3.56156943 11.00000000
9.70021491 -3.02935402 11.00000000
9.48296109 -2.73564603 11.00000000
9.37379426 -2.66737810 11.00000000
9.27057280 -2.60889820 11.00000000
9.04384164 -2.35972650 11.00000000
8.85337202 -1.89409116 11.00000000
8.83416048 -1.30200572 11.00000000
9.02337145 -0.74063824 11.00000000
9.34007785 -0.34975205 11.00000000
9.62905431 -0.17658693 11.00000000
9.74475822 -0.15037292 11.00000000
9.86897854 -0.11650231 11.00000000
10.16172933 0.10203964 11.00000000
10.43072736 0.57683764 11.00000000
10.49190850 1.21691143 11.00000000
10.28584372 1.82598850 11.00000000
9.91530954 2.22660991 11.00000000
9.58030822 2.37234159 11.00000000
9.45163301 2.37687993 11.00000000
9.33300065 2.37591428 11.00000000
9.01205986 2.47833772 11.00000000
8.61429065 2.78635495 11.00000000
8.30161026 3.28951021 11.00000000
8.18478802 3.87027420 11.00000000
8.26362072 4.36714476 11.00000000
8.42729911 4.66159839 11.00000000
8.51439463 4.74215234 11.00000000
