21.26709818 0.00000000 0.00000000
21.22428063 1.34884273 0.00000000
21.09600040 2.69225414 0.00000000
20.88277401 4.02482479 0.00000000
20.58546007 5.34118890 0.00000000
20.20525574 6.63604593 0.00000000
19.74369198 7.90418194 0.00000000
19.20262734 9.14049059 0.00000000
18.58424050 10.33999372 0.00000000
17.89102148 11.49786135 0.00000000
17.12576163 12.60943114 0.00000000
16.29154238 13.67022721 0.00000000
15.39172285 14.67597809 0.00000000
14.42992627 15.62263399 0.00000000
13.41002548 16.50638306 0.00000000
12.33612725 17.32366675 0.00000000
11.21255578 18.07119415 0.00000000
10.04383532 18.74595522 0.00000000
8.83467187 19.34523296 0.00000000
7.58993431 19.86661426 0.00000000
6.31463477 20.30799972 0.00000000
5.01390843 20.66761204 0.00000000
3.69299284 20.94400317 0.00000000
2.35720688 21.13606020 0.00000000
1.01192928 21.24300977 0.00000000
-0.33742301 21.26442124 0.00000000
-1.68541661 21.20020839 0.00000000
-3.02662364 21.05062979 0.00000000
-4.35564352 20.81628772 0.00000000
-5.66712476 20.49812582 0.00000000
-6.95578649 20.09742519 0.00000000
-8.21643972 19.61579933 0.00000000
-9.44400825 19.05518757 0.00000000
-10.63354909 18.41784729 0.00000000
-11.78027238 17.70634484 0.00000000
-12.87956068 16.92354519 0.00000000
-13.92698752 16.07260040 0.00000000
-14.91833531 15.15693692 0.00000000
-15.84961222 14.18024180 0.00000000
-16.71706834 13.14644785 0.00000000
-17.51721073 12.05971780 0.00000000
-18.24681749 10.92442752 0.00000000
-18.90295075 9.74514843 0.00000000
-19.48296851 8.52662906 0.00000000
-19.98453523 7.27377597 0.00000000
-20.40563128 5.99163395 0.00000000
-20.74456105 4.68536573 0.00000000
-20.99995979 3.36023120 0.00000000
-21.17079912 2.02156621 0.00000000
-21.25639110 0.67476108 0.00000000
-21.25639110 -0.67476108 0.00000000
-21.17079912 -2.02156621 0.00000000
-20.99995979 -3.36023120 0.00000000
-20.74456105 -4.68536573 0.00000000
-20.40563128 -5.99163395 0.00000000
-19.98453523 -7.27377597 0.00000000
-19.48296851 -8.52662906 0.00000000
-18.90295075 -9.74514843 0.00000000
-18.24681749 -10.92442752 0.00000000
-17.51721073 -12.05971780 0.00000000
-16.71706834 -13.14644785 0.00000000
-15.84961222 -14.18024180 0.00000000
-14.91833531 -15.15693692 0.00000000
-13.92698752 -16.07260040 0.00000000
-12.87956068 -16.92354519 0.00000000
-11.78027238 -17.70634484 0.00000000
-10.63354909 -18.41784729 0.00000000
-9.44400825 -19.05518757 0.00000000
-8.21643972 -19.61579933 0.00000000
-6.95578649 -20.09742519 0.00000000
-5.66712476 -20.49812582 0.00000000
-4.35564352 -20.81628772 0.00000000
-3.02662364 -21.05062979 0.00000000
-1.68541661 -21.20020839 0.00000000
-0.33742301 -21.26442124 0.00000000
1.01192928 -21.24300977 0.00000000
2.35720688 -21.13606020 0.00000000
3.69299284 -20.94400317 0.00000000
5.01390843 -20.66761204 0.00000000
6.31463477 -20.30799972 0.00000000
7.58993431 -19.86661426 0.00000000
8.83467187 -19.34523296 0.00000000
10.04383532 -18.74595522 0.00000000
11.21255578 -18.07119415 0.00000000
12.33612725 -17.32366675 0.00000000
13.41002548 -16.50638306 0.00000000
14.42992627 -15.62263399 0.00000000
15.39172285 -14.67597809 0.00000000
16.29154238 -13.67022721 0.00000000
17.12576163 -12.60943114 0.00000000
17.89102148 -11.49786135 0.00000000
18.58424050 -10.33999372 0.00000000
19.20262734 -9.14049059 0.00000000
19.74369198 -7.90418194 0.00000000
20.20525574 -6.63604593 0.00000000
20.58546007 -5.34118890 0.00000000
20.88277401 -4.02482479 0.00000000
21.09600040 -2.69225414 0.00000000
21.22428063 -1.34884273 0.00000000
21.26709818 -0.00000000 0.00000000
