33.99165155 -1.55841440 -5.00000000
34.07211921 -1.54626097 -5.00000000
34.28970464 -1.45157803 -5.00000000
34.57648140 -1.21144554 -5.00000000
34.84114627 -0.81041838 -5.00000000
34.99883492 -0.28557665 -5.00000000
34.99883492 0.28557665 -5.00000000
34.84114627 0.81041838 -5.00000000
34.57648140 1.21144554 -5.00000000
34.28970464 1.45157803 -5.00000000
34.07211921 1.54626097 -5.00000000
33.99165155 1.55841440 -5.00000000
33.95166309 1.56035473 -5.00000000
33.83428339 1.58100722 -5.00000000
33.64808207 1.64115061 -5.00000000
33.40723699 1.75822952 -5.00000000
33.13034144 1.94488522 -5.00000000
32.83883979 2.20789049 -5.00000000
32.55522330 2.54757827 -5.00000000
32.30113780 2.95781220 -5.00000000
32.09556260 3.42650142 -5.00000000
31.95321366 3.93661649 -5.00000000
31.88330563 4.46762071 -5.00000000
31.88877665 4.99719664 -5.00000000
31.96604135 5.50312245 -5.00000000
32.10529274 5.96514016 -5.00000000
32.29132757 6.36665871 -5.00000000
32.50482577 6.69614847 -5.00000000
32.72397628 6.94810987 -5.00000000
32.92631251 7.12353471 -5.00000000
33.09060292 7.22982121 -5.00000000
33.19863774 7.28015009 -5.00000000
33.23676144 7.29237408 -5.00000000
33.31134169 7.32493996 -5.00000000
33.49700733 7.47271190 -5.00000000
33.71186154 7.77888537 -5.00000000
33.86371472 8.23474816 -5.00000000
33.88019122 8.78251917 -5.00000000
33.73236587 9.33421090 -5.00000000
33.44421129 9.80035625 -5.00000000
33.08477119 10.11921843 -5.00000000
32.74561525 10.27694532 -5.00000000
32.51093812 10.31208676 -5.00000000
32.43006679 10.30299951 -5.00000000
32.39093870 10.29452395 -5.00000000
32.27221336 10.28409263 -5.00000000
32.07679044 10.29399423 -5.00000000
31.81384971 10.34474848 -5.00000000
31.49807910 10.45337820 -5.00000000
31.14843935 10.63197561 -5.00000000
30.78656919 10.88668345 -5.00000000
30.43496509 11.21717683 -5.00000000
30.11508899 11.61668908 -5.00000000
29.84556298 12.07257978 -5.00000000
29.64060301 12.56739694 -5.00000000
29.50882327 13.08034402 -5.00000000
29.45251201 13.58902840 -5.00000000
29.46743954 14.07134415 -5.00000000
29.54321474 14.50733064 -5.00000000
29.66415994 14.88085071 -5.00000000
29.81063066 15.18094706 -5.00000000
29.96066916 15.40276292 -5.00000000
30.09185255 15.54794928 -5.00000000
30.18318010 15.62452471 -5.00000000
30.21684096 15.64619932 -5.00000000
30.28045128 15.69695833 -5.00000000
30.42154432 15.88774887 -5.00000000
30.54983403 16.23909809 -5.00000000
30.57852696 16.71873023 -5.00000000
30.45266847 17.25210082 -5.00000000
30.16709182 17.74673410 -5.00000000
29.76810858 18.12241604 -5.00000000
29.33838850 18.33738331 -5.00000000
28.96996629 18.40195577 -5.00000000
28.73419032 18.37516088 -5.00000000
28.65842656 18.34545224 -5.00000000
28.62282537 18.32713838 -5.00000000
28.51084532 18.28633411 -5.00000000
28.31951856 18.24531915 -5.00000000
28.05240114 18.22628993 -5.00000000
27.71927471 18.24949073 -5.00000000
27.33532425 18.33150915 -5.00000000
26.91986127 18.48387915 -5.00000000
26.49469981 18.71210940 -5.00000000
26.08232184 19.01521858 -5.00000000
25.70398651 19.38581672 -5.00000000
25.37794227 19.81072584 -5.00000000
25.11789235 20.27208756 -5.00000000
24.93184264 20.74886452 -5.00000000
24.82142903 21.21860929 -5.00000000
24.78178064 21.65935197 -5.00000000
24.80193063 22.05144757 -5.00000000
24.86573983 22.37922780 -5.00000000
24.95325573 22.63231828 -5.00000000
25.04239215 22.80651029 -5.00000000
25.11078861 22.90411379 -5.00000000
25.13769271 22.93376193 -5.00000000
25.18599816 22.99925493 -5.00000000
25.27290335 23.22006201 -5.00000000
25.30588582 23.59264311 -5.00000000
25.20946313 24.06335846 -5.00000000
24.94984670 24.54598032 -5.00000000
24.54598032 24.94984670 -5.00000000
24.06335846 25.20946313 -5.00000000
23.59264311 25.30588582 -5.00000000
23.22006201 25.27290335 -5.00000000
22.99925493 25.18599816 -5.00000000
22.93376193 25.13769271 -5.00000000
22.90411379 25.11078861 -5.00000000
22.80651029 25.04239215 -5.00000000
22.63231828 24.95325573 -5.00000000
22.37922780 24.86573983 -5.00000000
22.05144757 24.80193063 -5.00000000
21.65935197 24.78178064 -5.00000000
21.21860929 24.82142903 -5.00000000
20.74886452 24.93184264 -5.00000000
20.27208756 25.11789235 -5.00000000
19.81072584 25.37794227 -5.00000000
19.38581672 25.70398651 -5.00000000
19.01521858 26.08232184 -5.00000000
18.71210940 26.49469981 -5.00000000
18.48387915 26.91986127 -5.00000000
18.33150915 27.33532425 -5.00000000
18.24949073 27.71927471 -5.00000000
18.22628993 28.05240114 -5.00000000
18.24531915 28.31951856 -5.00000000
18.28633411 28.51084532 -5.00000000
18.32713838 28.62282537 -5.00000000
18.34545224 28.65842656 -5.00000000
18.37516088 28.73419032 -5.00000000
18.40195577 28.96996629 -5.00000000
18.33738331 29.33838850 -5.00000000
18.12241604 29.76810858 -5.00000000
17.74673410 30.16709182 -5.00000000
17.25210082 30.45266847 -5.00000000
16.71873023 30.57852696 -5.00000000
16.23909809 30.54983403 -5.00000000
15.88774887 30.42154432 -5.00000000
15.69695833 30.28045128 -5.00000000
15.64619932 30.21684096 -5.00000000
15.62452471 30.18318010 -5.00000000
15.54794928 30.09185255 -5.00000000
15.40276292 29.96066916 -5.00000000
15.18094706 29.81063066 -5.00000000
14.88085071 29.66415994 -5.00000000
14.50733064 29.54321474 -5.00000000
14.07134415 29.46743954 -5.00000000
13.58902840 29.45251201 -5.00000000
13.08034402 29.50882327 -5.00000000
12.56739694 29.64060301 -5.00000000
12.07257978 29.84556298 -5.00000000
11.61668908 30.11508899 -5.00000000
11.21717683 30.43496509 -5.00000000
10.88668345 30.78656919 -5.00000000
10.63197561 31.14843935 -5.00000000
10.45337820 31.49807910 -5.00000000
10.34474848 31.81384971 -5.00000000
10.29399423 32.07679044 -5.00000000
10.28409263 32.27221336 -5.00000000
10.29452395 32.39093870 -5.00000000
10.30299951 32.43006679 -5.00000000
10.31208676 32.51093812 -5.00000000
10.27694532 32.74561525 -5.00000000
10.11921843 33.08477119 -5.00000000
9.80035625 33.44421129 -5.00000000
9.33421090 33.73236587 -5.00000000
8.78251917 33.88019122 -5.00000000
8.23474816 33.86371472 -5.00000000
7.77888537 33.71186154 -5.00000000
7.47271190 33.49700733 -5.00000000
7.32493996 33.31134169 -5.00000000
7.29237408 33.23676144 -5.00000000
7.28015009 33.19863774 -5.00000000
7.22982121 33.09060292 -5.00000000
7.12353471 32.92631251 -5.00000000
6.94810987 32.72397628 -5.00000000
6.69614847 32.50482577 -5.00000000
6.36665871 32.29132757 -5.00000000
5.96514016 32.10529274 -5.00000000
5.50312245 31.96604135 -5.00000000
4.99719664 31.88877665 -5.00000000
4.46762071 31.88330563 -5.00000000
3.93661649 31.95321366 -5.00000000
3.42650142 32.09556260 -5.00000000
2.95781220 32.30113780 -5.00000000
2.54757827 32.55522330 -5.00000000
2.20789049 32.83883979 -5.00000000
1.94488522 33.13034144 -5.00000000
1.75822952 33.40723699 -5.00000000
1.64115061 33.64808207 -5.00000000
1.58100722 33.83428339 -5.00000000
1.56035473 33.95166309 -5.00000000
1.55841440 33.99165155 -5.00000000
1.54626097 34.07211921 -5.00000000
1.45157803 34.28970464 -5.00000000
1.21144554 34.57648140 -5.00000000
0.81041838 34.84114627 -5.00000000
0.28557665 34.99883492 -5.00000000
-0.28557665 34.99883492 -5.00000000
-0.81041838 34.84114627 -5.00000000
-1.21144554 34.57648140 -5.00000000
-1.45157803 34.28970464 -5.00000000
-1.54626097 34.07211921 -5.00000000
-1.55841440 33.99165155 -5.00000000
-1.56035473 33.95166309 -5.00000000
-1.58100722 33.83428339 -5.00000000
-1.64115061 33.64808207 -5.00000000
-1.75822952 33.40723699 -5.00000000
-1.94488522 33.13034144 -5.00000000
-2.20789049 32.83883979 -5.00000000
-2.54757827 32.55522330 -5.00000000
-2.95781220 32.30113780 -5.00000000
-3.42650142 32.09556260 -5.00000000
-3.93661649 31.95321366 -5.00000000
-4.46762071 31.88330563 -5.00000000
-4.99719664 31.88877665 -5.00000000
-5.50312245 31.96604135 -5.00000000
-5.96514016 32.10529274 -5.00000000
-6.36665871 32.29132757 -5.00000000
-6.69614847 32.50482577 -5.00000000
-6.94810987 32.72397628 -5.00000000
-7.12353471 32.92631251 -5.00000000
-7.22982121 33.09060292 -5.00000000
-7.28015009 33.19863774 -5.00000000
-7.29237408 33.23676144 -5.00000000
-7.32493996 33.31134169 -5.00000000
-7.47271190 33.49700733 -5.00000000
-7.77888537 33.71186154 -5.00000000
-8.23474816 33.86371472 -5.00000000
-8.78251917 33.88019122 -5.00000000
-9.33421090 33.73236587 -5.00000000
-9.80035625 33.44421129 -5.00000000
-10.11921843 33.08477119 -5.00000000
-10.27694532 32.74561525 -5.00000000
-10.31208676 32.51093812 -5.00000000
-10.30299951 32.43006679 -5.00000000
-10.29452395 32.39093870 -5.00000000
-10.28409263 32.27221336 -5.00000000
-10.29399423 32.07679044 -5.00000000
-10.34474848 31.81384971 -5.00000000
-10.45337820 31.49807910 -5.00000000
-10.63197561 31.14843935 -5.00000000
-10.88668345 30.78656919 -5.00000000
-11.21717683 30.43496509 -5.00000000
-11.61668908 30.11508899 -5.00000000
-12.07257978 29.84556298 -5.00000000
-12.56739694 29.64060301 -5.00000000
-13.08034402 29.50882327 -5.00000000
-13.58902840 29.45251201 -5.00000000
-14.07134415 29.46743954 -5.00000000
-14.50733064 29.54321474 -5.00000000
-14.88085071 29.66415994 -5.00000000
-15.18094706 29.81063066 -5.00000000
-15.40276292 29.96066916 -5.00000000
-15.54794928 30.09185255 -5.00000000
-15.62452471 30.18318010 -5.00000000
-15.64619932 30.21684096 -5.00000000
-15.69695833 30.28045128 -5.00000000
-15.88774887 30.42154432 -5.00000000
-16.23909809 30.54983403 -5.00000000
-16.71873023 30.57852696 -5.00000000
-17.25210082 30.45266847 -5.00000000
-17.74673410 30.16709182 -5.00000000
-18.12241604 29.76810858 -5.00000000
-18.33738331 29.33838850 -5.00000000
-18.40195577 28.96996629 -5.00000000
-18.37516088 28.73419032 -5.00000000
-18.34545224 28.65842656 -5.00000000
-18.32713838 28.62282537 -5.00000000
-18.28633411 28.51084532 -5.00000000
-18.24531915 28.31951856 -5.00000000
-18.22628993 28.05240114 -5.00000000
-18.24949073 27.71927471 -5.00000000
-18.33150915 27.33532425 -5.00000000
-18.48387915 26.91986127 -5.00000000
-18.71210940 26.49469981 -5.00000000
-19.01521858 26.08232184 -5.00000000
-19.38581672 25.70398651 -5.00000000
-19.81072584 25.37794227 -5.00000000
-20.27208756 25.11789235 -5.00000000
-20.74886452 24.93184264 -5.00000000
-21.21860929 24.82142903 -5.00000000
-21.65935197 24.78178064 -5.00000000
-22.05144757 24.80193063 -5.00000000
-22.37922780 24.86573983 -5.00000000
-22.63231828 24.95325573 -5.00000000
-22.80651029 25.04239215 -5.00000000
-22.90411379 25.11078861 -5.00000000
-22.93376193 25.13769271 -5.00000000
-22.99925493 25.18599816 -5.00000000
-23.22006201 25.27290335 -5.00000000
-23.59264311 25.30588582 -5.00000000
-24.06335846 25.20946313 -5.00000000
-24.54598032 24.94984670 -5.00000000
-24.94984670 24.54598032 -5.00000000
-25.20946313 24.06335846 -5.00000000
-25.30588582 23.59264311 -5.00000000
-25.27290335 23.22006201 -5.00000000
-25.18599816 22.99925493 -5.00000000
-25.13769271 22.93376193 -5.00000000
-25.11078861 22.90411379 -5.00000000
-25.04239215 22.80651029 -5.00000000
-24.95325573 22.63231828 -5.00000000
-24.86573983 22.37922780 -5.00000000
-24.80193063 22.05144757 -5.00000000
-24.78178064 21.65935197 -5.00000000
-24.82142903 21.21860929 -5.00000000
-24.93184264 20.74886452 -5.00000000
-25.11789235 20.27208756 -5.00000000
-25.37794227 19.81072584 -5.00000000
-25.70398651 19.38581672 -5.00000000
-26.08232184 19.01521858 -5.00000000
-26.49469981 18.71210940 -5.00000000
-26.91986127 18.48387915 -5.00000000
-27.33532425 18.33150915 -5.00000000
-27.71927471 18.24949073 -5.00000000
-28.05240114 18.22628993 -5.00000000
-28.31951856 18.24531915 -5.00000000
-28.51084532 18.28633411 -5.00000000
-28.62282537 18.32713838 -5.00000000
-28.65842656 18.34545224 -5.00000000
-28.73419032 18.37516088 -5.00000000
-28.96996629 18.40195577 -5.00000000
-29.33838850 18.33738331 -5.00000000
-29.76810858 18.12241604 -5.00000000
-30.16709182 17.74673410 -5.00000000
-30.45266847 17.25210082 -5.00000000
-30.57852696 16.71873023 -5.00000000
-30.54983403 16.23909809 -5.00000000
-30.42154432 15.88774887 -5.00000000
-30.28045128 15.69695833 -5.00000000
-30.21684096 15.64619932 -5.00000000
-30.18318010 15.62452471 -5.00000000
-30.09185255 15.54794928 -5.00000000
-29.96066916 15.40276292 -5.00000000
-29.81063066 15.18094706 -5.00000000
-29.66415994 14.88085071 -5.00000000
-29.54321474 14.50733064 -5.00000000
-29.46743954 14.07134415 -5.00000000
-29.45251201 13.58902840 -5.00000000
-29.50882327 13.08034402 -5.00000000
-29.64060301 12.56739694 -5.00000000
-29.84556298 12.07257978 -5.00000000
-30.11508899 11.61668908 -5.00000000
-30.43496509 11.21717683 -5.00000000
-30.78656919 10.88668345 -5.00000000
-31.14843935 10.63197561 -5.00000000
-31.49807910 10.45337820 -5.00000000
-31.81384971 10.34474848 -5.00000000
-32.07679044 10.29399423 -5.00000000
-32.27221336 10.28409263 -5.00000000
-32.39093870 10.29452395 -5.00000000
-32.43006679 10.30299951 -5.00000000
-32.51093812 10.31208676 -5.00000000
-32.74561525 10.27694532 -5.00000000
-33.08477119 10.11921843 -5.00000000
-33.44421129 9.80035625 -5.00000000
-33.73236587 9.33421090 -5.00000000
-33.88019122 8.78251917 -5.00000000
-33.86371472 8.23474816 -5.00000000
-33.71186154 7.77888537 -5.00000000
-33.49700733 7.47271190 -5.00000000
-33.31134169 7.32493996 -5.00000000
-33.23676144 7.29237408 -5.00000000
-33.19863774 7.28015009 -5.00000000
-33.09060292 7.22982121 -5.00000000
-32.92631251 7.12353471 -5.00000000
-32.72397628 6.94810987 -5.00000000
-32.50482577 6.69614847 -5.00000000
-32.29132757 6.36665871 -5.00000000
-32.10529274 5.96514016 -5.00000000
-31.96604135 5.50312245 -5.00000000
-31.88877665 4.99719664 -5.00000000
-31.88330563 4.46762071 -5.00000000
-31.95321366 3.93661649 -5.00000000
-32.09556260 3.42650142 -5.00000000
-32.30113780 2.95781220 -5.00000000
-32.55522330 2.54757827 -5.00000000
-32.83883979 2.20789049 -5.00000000
-33.13034144 1.94488522 -5.00000000
-33.40723699 1.75822952 -5.00000000
-33.64808207 1.64115061 -5.00000000
-33.83428339 1.58100722 -5.00000000
-33.95166309 1.56035473 -5.00000000
-33.99165155 1.55841440 -5.00000000
-34.07211921 1.54626097 -5.00000000
-34.28970464 1.45157803 -5.00000000
-34.57648140 1.21144554 -5.00000000
-34.84114627 0.81041838 -5.00000000
-34.99883492 0.28557665 -5.00000000
-34.99883492 -0.28557665 -5.00000000
-34.84114627 -0.81041838 -5.00000000
-34.57648140 -1.21144554 -5.00000000
-34.28970464 -1.45157803 -5.00000000
-34.07211921 -1.54626097 -5.00000000
-33.99165155 -1.55841440 -5.00000000
-33.95166309 -1.56035473 -5.00000000
-33.83428339 -1.58100722 -5.00000000
-33.64808207 -1.64115061 -5.00000000
-33.40723699 -1.75822952 -5.00000000
-33.13034144 -1.94488522 -5.00000000
-32.83883979 -2.20789049 -5.00000000
-32.55522330 -2.54757827 -5.00000000
-32.30113780 -2.95781220 -5.00000000
-32.09556260 -3.42650142 -5.00000000
-31.95321366 -3.93661649 -5.00000000
-31.88330563 -4.46762071 -5.00000000
-31.88877665 -4.99719664 -5.00000000
-31.96604135 -5.50312245 -5.00000000
-32.10529274 -5.96514016 -5.00000000
-32.29132757 -6.36665871 -5.00000000
-32.50482577 -6.69614847 -5.00000000
-32.72397628 -6.94810987 -5.00000000
-32.92631251 -7.12353471 -5.00000000
-33.09060292 -7.22982121 -5.00000000
-33.19863774 -7.28015009 -5.00000000
-33.23676144 -7.29237408 -5.00000000
-33.31134169 -7.32493996 -5.00000000
-33.49700733 -7.47271190 -5.00000000
-33.71186154 -7.77888537 -5.00000000
-33.86371472 -8.23474816 -5.00000000
-33.88019122 -8.78251917 -5.00000000
-33.73236587 -9.33421090 -5.00000000
-33.44421129 -9.80035625 -5.00000000
-33.08477119 -10.11921843 -5.00000000
-32.74561525 -10.27694532 -5.00000000
-32.51093812 -10.31208676 -5.00000000
-32.43006679 -10.30299951 -5.00000000
-32.39093870 -10.29452395 -5.00000000
-32.27221336 -10.28409263 -5.00000000
-32.07679044 -10.29399423 -5.00000000
-31.81384971 -10.34474848 -5.00000000
-31.49807910 -10.45337820 -5.00000000
-31.14843935 -10.63197561 -5.00000000
-30.78656919 -10.88668345 -5.00000000
-30.43496509 -11.21717683 -5.00000000
-30.11508899 -11.61668908 -5.00000000
-29.84556298 -12.07257978 -5.00000000
-29.64060301 -12.56739694 -5.00000000
-29.50882327 -13.08034402 -5.00000000
-29.45251201 -13.58902840 -5.00000000
-29.46743954 -14.07134415 -5.00000000
-29.54321474 -14.50733064 -5.00000000
-29.66415994 -14.88085071 -5.00000000
-29.81063066 -15.18094706 -5.00000000
-29.96066916 -15.40276292 -5.00000000
-30.09185255 -15.54794928 -5.00000000
-30.18318010 -15.62452471 -5.00000000
-30.21684096 -15.64619932 -5.00000000
-30.28045128 -15.69695833 -5.00000000
-30.42154432 -15.88774887 -5.00000000
-30.54983403 -16.23909809 -5.00000000
-30.57852696 -16.71873023 -5.00000000
-30.45266847 -17.25210082 -5.00000000
-30.16709182 -17.74673410 -5.00000000
-29.76810858 -18.12241604 -5.00000000
-29.33838850 -18.33738331 -5.00000000
-28.96996629 -18.40195577 -5.00000000
-28.73419032 -18.37516088 -5.00000000
-28.65842656 -18.34545224 -5.00000000
-28.62282537 -18.32713838 -5.00000000
-28.51084532 -18.28633411 -5.00000000
-28.31951856 -18.24531915 -5.00000000
-28.05240114 -18.22628993 -5.00000000
-27.71927471 -18.24949073 -5.00000000
-27.33532425 -18.33150915 -5.00000000
-26.91986127 -18.48387915 -5.00000000
-26.49469981 -18.71210940 -5.00000000
-26.08232184 -19.01521858 -5.00000000
-25.70398651 -19.38581672 -5.00000000
-25.37794227 -19.81072584 -5.00000000
-25.11789235 -20.27208756 -5.00000000
-24.93184264 -20.74886452 -5.00000000
-24.82142903 -21.21860929 -5.00000000
-24.78178064 -21.65935197 -5.00000000
-24.80193063 -22.05144757 -5.00000000
-24.86573983 -22.37922780 -5.00000000
-24.95325573 -22.63231828 -5.00000000
-25.04239215 -22.80651029 -5.00000000
-25.11078861 -22.90411379 -5.00000000
-25.13769271 -22.93376193 -5.00000000
-25.18599816 -22.99925493 -5.00000000
-25.27290335 -23.22006201 -5.00000000
-25.30588582 -23.59264311 -5.00000000
-25.20946313 -24.06335846 -5.00000000
-24.94984670 -24.54598032 -5.00000000
-24.54598032 -24.94984670 -5.00000000
-24.06335846 -25.20946313 -5.00000000
-23.59264311 -25.30588582 -5.00000000
-23.22006201 -25.27290335 -5.00000000
-22.99925493 -25.18599816 -5.00000000
-22.93376193 -25.13769271 -5.00000000
-22.90411379 -25.11078861 -5.00000000
-22.80651029 -25.04239215 -5.00000000
-22.63231828 -24.95325573 -5.00000000
-22.37922780 -24.86573983 -5.00000000
-22.05144757 -24.80193063 -5.00000000
-21.65935197 -24.78178064 -5.00000000
-21.21860929 -24.82142903 -5.00000000
-20.74886452 -24.93184264 -5.00000000
-20.27208756 -25.11789235 -5.00000000
-19.81072584 -25.37794227 -5.00000000
-19.38581672 -25.70398651 -5.00000000
-19.01521858 -26.08232184 -5.00000000
-18.71210940 -26.49469981 -5.00000000
-18.48387915 -26.91986127 -5.00000000
-18.33150915 -27.33532425 -5.00000000
-18.24949073 -27.71927471 -5.00000000
-18.22628993 -28.05240114 -5.00000000
-18.24531915 -28.31951856 -5.00000000
-18.28633411 -28.51084532 -5.00000000
-18.32713838 -28.62282537 -5.00000000
-18.34545224 -28.65842656 -5.00000000
-18.37516088 -28.73419032 -5.00000000
-18.40195577 -28.96996629 -5.00000000
-18.33738331 -29.33838850 -5.00000000
-18.12241604 -29.76810858 -5.00000000
-17.74673410 -30.16709182 -5.00000000
-17.25210082 -30.45266847 -5.00000000
-16.71873023 -30.57852696 -5.00000000
-16.23909809 -30.54983403 -5.00000000
-15.88774887 -30.42154432 -5.00000000
-15.69695833 -30.28045128 -5.00000000
-15.64619932 -30.21684096 -5.00000000
-15.62452471 -30.18318010 -5.00000000
-15.54794928 -30.09185255 -5.00000000
-15.40276292 -29.96066916 -5.00000000
-15.18094706 -29.81063066 -5.00000000
-14.88085071 -29.66415994 -5.00000000
-14.50733064 -29.54321474 -5.00000000
-14.07134415 -29.46743954 -5.00000000
-13.58902840 -29.45251201 -5.00000000
-13.08034402 -29.50882327 -5.00000000
-12.56739694 -29.64060301 -5.00000000
-12.07257978 -29.84556298 -5.00000000
-11.61668908 -30.11508899 -5.00000000
-11.21717683 -30.43496509 -5.00000000
-10.88668345 -30.78656919 -5.00000000
-10.63197561 -31.14843935 -5.00000000
-10.45337820 -31.49807910 -5.00000000
-10.34474848 -31.81384971 -5.00000000
-10.29399423 -32.07679044 -5.00000000
-10.28409263 -32.27221336 -5.00000000
-10.29452395 -32.39093870 -5.00000000
-10.30299951 -32.43006679 -5.00000000
-10.31208676 -32.51093812 -5.00000000
-10.27694532 -32.74561525 -5.00000000
-10.11921843 -33.08477119 -5.00000000
-9.80035625 -33.44421129 -5.00000000
-9.33421090 -33.73236587 -5.00000000
-8.78251917 -33.88019122 -5.00000000
-8.23474816 -33.86371472 -5.00000000
-7.77888537 -33.71186154 -5.00000000
-7.47271190 -33.49700733 -5.00000000
-7.32493996 -33.31134169 -5.00000000
-7.29237408 -33.23676144 -5.00000000
-7.28015009 -33.19863774 -5.00000000
-7.22982121 -33.09060292 -5.00000000
-7.12353471 -32.92631251 -5.00000000
-6.94810987 -32.72397628 -5.00000000
-6.69614847 -32.50482577 -5.00000000
-6.36665871 -32.29132757 -5.00000000
-5.96514016 -32.10529274 -5.00000000
-5.50312245 -31.96604135 -5.00000000
-4.99719664 -31.88877665 -5.00000000
-4.46762071 -31.88330563 -5.00000000
-3.93661649 -31.95321366 -5.00000000
-3.42650142 -32.09556260 -5.00000000
-2.95781220 -32.30113780 -5.00000000
-2.54757827 -32.55522330 -5.00000000
-2.20789049 -32.83883979 -5.00000000
-1.94488522 -33.13034144 -5.00000000
-1.75822952 -33.40723699 -5.00000000
-1.64115061 -33.64808207 -5.00000000
-1.58100722 -33.83428339 -5.00000000
-1.56035473 -33.95166309 -5.00000000
-1.55841440 -33.99165155 -5.00000000
-1.54626097 -34.07211921 -5.00000000
-1.45157803 -34.28970464 -5.00000000
-1.21144554 -34.57648140 -5.00000000
-0.81041838 -34.84114627 -5.00000000
-0.28557665 -34.99883492 -5.00000000
0.28557665 -34.99883492 -5.00000000
0.81041838 -34.84114627 -5.00000000
1.21144554 -34.57648140 -5.00000000
1.45157803 -34.28970464 -5.00000000
1.54626097 -34.07211921 -5.00000000
1.55841440 -33.99165155 -5.00000000
1.56035473 -33.95166309 -5.00000000
1.58100722 -33.83428339 -5.00000000
1.64115061 -33.64808207 -5.00000000
1.75822952 -33.40723699 -5.00000000
1.94488522 -33.13034144 -5.00000000
2.20789049 -32.83883979 -5.00000000
2.54757827 -32.55522330 -5.00000000
2.95781220 -32.30113780 -5.00000000
3.42650142 -32.09556260 -5.00000000
3.93661649 -31.95321366 -5.00000000
4.46762071 -31.88330563 -5.00000000
4.99719664 -31.88877665 -5.00000000
5.50312245 -31.96604135 -5.00000000
5.96514016 -32.10529274 -5.00000000
6.36665871 -32.29132757 -5.00000000
6.69614847 -32.50482577 -5.00000000
6.94810987 -32.72397628 -5.00000000
7.12353471 -32.92631251 -5.00000000
7.22982121 -33.09060292 -5.00000000
7.28015009 -33.19863774 -5.00000000
7.29237408 -33.23676144 -5.00000000
7.32493996 -33.31134169 -5.00000000
7.47271190 -33.49700733 -5.00000000
7.77888537 -33.71186154 -5.00000000
8.23474816 -33.86371472 -5.00000000
8.78251917 -33.88019122 -5.00000000
9.33421090 -33.73236587 -5.00000000
9.80035625 -33.44421129 -5.00000000
10.11921843 -33.08477119 -5.00000000
10.27694532 -32.74561525 -5.00000000
10.31208676 -32.51093812 -5.00000000
10.30299951 -32.43006679 -5.00000000
10.29452395 -32.39093870 -5.00000000
10.28409263 -32.27221336 -5.00000000
10.29399423 -32.07679044 -5.00000000
10.34474848 -31.81384971 -5.00000000
10.45337820 -31.49807910 -5.00000000
10.63197561 -31.14843935 -5.00000000
10.88668345 -30.78656919 -5.00000000
11.21717683 -30.43496509 -5.00000000
11.61668908 -30.11508899 -5.00000000
12.07257978 -29.84556298 -5.00000000
12.56739694 -29.64060301 -5.00000000
13.08034402 -29.50882327 -5.00000000
13.58902840 -29.45251201 -5.00000000
14.07134415 -29.46743954 -5.00000000
14.50733064 -29.54321474 -5.00000000
14.88085071 -29.66415994 -5.00000000
15.18094706 -29.81063066 -5.00000000
15.40276292 -29.96066916 -5.00000000
15.54794928 -30.09185255 -5.00000000
15.62452471 -30.18318010 -5.00000000
15.64619932 -30.21684096 -5.00000000
15.69695833 -30.28045128 -5.00000000
15.88774887 -30.42154432 -5.00000000
16.23909809 -30.54983403 -5.00000000
16.71873023 -30.57852696 -5.00000000
17.25210082 -30.45266847 -5.00000000
17.74673410 -30.16709182 -5.00000000
18.12241604 -29.76810858 -5.00000000
18.33738331 -29.33838850 -5.00000000
18.40195577 -28.96996629 -5.00000000
18.37516088 -28.73419032 -5.00000000
18.34545224 -28.65842656 -5.00000000
18.32713838 -28.62282537 -5.00000000
18.28633411 -28.51084532 -5.00000000
18.24531915 -28.31951856 -5.00000000
18.22628993 -28.05240114 -5.00000000
18.24949073 -27.71927471 -5.00000000
18.33150915 -27.33532425 -5.00000000
18.48387915 -26.91986127 -5.00000000
18.71210940 -26.49469981 -5.00000000
19.01521858 -26.08232184 -5.00000000
19.38581672 -25.70398651 -5.00000000
19.81072584 -25.37794227 -5.00000000
20.27208756 -25.11789235 -5.00000000
20.74886452 -24.93184264 -5.00000000
21.21860929 -24.82142903 -5.00000000
21.65935197 -24.78178064 -5.00000000
22.05144757 -24.80193063 -5.00000000
22.37922780 -24.86573983 -5.00000000
22.63231828 -24.95325573 -5.00000000
22.80651029 -25.04239215 -5.00000000
22.90411379 -25.11078861 -5.00000000
22.93376193 -25.13769271 -5.00000000
22.99925493 -25.18599816 -5.00000000
23.22006201 -25.27290335 -5.00000000
23.59264311 -25.30588582 -5.00000000
24.06335846 -25.20946313 -5.00000000
24.54598032 -24.94984670 -5.00000000
24.94984670 -24.54598032 -5.00000000
25.20946313 -24.06335846 -5.00000000
25.30588582 -23.59264311 -5.00000000
25.27290335 -23.22006201 -5.00000000
25.18599816 -22.99925493 -5.00000000
25.13769271 -22.93376193 -5.00000000
25.11078861 -22.90411379 -5.00000000
25.04239215 -22.80651029 -5.00000000
24.95325573 -22.63231828 -5.00000000
24.86573983 -22.37922780 -5.00000000
24.80193063 -22.05144757 -5.00000000
24.78178064 -21.65935197 -5.00000000
24.82142903 -21.21860929 -5.00000000
24.93184264 -20.74886452 -5.00000000
25.11789235 -20.27208756 -5.00000000
25.37794227 -19.81072584 -5.00000000
25.70398651 -19.38581672 -5.00000000
26.08232184 -19.01521858 -5.00000000
26.49469981 -18.71210940 -5.00000000
26.91986127 -18.48387915 -5.00000000
27.33532425 -18.33150915 -5.00000000
27.71927471 -18.24949073 -5.00000000
28.05240114 -18.22628993 -5.00000000
28.31951856 -18.24531915 -5.00000000
28.51084532 -18.28633411 -5.00000000
28.62282537 -18.32713838 -5.00000000
28.65842656 -18.34545224 -5.00000000
28.73419032 -18.37516088 -5.00000000
28.96996629 -18.40195577 -5.00000000
29.33838850 -18.33738331 -5.00000000
29.76810858 -18.12241604 -5.00000000
30.16709182 -17.74673410 -5.00000000
30.45266847 -17.25210082 -5.00000000
30.57852696 -16.71873023 -5.00000000
30.54983403 -16.23909809 -5.00000000
30.42154432 -15.88774887 -5.00000000
30.28045128 -15.69695833 -5.00000000
30.21684096 -15.64619932 -5.00000000
30.18318010 -15.62452471 -5.00000000
30.09185255 -15.54794928 -5.00000000
29.96066916 -15.40276292 -5.00000000
29.81063066 -15.18094706 -5.00000000
29.66415994 -14.88085071 -5.00000000
29.54321474 -14.50733064 -5.00000000
29.46743954 -14.07134415 -5.00000000
29.45251201 -13.58902840 -5.00000000
29.50882327 -13.08034402 -5.00000000
29.64060301 -12.56739694 -5.00000000
29.84556298 -12.07257978 -5.00000000
30.11508899 -11.61668908 -5.00000000
30.43496509 -11.21717683 -5.00000000
30.78656919 -10.88668345 -5.00000000
31.14843935 -10.63197561 -5.00000000
31.49807910 -10.45337820 -5.00000000
31.81384971 -10.34474848 -5.00000000
32.07679044 -10.29399423 -5.00000000
32.27221336 -10.28409263 -5.00000000
32.39093870 -10.29452395 -5.00000000
32.43006679 -10.30299951 -5.00000000
32.51093812 -10.31208676 -5.00000000
32.74561525 -10.27694532 -5.00000000
33.08477119 -10.11921843 -5.00000000
33.44421129 -9.80035625 -5.00000000
33.73236587 -9.33421090 -5.00000000
33.88019122 -8.78251917 -5.00000000
33.86371472 -8.23474816 -5.00000000
33.71186154 -7.77888537 -5.00000000
33.49700733 -7.47271190 -5.00000000
33.31134169 -7.32493996 -5.00000000
33.23676144 -7.29237408 -5.00000000
33.19863774 -7.28015009 -5.00000000
33.09060292 -7.22982121 -5.00000000
32.92631251 -7.12353471 -5.00000000
32.72397628 -6.94810987 -5.00000000
32.50482577 -6.69614847 -5.00000000
32.29132757 -6.36665871 -5.00000000
32.10529274 -5.96514016 -5.00000000
31.96604135 -5.50312245 -5.00000000
31.88877665 -4.99719664 -5.00000000
31.88330563 -4.46762071 -5.00000000
31.95321366 -3.93661649 -5.00000000
32.09556260 -3.42650142 -5.00000000
32.30113780 -2.95781220 -5.00000000
32.55522330 -2.54757827 -5.00000000
32.83883979 -2.20789049 -5.00000000
33.13034144 -1.94488522 -5.00000000
33.40723699 -1.75822952 -5.00000000
33.64808207 -1.64115061 -5.00000000
33.83428339 -1.58100722 -5.00000000
33.95166309 -1.56035473 -5.00000000
33.99165155 -1.55841440 -5.00000000
