8.01889966 -2.83964130 0.00000000
8.06340166 -2.84954774 0.00000000
8.19887828 -2.85732849 0.00000000
8.42005179 -2.83055185 0.00000000
8.71127818 -2.74026078 0.00000000
9.04824284 -2.56416171 0.00000000
9.40060216 -2.28908739 0.00000000
9.73528320 -1.91246567 0.00000000
10.02008178 -1.44263394 0.00000000
10.22716707 -0.89796504 0.00000000
10.33611076 -0.30489973 0.00000000
10.33611076 0.30489973 0.00000000
10.22716707 0.89796504 0.00000000
10.02008178 1.44263394 0.00000000
9.73528320 1.91246567 0.00000000
9.40060216 2.28908739 0.00000000
9.04824284 2.56416171 0.00000000
8.71127818 2.74026078 0.00000000
8.42005179 2.83055185 0.00000000
8.19887828 2.85732849 0.00000000
8.06340166 2.84954774 0.00000000
8.01889966 2.83964130 0.00000000
7.94444014 2.82667865 0.00000000
7.72428829 2.83797317 0.00000000
7.39205028 2.93976627 0.00000000
7.01068885 3.17175189 0.00000000
6.65477658 3.53579078 0.00000000
6.38947292 3.99531019 0.00000000
6.25216214 4.48555870 0.00000000
6.24193741 4.93182019 0.00000000
6.31990101 5.27044330 0.00000000
6.42019559 5.46674766 0.00000000
6.46865133 5.52475016 0.00000000
6.49948156 5.55833681 0.00000000
6.57395820 5.67177263 0.00000000
6.66135570 5.87670283 0.00000000
6.72877454 6.17405781 0.00000000
6.74475060 6.55392730 0.00000000
6.68270891 6.99661659 0.00000000
6.52388545 7.47476973 0.00000000
6.25939853 7.95632840 0.00000000
5.89124407 8.40800397 0.00000000
5.43210630 8.79888463 0.00000000
4.90400447 9.10378436 0.00000000
4.33592300 9.30596901 0.00000000
3.76068325 9.39896234 0.00000000
3.21139775 9.38723540 0.00000000
2.71789325 9.28570398 0.00000000
2.30349224 9.11808901 0.00000000
1.98250364 8.91431860 0.00000000
1.75869609 8.70725468 0.00000000
1.62492008 8.52910112 0.00000000
1.56392010 8.40788455 0.00000000
1.55024833 8.36439146 0.00000000
1.52424455 8.29342630 0.00000000
1.40438728 8.10841647 0.00000000
1.15011287 7.87158646 0.00000000
0.75852671 7.65731059 0.00000000
0.26530365 7.53110096 0.00000000
-0.26530365 7.53110096 0.00000000
-0.75852671 7.65731059 0.00000000
-1.15011287 7.87158646 0.00000000
-1.40438728 8.10841647 0.00000000
-1.52424455 8.29342630 0.00000000
-1.55024833 8.36439146 0.00000000
-1.56392010 8.40788455 0.00000000
-1.62492008 8.52910112 0.00000000
-1.75869609 8.70725468 0.00000000
-1.98250364 8.91431860 0.00000000
-2.30349224 9.11808901 0.00000000
-2.71789325 9.28570398 0.00000000
-3.21139775 9.38723540 0.00000000
-3.76068325 9.39896234 0.00000000
-4.33592300 9.30596901 0.00000000
-4.90400447 9.10378436 0.00000000
-5.43210630 8.79888463 0.00000000
-5.89124407 8.40800397 0.00000000
-6.25939853 7.95632840 0.00000000
-6.52388545 7.47476973 0.00000000
-6.68270891 6.99661659 0.00000000
-6.74475060 6.55392730 0.00000000
-6.72877454 6.17405781 0.00000000
-6.66135570 5.87670283 0.00000000
-6.57395820 5.67177263 0.00000000
-6.49948156 5.55833681 0.00000000
-6.46865133 5.52475016 0.00000000
-6.42019559 5.46674766 0.00000000
-6.31990101 5.27044330 0.00000000
-6.24193741 4.93182019 0.00000000
-6.25216214 4.48555870 0.00000000
-6.38947292 3.99531019 0.00000000
-6.65477658 3.53579078 0.00000000
-7.01068885 3.17175189 0.00000000
-7.39205028 2.93976627 0.00000000
-7.72428829 2.83797317 0.00000000
-7.94444014 2.82667865 0.00000000
-8.01889966 2.83964130 0.00000000
-8.06340166 2.84954774 0.00000000
-8.19887828 2.85732849 0.00000000
-8.42005179 2.83055185 0.00000000
-8.71127818 2.74026078 0.00000000
-9.04824284 2.56416171 0.00000000
-9.40060216 2.28908739 0.00000000
-9.73528320 1.91246567 0.00000000
-10.02008178 1.44263394 0.00000000
-10.22716707 0.89796504 0.00000000
-10.33611076 0.30489973 0.00000000
-10.33611076 -0.30489973 0.00000000
-10.22716707 -0.89796504 0.00000000
-10.02008178 -1.44263394 0.00000000
-9.73528320 -1.91246567 0.00000000
-9.40060216 -2.28908739 0.00000000
-9.04824284 -2.56416171 0.00000000
-8.71127818 -2.74026078 0.00000000
-8.42005179 -2.83055185 0.00000000
-8.19887828 -2.85732849 0.00000000
-8.06340166 -2.84954774 0.00000000
-8.01889966 -2.83964130 0.00000000
-7.94444014 -2.82667865 0.00000000
-7.72428829 -2.83797317 0.00000000
-7.39205028 -2.93976627 0.00000000
-7.01068885 -3.17175189 0.00000000
-6.65477658 -3.53579078 0.00000000
-6.38947292 -3.99531019 0.00000000
-6.25216214 -4.48555870 0.00000000
-6.24193741 -4.93182019 0.00000000
-6.31990101 -5.27044330 0.00000000
-6.42019559 -5.46674766 0.00000000
-6.46865133 -5.52475016 0.00000000
-6.49948156 -5.55833681 0.00000000
-6.57395820 -5.67177263 0.00000000
-6.66135570 -5.87670283 0.00000000
-6.72877454 -6.17405781 0.00000000
-6.74475060 -6.55392730 0.00000000
-6.68270891 -6.99661659 0.00000000
-6.52388545 -7.47476973 0.00000000
-6.25939853 -7.95632840 0.00000000
-5.89124407 -8.40800397 0.00000000
-5.43210630 -8.79888463 0.00000000
-4.90400447 -9.10378436 0.00000000
-4.33592300 -9.30596901 0.00000000
-3.76068325 -9.39896234 0.00000000
-3.21139775 -9.38723540 0.00000000
-2.71789325 -9.28570398 0.00000000
-2.30349224 -9.11808901 0.00000000
-1.98250364 -8.91431860 0.00000000
-1.75869609 -8.70725468 0.00000000
-1.62492008 -8.52910112 0.00000000
-1.56392010 -8.40788455 0.00000000
-1.55024833 -8.36439146 0.00000000
-1.52424455 -8.29342630 0.00000000
-1.40438728 -8.10841647 0.00000000
-1.15011287 -7.87158646 0.00000000
-0.75852671 -7.65731059 0.00000000
-0.26530365 -7.53110096 0.00000000
0.26530365 -7.53110096 0.00000000
0.75852671 -7.65731059 0.00000000
1.15011287 -7.87158646 0.00000000
1.40438728 -8.10841647 0.00000000
1.52424455 -8.29342630 0.00000000
1.55024833 -8.36439146 0.00000000
1.56392010 -8.40788455 0.00000000
1.62492008 -8.52910112 0.00000000
1.75869609 -8.70725468 0.00000000
1.98250364 -8.91431860 0.00000000
2.30349224 -9.11808901 0.00000000
2.71789325 -9.28570398 0.00000000
3.21139775 -9.38723540 0.00000000
3.76068325 -9.39896234 0.00000000
4.33592300 -9.30596901 0.00000000
4.90400447 -9.10378436 0.00000000
5.43210630 -8.79888463 0.00000000
5.89124407 -8.40800397 0.00000000
6.25939853 -7.95632840 0.00000000
6.52388545 -7.47476973 0.00000000
6.68270891 -6.99661659 0.00000000
6.74475060 -6.55392730 0.00000000
6.72877454 -6.17405781 0.00000000
6.66135570 -5.87670283 0.00000000
6.57395820 -5.67177263 0.00000000
6.49948156 -5.55833681 0.00000000
6.46865133 -5.52475016 0.00000000
6.42019559 -5.46674766 0.00000000
6.31990101 -5.27044330 0.00000000
6.24193741 -4.93182019 0.00000000
6.25216214 -4.48555870 0.00000000
6.38947292 -3.99531019 0.00000000
6.65477658 -3.53579078 0.00000000
7.01068885 -3.17175189 0.00000000
7.39205028 -2.93976627 0.00000000
7.72428829 -2.83797317 0.00000000
7.94444014 -2.82667865 0.00000000
8.01889966 -2.83964130 0.00000000
