-13.76075906 1.41253132 5.00000000
-13.92828596 1.35552484 5.00000000
-14.21596895 0.99549595 5.00000000
-14.24439104 0.42674272 5.00000000
-13.99403484 0.03982660 5.00000000
-13.83302591 -0.03359767 5.00000000
-13.79810928 -0.03639880 5.00000000
-13.69563330 -0.05610534 5.00000000
-13.53230108 -0.10859113 5.00000000
-13.31878561 -0.20740133 5.00000000
-13.06897622 -0.36278945 5.00000000
-12.79899798 -0.58098687 5.00000000
-12.52607322 -0.86375639 5.00000000
-12.26730574 -1.20826156 5.00000000
-12.03847350 -1.60726076 5.00000000
-11.85291503 -2.04961255 5.00000000
-11.72058832 -2.52105645 5.00000000
-11.64736858 -3.00521405 5.00000000
-11.63463452 -3.48473975 5.00000000
-11.67917230 -3.94253986 5.00000000
-11.77340410 -4.36297390 5.00000000
-11.90592491 -4.73295331 5.00000000
-12.06230988 -5.04285992 5.00000000
-12.22613500 -5.28721934 5.00000000
-12.38013920 -5.46508170 5.00000000
-12.50744559 -5.58008281 5.00000000
-12.59275575 -5.64018147 5.00000000
-12.62343258 -5.65709152 5.00000000
-12.74001189 -5.79022403 5.00000000
-12.80913823 -6.24585969 5.00000000
-12.54937586 -6.75262549 5.00000000
-12.13910298 -6.96252657 5.00000000
-11.96295301 -6.94560939 5.00000000
-11.93131376 -6.93057692 5.00000000
-11.83271369 -6.89640531 5.00000000
-11.66502094 -6.86019322 5.00000000
-11.43070602 -6.83900762 5.00000000
-11.13667068 -6.84867300 5.00000000
-10.79376396 -6.90264838 5.00000000
-10.41601942 -7.01107159 5.00000000
-10.01966763 -7.18003807 5.00000000
-9.62199350 -7.41116540 5.00000000
-9.24011925 -7.70147405 5.00000000
-8.88979901 -8.04359309 5.00000000
-8.58431006 -8.42627600 5.00000000
-8.33351918 -8.83519040 5.00000000
-8.14318998 -9.25392582 5.00000000
-8.01458009 -9.66514828 5.00000000
-7.94435678 -10.05182026 5.00000000
-7.92483682 -10.39839973 5.00000000
-7.94453383 -10.69193376 5.00000000
-7.98897420 -10.92296919 5.00000000
-8.04172422 -11.08621626 5.00000000
-8.08555565 -11.18091831 5.00000000
-8.10366754 -11.21090126 5.00000000
-8.13806193 -11.38448705 5.00000000
-7.97010926 -11.81364228 5.00000000
-7.49176556 -12.12263314 5.00000000
-7.03150827 -12.09927637 5.00000000
-6.88741652 -11.99655068 5.00000000
-6.86753235 -11.96771256 5.00000000
-6.79922800 -11.88881903 5.00000000
-6.67210787 -11.77361207 5.00000000
-6.47977799 -11.63810735 5.00000000
-6.22030323 -11.49946014 5.00000000
-5.89634960 -11.37475083 5.00000000
-5.51500163 -11.27977581 5.00000000
-5.08726767 -11.22792919 5.00000000
-4.62730811 -11.22925425 5.00000000
-4.15144098 -11.28973180 5.00000000
-3.67699523 -11.41085546 5.00000000
-3.22109258 -11.58952410 5.00000000
-2.79944411 -11.81825893 5.00000000
-2.42524648 -12.08572984 5.00000000
-2.10825582 -12.37755399 5.00000000
-1.85410466 -12.67731009 5.00000000
-1.66391014 -12.96769674 5.00000000
-1.53420123 -13.23175317 5.00000000
-1.45717001 -13.45405590 5.00000000
-1.42122933 -13.62180702 5.00000000
-1.41183744 -13.72573712 5.00000000
-1.41253132 -13.76075906 5.00000000
-1.35552484 -13.92828596 5.00000000
-0.99549595 -14.21596895 5.00000000
-0.42674272 -14.24439104 5.00000000
-0.03982660 -13.99403484 5.00000000
0.03359767 -13.83302591 5.00000000
0.03639880 -13.79810928 5.00000000
0.05610534 -13.69563330 5.00000000
0.10859113 -13.53230108 5.00000000
0.20740133 -13.31878561 5.00000000
0.36278945 -13.06897622 5.00000000
0.58098687 -12.79899798 5.00000000
0.86375639 -12.52607322 5.00000000
1.20826156 -12.26730574 5.00000000
1.60726076 -12.03847350 5.00000000
2.04961255 -11.85291503 5.00000000
2.52105645 -11.72058832 5.00000000
3.00521405 -11.64736858 5.00000000
3.48473975 -11.63463452 5.00000000
3.94253986 -11.67917230 5.00000000
4.36297390 -11.77340410 5.00000000
4.73295331 -11.90592491 5.00000000
5.04285992 -12.06230988 5.00000000
5.28721934 -12.22613500 5.00000000
5.46508170 -12.38013920 5.00000000
5.58008281 -12.50744559 5.00000000
5.64018147 -12.59275575 5.00000000
5.65709152 -12.62343258 5.00000000
5.79022403 -12.74001189 5.00000000
6.24585969 -12.80913823 5.00000000
6.75262549 -12.54937586 5.00000000
6.96252657 -12.13910298 5.00000000
6.94560939 -11.96295301 5.00000000
6.93057692 -11.93131376 5.00000000
6.89640531 -11.83271369 5.00000000
6.86019322 -11.66502094 5.00000000
6.83900762 -11.43070602 5.00000000
6.84867300 -11.13667068 5.00000000
6.90264838 -10.79376396 5.00000000
7.01107159 -10.41601942 5.00000000
7.18003807 -10.01966763 5.00000000
7.41116540 -9.62199350 5.00000000
7.70147405 -9.24011925 5.00000000
8.04359309 -8.88979901 5.00000000
8.42627600 -8.58431006 5.00000000
8.83519040 -8.33351918 5.00000000
9.25392582 -8.14318998 5.00000000
9.66514828 -8.01458009 5.00000000
10.05182026 -7.94435678 5.00000000
10.39839973 -7.92483682 5.00000000
10.69193376 -7.94453383 5.00000000
10.92296919 -7.98897420 5.00000000
11.08621626 -8.04172422 5.00000000
11.18091831 -8.08555565 5.00000000
11.21090126 -8.10366754 5.00000000
11.38448705 -8.13806193 5.00000000
11.81364228 -7.97010926 5.00000000
12.12263314 -7.49176556 5.00000000
12.09927637 -7.03150827 5.00000000
11.99655068 -6.88741652 5.00000000
11.96771256 -6.86753235 5.00000000
11.88881903 -6.79922800 5.00000000
11.77361207 -6.67210787 5.00000000
11.63810735 -6.47977799 5.00000000
11.49946014 -6.22030323 5.00000000
11.37475083 -5.89634960 5.00000000
11.27977581 -5.51500163 5.00000000
11.22792919 -5.08726767 5.00000000
11.22925425 -4.62730811 5.00000000
11.28973180 -4.15144098 5.00000000
11.41085546 -3.67699523 5.00000000
11.58952410 -3.22109258 5.00000000
11.81825893 -2.79944411 5.00000000
12.08572984 -2.42524648 5.00000000
12.37755399 -2.10825582 5.00000000
12.67731009 -1.85410466 5.00000000
12.96769674 -1.66391014 5.00000000
13.23175317 -1.53420123 5.00000000
13.45405590 -1.45717001 5.00000000
13.62180702 -1.42122933 5.00000000
13.72573712 -1.41183744 5.00000000
13.76075906 -1.41253132 5.00000000
13.92828596 -1.35552484 5.00000000
14.21596895 -0.99549595 5.00000000
14.24439104 -0.42674272 5.00000000
13.99403484 -0.03982660 5.00000000
13.83302591 0.03359767 5.00000000
13.79810928 0.03639880 5.00000000
13.69563330 0.05610534 5.00000000
13.53230108 0.10859113 5.00000000
13.31878561 0.20740133 5.00000000
13.06897622 0.36278945 5.00000000
12.79899798 0.58098687 5.00000000
12.52607322 0.86375639 5.00000000
12.26730574 1.20826156 5.00000000
12.03847350 1.60726076 5.00000000
11.85291503 2.04961255 5.00000000
11.72058832 2.52105645 5.00000000
11.64736858 3.00521405 5.00000000
11.63463452 3.48473975 5.00000000
11.67917230 3.94253986 5.00000000
11.77340410 4.36297390 5.00000000
11.90592491 4.73295331 5.00000000
12.06230988 5.04285992 5.00000000
12.22613500 5.28721934 5.00000000
12.38013920 5.46508170 5.00000000
12.50744559 5.58008281 5.00000000
12.59275575 5.64018147 5.00000000
12.62343258 5.65709152 5.00000000
12.74001189 5.79022403 5.00000000
12.80913823 6.24585969 5.00000000
12.54937586 6.75262549 5.00000000
12.13910298 6.96252657 5.00000000
11.96295301 6.94560939 5.00000000
11.93131376 6.93057692 5.00000000
11.83271369 6.89640531 5.00000000
11.66502094 6.86019322 5.00000000
11.43070602 6.83900762 5.00000000
11.13667068 6.84867300 5.00000000
10.79376396 6.90264838 5.00000000
10.41601942 7.01107159 5.00000000
10.01966763 7.18003807 5.00000000
9.62199350 7.41116540 5.00000000
9.24011925 7.70147405 5.00000000
8.88979901 8.04359309 5.00000000
8.58431006 8.42627600 5.00000000
8.33351918 8.83519040 5.00000000
8.14318998 9.25392582 5.00000000
8.01458009 9.66514828 5.00000000
7.94435678 10.05182026 5.00000000
7.92483682 10.39839973 5.00000000
7.94453383 10.69193376 5.00000000
7.98897420 10.92296919 5.00000000
8.04172422 11.08621626 5.00000000
8.08555565 11.18091831 5.00000000
8.10366754 11.21090126 5.00000000
8.13806193 11.38448705 5.00000000
7.97010926 11.81364228 5.00000000
7.49176556 12.12263314 5.00000000
7.03150827 12.09927637 5.00000000
6.88741652 11.99655068 5.00000000
6.86753235 11.96771256 5.00000000
6.79922800 11.88881903 5.00000000
6.67210787 11.77361207 5.00000000
6.47977799 11.63810735 5.00000000
6.22030323 11.49946014 5.00000000
5.89634960 11.37475083 5.00000000
5.51500163 11.27977581 5.00000000
5.08726767 11.22792919 5.00000000
4.62730811 11.22925425 5.00000000
4.15144098 11.28973180 5.00000000
3.67699523 11.41085546 5.00000000
3.22109258 11.58952410 5.00000000
2.79944411 11.81825893 5.00000000
2.42524648 12.08572984 5.00000000
2.10825582 12.37755399 5.00000000
1.85410466 12.67731009 5.00000000
1.66391014 12.96769674 5.00000000
1.53420123 13.23175317 5.00000000
1.45717001 13.45405590 5.00000000
1.42122933 13.62180702 5.00000000
1.41183744 13.72573712 5.00000000
1.41253132 13.76075906 5.00000000
1.35552484 13.92828596 5.00000000
0.99549595 14.21596895 5.00000000
0.42674272 14.24439104 5.00000000
0.03982660 13.99403484 5.00000000
-0.03359767 13.83302591 5.00000000
-0.03639880 13.79810928 5.00000000
-0.05610534 13.69563330 5.00000000
-0.10859113 13.53230108 5.00000000
-0.20740133 13.31878561 5.00000000
-0.36278945 13.06897622 5.00000000
-0.58098687 12.79899798 5.00000000
-0.86375639 12.52607322 5.00000000
-1.20826156 12.26730574 5.00000000
-1.60726076 12.03847350 5.00000000
-2.04961255 11.85291503 5.00000000
-2.52105645 11.72058832 5.00000000
-3.00521405 11.64736858 5.00000000
-3.48473975 11.63463452 5.00000000
-3.94253986 11.67917230 5.00000000
-4.36297390 11.77340410 5.00000000
-4.73295331 11.90592491 5.00000000
-5.04285992 12.06230988 5.00000000
-5.28721934 12.22613500 5.00000000
-5.46508170 12.38013920 5.00000000
-5.58008281 12.50744559 5.00000000
-5.64018147 12.59275575 5.00000000
-5.65709152 12.62343258 5.00000000
-5.79022403 12.74001189 5.00000000
-6.24585969 12.80913823 5.00000000
-6.75262549 12.54937586 5.00000000
-6.96252657 12.13910298 5.00000000
-6.94560939 11.96295301 5.00000000
-6.93057692 11.93131376 5.00000000
-6.89640531 11.83271369 5.00000000
-6.86019322 11.66502094 5.00000000
-6.83900762 11.43070602 5.00000000
-6.84867300 11.13667068 5.00000000
-6.90264838 10.79376396 5.00000000
-7.01107159 10.41601942 5.00000000
-7.18003807 10.01966763 5.00000000
-7.41116540 9.62199350 5.00000000
-7.70147405 9.24011925 5.00000000
-8.04359309 8.88979901 5.00000000
-8.42627600 8.58431006 5.00000000
-8.83519040 8.33351918 5.00000000
-9.25392582 8.14318998 5.00000000
-9.66514828 8.01458009 5.00000000
-10.05182026 7.94435678 5.00000000
-10.39839973 7.92483682 5.00000000
-10.69193376 7.94453383 5.00000000
-10.92296919 7.98897420 5.00000000
-11.08621626 8.04172422 5.00000000
-11.18091831 8.08555565 5.00000000
-11.21090126 8.10366754 5.00000000
-11.38448705 8.13806193 5.00000000
-11.81364228 7.97010926 5.00000000
-12.12263314 7.49176556 5.00000000
-12.09927637 7.03150827 5.00000000
-11.99655068 6.88741652 5.00000000
-11.96771256 6.86753235 5.00000000
-11.88881903 6.79922800 5.00000000
-11.77361207 6.67210787 5.00000000
-11.63810735 6.47977799 5.00000000
-11.49946014 6.22030323 5.00000000
-11.37475083 5.89634960 5.00000000
-11.27977581 5.51500163 5.00000000
-11.22792919 5.08726767 5.00000000
-11.22925425 4.62730811 5.00000000
-11.28973180 4.15144098 5.00000000
-11.41085546 3.67699523 5.00000000
-11.58952410 3.22109258 5.00000000
-11.81825893 2.79944411 5.00000000
-12.08572984 2.42524648 5.00000000
-12.37755399 2.10825582 5.00000000
-12.67731009 1.85410466 5.00000000
-12.96769674 1.66391014 5.00000000
-13.23175317 1.53420123 5.00000000
-13.45405590 1.45717001 5.00000000
-13.62180702 1.42122933 5.00000000
-13.72573712 1.41183744 5.00000000
-13.76075906 1.41253132 5.00000000
