34.53656632 -1.78505680 -5.00000000
34.69998342 -1.72161651 -5.00000000
34.97371681 -1.35614620 -5.00000000
34.99103402 -0.79217304 -5.00000000
34.74023925 -0.41059671 -5.00000000
34.58102231 -0.33724971 -5.00000000
34.54467719 -0.33360865 -5.00000000
34.43848517 -0.30987016 -5.00000000
34.27056661 -0.24818906 -5.00000000
34.05363137 -0.13363418 -5.00000000
33.80400295 0.04466413 -5.00000000
33.54036522 0.29267830 -5.00000000
33.28232793 0.61102385 -5.00000000
33.04892114 0.99491098 -5.00000000
32.85713420 1.43451118 -5.00000000
32.72061133 1.91571074 -5.00000000
32.64860414 2.42119319 -5.00000000
32.64526139 2.93176774 -5.00000000
32.70931048 3.42784155 -5.00000000
32.83415532 3.89092290 -5.00000000
33.00838279 4.30503984 -5.00000000
33.21663918 4.65796534 -5.00000000
33.44080913 4.94215493 -5.00000000
33.66140660 5.15532480 -5.00000000
33.85907112 5.30062605 -5.00000000
34.01605442 5.38640159 -5.00000000
34.11758321 5.42554448 -5.00000000
34.15299366 5.43450688 -5.00000000
34.29964973 5.53053716 -5.00000000
34.49141584 5.94493344 -5.00000000
34.39109801 6.50018289 -5.00000000
34.06644953 6.82127770 -5.00000000
33.89546216 6.85991883 -5.00000000
33.85915425 6.85592374 -5.00000000
33.75034727 6.85706493 -5.00000000
33.57327391 6.88248591 -5.00000000
33.33726193 6.94943412 -5.00000000
33.05601819 7.07193552 -5.00000000
32.74657653 7.25971662 -5.00000000
32.42799021 7.51745659 -5.00000000
32.11986930 7.84442686 -5.00000000
31.84087534 8.23454600 -5.00000000
31.60728881 8.67684549 -5.00000000
31.43175944 9.15631080 -5.00000000
31.32233532 9.65503308 -5.00000000
31.28184524 10.15358304 -5.00000000
31.30768189 10.63250165 -5.00000000
31.39200231 11.07379307 -5.00000000
31.52233047 11.46230524 -5.00000000
31.68251543 11.78689215 -5.00000000
31.85397181 12.04126854 -5.00000000
32.01710706 12.22449137 -5.00000000
32.15282615 12.34103118 -5.00000000
32.24399803 12.40042773 -5.00000000
32.27677130 12.41655652 -5.00000000
32.40025676 12.54097983 -5.00000000
32.50167448 12.98619097 -5.00000000
32.28810599 13.50844963 -5.00000000
31.90379249 13.75502954 -5.00000000
31.72850766 13.75727599 -5.00000000
31.69382379 13.74581937 -5.00000000
31.58715724 13.72431338 -5.00000000
31.40866804 13.71236323 -5.00000000
31.16389418 13.72877881 -5.00000000
30.86332681 13.79012939 -5.00000000
30.52160530 13.90947049 -5.00000000
30.15639371 14.09534040 -5.00000000
29.78702504 14.35110365 -5.00000000
29.43301744 14.67469164 -5.00000000
29.11257609 15.05876045 -5.00000000
28.84119602 15.49125369 -5.00000000
28.63047289 15.95632713 -5.00000000
28.48721325 16.43556422 -5.00000000
28.41291253 16.90938905 -5.00000000
28.40364070 17.35856840 -5.00000000
28.45034465 17.76568740 -5.00000000
28.53954378 18.11648563 -5.00000000
28.65436559 18.40095107 -5.00000000
28.77584178 18.61408777 -5.00000000
28.88436510 18.75629849 -5.00000000
28.96119542 18.83335278 -5.00000000
28.98989914 18.85594306 -5.00000000
29.08481709 19.00332149 -5.00000000
29.09145399 19.45988963 -5.00000000
28.77396880 19.92633231 -5.00000000
28.34678663 20.08762058 -5.00000000
28.17486513 20.05337418 -5.00000000
28.14332116 20.03495673 -5.00000000
28.04345687 19.99174347 -5.00000000
27.87135267 19.94294447 -5.00000000
27.62851471 19.90810998 -5.00000000
27.32175995 19.90562844 -5.00000000
26.96269347 19.95131375 -5.00000000
26.56681810 20.05719019 -5.00000000
26.15234485 20.23056834 -5.00000000
25.73879544 20.47348284 -5.00000000
25.34550411 20.78253533 -5.00000000
24.99013394 21.14915446 -5.00000000
24.68732141 21.56025313 -5.00000000
24.44755335 21.99923238 -5.00000000
24.27636255 22.44725502 -5.00000000
24.17390370 22.88469100 -5.00000000
24.13494226 23.29262376 -5.00000000
24.14925711 23.65430176 -5.00000000
24.20242611 23.95642374 -5.00000000
24.27693413 24.19015921 -5.00000000
24.35351869 24.35182555 -5.00000000
24.41264959 24.44316994 -5.00000000
24.43602929 24.47123442 -5.00000000
24.49823135 24.63512682 -5.00000000
24.40979737 25.08309774 -5.00000000
24.00227111 25.47333864 -5.00000000
23.55089017 25.54228621 -5.00000000
23.38984580 25.47304369 -5.00000000
23.36282034 25.44847034 -5.00000000
23.27412287 25.38543844 -5.00000000
23.11592543 25.30192335 -5.00000000
22.88563656 25.21736122 -5.00000000
22.58610108 25.15115601 -5.00000000
22.22538255 25.12118886 -5.00000000
21.81614505 25.14244454 -5.00000000
21.37468170 25.22586012 -5.00000000
20.91966457 25.37748460 -5.00000000
20.47071198 25.59801368 -5.00000000
20.04688310 25.88273570 -5.00000000
19.66521552 26.22189260 -5.00000000
19.33941805 26.60142853 -5.00000000
19.07881904 27.00406822 -5.00000000
18.88765111 27.41064279 -5.00000000
18.76472707 27.80156070 -5.00000000
18.70353203 28.15831139 -5.00000000
18.69272446 28.46488574 -5.00000000
18.71700797 28.70900462 -5.00000000
18.75830665 28.88306098 -5.00000000
18.79715383 28.98470329 -5.00000000
18.81418770 29.01701540 -5.00000000
18.84095535 29.19025890 -5.00000000
18.66131547 29.61005412 -5.00000000
18.18155899 29.90703785 -5.00000000
17.72570680 29.88063137 -5.00000000
17.58257797 29.77941895 -5.00000000
17.56125216 29.74976369 -5.00000000
17.48759801 29.66966794 -5.00000000
17.35022134 29.55508676 -5.00000000
17.14254629 29.42449277 -5.00000000
16.86332121 29.29745737 -5.00000000
16.51671577 29.19314748 -5.00000000
16.11200179 29.12885341 -5.00000000
15.66284239 29.11866076 -5.00000000
15.18624397 29.17236850 -5.00000000
14.70125150 29.29473601 -5.00000000
14.22748726 29.48511718 -5.00000000
13.78364535 29.73750955 -5.00000000
13.38605738 30.04101459 -5.00000000
13.04743958 30.38067407 -5.00000000
12.77591752 30.73861795 -5.00000000
12.57440327 31.09543603 -5.00000000
12.44037285 31.43166769 -5.00000000
12.36606106 31.72929564 -5.00000000
12.33905875 31.97312876 -5.00000000
12.34326660 32.15196806 -5.00000000
12.36013225 32.25946602 -5.00000000
12.37007582 32.29461357 -5.00000000
12.36023919 32.46963659 -5.00000000
12.09724453 32.84290905 -5.00000000
11.56622550 33.03365599 -5.00000000
11.12582499 32.91304956 -5.00000000
11.00686711 32.78429071 -5.00000000
10.99217300 32.75084960 -5.00000000
10.93678121 32.65719059 -5.00000000
10.82622931 32.51655106 -5.00000000
10.65024448 32.34563279 -5.00000000
10.40353328 32.16331926 -5.00000000
10.08618925 31.98922547 -5.00000000
9.70368673 31.84219160 -5.00000000
9.26646171 31.73883621 -5.00000000
8.78911165 31.69227992 -5.00000000
8.28927579 31.71113779 -5.00000000
7.78628196 31.79885756 -5.00000000
7.29966374 31.95345463 -5.00000000
6.84766177 32.16766417 -5.00000000
6.44582441 32.42949867 -5.00000000
6.10581504 32.72316802 -5.00000000
5.83451771 33.03029159 -5.00000000
5.63350968 33.33130929 -5.00000000
5.49894145 33.60698307 -5.00000000
5.42183345 33.83987375 -5.00000000
5.38876656 34.01567984 -5.00000000
5.38291358 34.12433528 -5.00000000
5.38533227 34.16078216 -5.00000000
5.33932126 34.32993535 -5.00000000
5.00446597 34.64037125 -5.00000000
4.44539245 34.71654485 -5.00000000
4.03969124 34.50700954 -5.00000000
3.95010334 34.35633166 -5.00000000
3.94268313 34.32056623 -5.00000000
3.90797459 34.21743729 -5.00000000
3.82907912 34.05688604 -5.00000000
3.69247588 33.85311344 -5.00000000
3.48906103 33.62348976 -5.00000000
3.21484786 33.38722080 -5.00000000
2.87127400 33.16387323 -5.00000000
2.46509219 32.97187221 -5.00000000
2.00785297 32.82708663 -5.00000000
1.51501894 32.74161069 -5.00000000
1.00477878 32.72283528 -5.00000000
0.49665179 32.77288041 -5.00000000
0.00999049 32.88843247 -5.00000000
-0.43750422 33.06099857 -5.00000000
-0.83114086 33.27755861 -5.00000000
-1.16036427 33.52156492 -5.00000000
-1.41956490 33.77421274 -5.00000000
-1.60850828 34.01588407 -5.00000000
-1.73235199 34.22765388 -5.00000000
-1.80124842 34.39274319 -5.00000000
-1.82956424 34.49780734 -5.00000000
-1.83477613 34.53396064 -5.00000000
-1.91495062 34.68985121 -5.00000000
-2.30703178 34.92388301 -5.00000000
-2.86972558 34.88215411 -5.00000000
-3.22299641 34.59284763 -5.00000000
-3.27929890 34.42683604 -5.00000000
-3.27912092 34.39030943 -5.00000000
-3.29162928 34.28221779 -5.00000000
-3.33542021 34.10877168 -5.00000000
-3.42667163 33.88105059 -5.00000000
-3.57789993 33.61415242 -5.00000000
-3.79699781 33.32603438 -5.00000000
-4.08662719 33.03613447 -5.00000000
-4.44401369 32.76387918 -5.00000000
-4.86115852 32.52719213 -5.00000000
-5.32545149 32.34111810 -5.00000000
-5.82063806 32.21666807 -5.00000000
-6.32806622 32.15997406 -5.00000000
-6.82811743 32.17181845 -5.00000000
-7.30171182 32.24757419 -5.00000000
-7.73177191 32.37756021 -5.00000000
-8.10453277 32.54778500 -5.00000000
-8.41059767 32.74102102 -5.00000000
-8.64565849 32.93812771 -5.00000000
-8.81082533 33.11952129 -5.00000000
-8.91254021 33.26667863 -5.00000000
-8.96208133 33.36355969 -5.00000000
-8.97469602 33.39783934 -5.00000000
-9.08552998 33.53365411 -5.00000000
-9.51770117 33.68105349 -5.00000000
-10.05942283 33.52324585 -5.00000000
-10.34482364 33.16681228 -5.00000000
-10.36538004 32.99272250 -5.00000000
-10.35761164 32.95703109 -5.00000000
-10.34737315 32.84870087 -5.00000000
-10.35414567 32.66994033 -5.00000000
-10.39605715 32.42822326 -5.00000000
-10.48848950 32.13571531 -5.00000000
-10.64289645 31.80834033 -5.00000000
-10.86592315 31.46455810 -5.00000000
-11.15889485 31.12394741 -5.00000000
-11.51771406 30.80570325 -5.00000000
-11.93317415 30.52716345 -5.00000000
-12.39166509 30.30247788 -5.00000000
-12.87621737 30.14152251 -5.00000000
-13.36780386 30.04914159 -5.00000000
-13.84679957 30.02477607 -5.00000000
-14.29448743 30.06250707 -5.00000000
-14.69449430 30.15151069 -5.00000000
-15.03404697 30.27688957 -5.00000000
-15.30495193 30.42081712 -5.00000000
-15.50422333 30.56390670 -5.00000000
-15.63431123 30.68670058 -5.00000000
-15.70291245 30.77116438 -5.00000000
-15.72237863 30.80207219 -5.00000000
-15.85902807 30.91187541 -5.00000000
-16.31240134 30.96620032 -5.00000000
-16.80947503 30.69921089 -5.00000000
-17.01453245 30.29122808 -5.00000000
-16.99844434 30.11666866 -5.00000000
-16.98342503 30.08337234 -5.00000000
-16.95088716 29.97953810 -5.00000000
-16.92034527 29.80327582 -5.00000000
-16.91108509 29.55812695 -5.00000000
-16.94068174 29.25279324 -5.00000000
-17.02364945 28.90046918 -5.00000000
-17.17032614 28.51782956 -5.00000000
-17.38607875 28.12374979 -5.00000000
-17.67089022 27.73785732 -5.00000000
-18.01935983 27.37902527 -5.00000000
-18.42111688 27.06392399 -5.00000000
-18.86161604 26.80574181 -5.00000000
-19.32325310 26.61317305 -5.00000000
-19.78671574 26.48975117 -5.00000000
-20.23246526 26.43357811 -5.00000000
-20.64223591 26.43747069 -5.00000000
-21.00043628 26.48951277 -5.00000000
-21.29534554 26.57397084 -5.00000000
-21.52001237 26.67250272 -5.00000000
-21.67278782 26.76556647 -5.00000000
-21.75745096 26.83392153 -5.00000000
-21.78291784 26.86010669 -5.00000000
-21.93941054 26.93909943 -5.00000000
-22.39417130 26.89797561 -5.00000000
-22.82487252 26.53347310 -5.00000000
-22.94062454 26.09177186 -5.00000000
-22.88859505 25.92437189 -5.00000000
-22.86698125 25.89492586 -5.00000000
-22.81356606 25.80012566 -5.00000000
-22.74704460 25.63406514 -5.00000000
-22.68701746 25.39619867 -5.00000000
-22.65248491 25.09138374 -5.00000000
-22.66038728 24.72950885 -5.00000000
-22.72430348 24.32473502 -5.00000000
-22.85340759 23.89440935 -5.00000000
-23.05176369 23.45773392 -5.00000000
-23.31801302 23.03429231 -5.00000000
-23.64547748 22.64254676 -5.00000000
-24.02267158 22.29842155 -5.00000000
-24.43418347 22.01408114 -5.00000000
-24.86185748 21.79699702 -5.00000000
-25.28618727 21.64937494 -5.00000000
-25.68781276 21.56798635 -5.00000000
-26.04900575 21.54441714 -5.00000000
-26.35503035 21.56571452 -5.00000000
-26.59527361 21.61538238 -5.00000000
-26.76405959 21.67464866 -5.00000000
-26.86108445 21.72390755 -5.00000000
-26.89143902 21.74422564 -5.00000000
-27.06093550 21.78895553 -5.00000000
-27.49720852 21.65418028 -5.00000000
-27.84271354 21.20809521 -5.00000000
-27.86410125 20.75198001 -5.00000000
-27.77840433 20.59905567 -5.00000000
-27.75114067 20.57474686 -5.00000000
-27.67918265 20.49312392 -5.00000000
-27.57958893 20.34452281 -5.00000000
-27.47141830 20.12433464 -5.00000000
-27.37426578 19.83336037 -5.00000000
-27.30675745 19.47775031 -5.00000000
-27.28511971 19.06853284 -5.00000000
-27.32193285 18.62076856 -5.00000000
-27.42516447 18.15239499 -5.00000000
-27.59755715 17.68285024 -5.00000000
-27.83641725 17.23158158 -5.00000000
-28.13382109 16.81655328 -5.00000000
-28.47722277 16.45286825 -5.00000000
-28.85041675 16.15160952 -5.00000000
-29.23478156 15.91899021 -5.00000000
-29.61070893 15.75587752 -5.00000000
-29.95910867 15.65772711 -5.00000000
-30.26287388 15.61493300 -5.00000000
-30.50819377 15.61356611 -5.00000000
-30.68561352 15.63644470 -5.00000000
-30.79075966 15.66445456 -5.00000000
-30.82467528 15.67801758 -5.00000000
-30.99976771 15.68652972 -5.00000000
-31.39848577 15.46399337 -5.00000000
-31.64369438 14.95582180 -5.00000000
-31.56978304 14.50522705 -5.00000000
-31.45416404 14.37346187 -5.00000000
-31.42244207 14.35535270 -5.00000000
-31.33508615 14.29047432 -5.00000000
-31.20677287 14.16582721 -5.00000000
-31.05518634 13.97294061 -5.00000000
-30.89965989 13.70852397 -5.00000000
-30.75969128 13.37472063 -5.00000000
-30.65344529 12.97894427 -5.00000000
-30.59635854 12.53331084 -5.00000000
-30.59995396 12.05370929 -5.00000000
-30.67095560 11.55858277 -5.00000000
-30.81077200 11.06751361 -5.00000000
-31.01538763 10.59972093 -5.00000000
-31.27567078 10.17258607 -5.00000000
-31.57807437 9.80031917 -5.00000000
-31.90567561 9.49286921 -5.00000000
-32.23947503 9.25516123 -5.00000000
-32.55985478 9.08671926 -5.00000000
-32.84808460 8.98170397 -5.00000000
-33.08775947 8.92936208 -5.00000000
-33.26605890 8.91485308 -5.00000000
-33.37473092 8.92038975 -5.00000000
-33.41072531 8.92660492 -5.00000000
-33.58376133 8.89852729 -5.00000000
-33.92749854 8.59795575 -5.00000000
-34.06169394 8.04990721 -5.00000000
-33.89571382 7.62452607 -5.00000000
-33.75522584 7.51967881 -5.00000000
-33.72043197 7.50856074 -5.00000000
-33.62149601 7.46326243 -5.00000000
-33.47007110 7.36801698 -5.00000000
-33.28169372 7.21086203 -5.00000000
-33.07459058 6.98455930 -5.00000000
-32.86827901 6.68715147 -5.00000000
-32.68206821 6.32211356 -5.00000000
-32.53357654 5.89808729 -5.00000000
-32.43737863 5.42821866 -5.00000000
-32.40388612 4.92914976 -5.00000000
-32.43854818 4.41974218 -5.00000000
-32.54143289 3.91962991 -5.00000000
-32.70722190 3.44771306 -5.00000000
-32.92561861 3.02070785 -5.00000000
-33.18213854 2.65186428 -5.00000000
-33.45922137 2.34994999 -5.00000000
-33.73757900 2.11857818 -5.00000000
-33.99767640 1.95593138 -5.00000000
-34.22123130 1.85490208 -5.00000000
-34.39261788 1.80363960 -5.00000000
-34.50006629 1.78646109 -5.00000000
-34.53656632 1.78505680 -5.00000000
-34.69998342 1.72161651 -5.00000000
-34.97371681 1.35614620 -5.00000000
-34.99103402 0.79217304 -5.00000000
-34.74023925 0.41059671 -5.00000000
-34.58102231 0.33724971 -5.00000000
-34.54467719 0.33360865 -5.00000000
-34.43848517 0.30987016 -5.00000000
-34.27056661 0.24818906 -5.00000000
-34.05363137 0.13363418 -5.00000000
-33.80400295 -0.04466413 -5.00000000
-33.54036522 -0.29267830 -5.00000000
-33.28232793 -0.61102385 -5.00000000
-33.04892114 -0.99491098 -5.00000000
-32.85713420 -1.43451118 -5.00000000
-32.72061133 -1.91571074 -5.00000000
-32.64860414 -2.42119319 -5.00000000
-32.64526139 -2.93176774 -5.00000000
-32.70931048 -3.42784155 -5.00000000
-32.83415532 -3.89092290 -5.00000000
-33.00838279 -4.30503984 -5.00000000
-33.21663918 -4.65796534 -5.00000000
-33.44080913 -4.94215493 -5.00000000
-33.66140660 -5.15532480 -5.00000000
-33.85907112 -5.30062605 -5.00000000
-34.01605442 -5.38640159 -5.00000000
-34.11758321 -5.42554448 -5.00000000
-34.15299366 -5.43450688 -5.00000000
-34.29964973 -5.53053716 -5.00000000
-34.49141584 -5.94493344 -5.00000000
-34.39109801 -6.50018289 -5.00000000
-34.06644953 -6.82127770 -5.00000000
-33.89546216 -6.85991883 -5.00000000
-33.85915425 -6.85592374 -5.00000000
-33.75034727 -6.85706493 -5.00000000
-33.57327391 -6.88248591 -5.00000000
-33.33726193 -6.94943412 -5.00000000
-33.05601819 -7.07193552 -5.00000000
-32.74657653 -7.25971662 -5.00000000
-32.42799021 -7.51745659 -5.00000000
-32.11986930 -7.84442686 -5.00000000
-31.84087534 -8.23454600 -5.00000000
-31.60728881 -8.67684549 -5.00000000
-31.43175944 -9.15631080 -5.00000000
-31.32233532 -9.65503308 -5.00000000
-31.28184524 -10.15358304 -5.00000000
-31.30768189 -10.63250165 -5.00000000
-31.39200231 -11.07379307 -5.00000000
-31.52233047 -11.46230524 -5.00000000
-31.68251543 -11.78689215 -5.00000000
-31.85397181 -12.04126854 -5.00000000
-32.01710706 -12.22449137 -5.00000000
-32.15282615 -12.34103118 -5.00000000
-32.24399803 -12.40042773 -5.00000000
-32.27677130 -12.41655652 -5.00000000
-32.40025676 -12.54097983 -5.00000000
-32.50167448 -12.98619097 -5.00000000
-32.28810599 -13.50844963 -5.00000000
-31.90379249 -13.75502954 -5.00000000
-31.72850766 -13.75727599 -5.00000000
-31.69382379 -13.74581937 -5.00000000
-31.58715724 -13.72431338 -5.00000000
-31.40866804 -13.71236323 -5.00000000
-31.16389418 -13.72877881 -5.00000000
-30.86332681 -13.79012939 -5.00000000
-30.52160530 -13.90947049 -5.00000000
-30.15639371 -14.09534040 -5.00000000
-29.78702504 -14.35110365 -5.00000000
-29.43301744 -14.67469164 -5.00000000
-29.11257609 -15.05876045 -5.00000000
-28.84119602 -15.49125369 -5.00000000
-28.63047289 -15.95632713 -5.00000000
-28.48721325 -16.43556422 -5.00000000
-28.41291253 -16.90938905 -5.00000000
-28.40364070 -17.35856840 -5.00000000
-28.45034465 -17.76568740 -5.00000000
-28.53954378 -18.11648563 -5.00000000
-28.65436559 -18.40095107 -5.00000000
-28.77584178 -18.61408777 -5.00000000
-28.88436510 -18.75629849 -5.00000000
-28.96119542 -18.83335278 -5.00000000
-28.98989914 -18.85594306 -5.00000000
-29.08481709 -19.00332149 -5.00000000
-29.09145399 -19.45988963 -5.00000000
-28.77396880 -19.92633231 -5.00000000
-28.34678663 -20.08762058 -5.00000000
-28.17486513 -20.05337418 -5.00000000
-28.14332116 -20.03495673 -5.00000000
-28.04345687 -19.99174347 -5.00000000
-27.87135267 -19.94294447 -5.00000000
-27.62851471 -19.90810998 -5.00000000
-27.32175995 -19.90562844 -5.00000000
-26.96269347 -19.95131375 -5.00000000
-26.56681810 -20.05719019 -5.00000000
-26.15234485 -20.23056834 -5.00000000
-25.73879544 -20.47348284 -5.00000000
-25.34550411 -20.78253533 -5.00000000
-24.99013394 -21.14915446 -5.00000000
-24.68732141 -21.56025313 -5.00000000
-24.44755335 -21.99923238 -5.00000000
-24.27636255 -22.44725502 -5.00000000
-24.17390370 -22.88469100 -5.00000000
-24.13494226 -23.29262376 -5.00000000
-24.14925711 -23.65430176 -5.00000000
-24.20242611 -23.95642374 -5.00000000
-24.27693413 -24.19015921 -5.00000000
-24.35351869 -24.35182555 -5.00000000
-24.41264959 -24.44316994 -5.00000000
-24.43602929 -24.47123442 -5.00000000
-24.49823135 -24.63512682 -5.00000000
-24.40979737 -25.08309774 -5.00000000
-24.00227111 -25.47333864 -5.00000000
-23.55089017 -25.54228621 -5.00000000
-23.38984580 -25.47304369 -5.00000000
-23.36282034 -25.44847034 -5.00000000
-23.27412287 -25.38543844 -5.00000000
-23.11592543 -25.30192335 -5.00000000
-22.88563656 -25.21736122 -5.00000000
-22.58610108 -25.15115601 -5.00000000
-22.22538255 -25.12118886 -5.00000000
-21.81614505 -25.14244454 -5.00000000
-21.37468170 -25.22586012 -5.00000000
-20.91966457 -25.37748460 -5.00000000
-20.47071198 -25.59801368 -5.00000000
-20.04688310 -25.88273570 -5.00000000
-19.66521552 -26.22189260 -5.00000000
-19.33941805 -26.60142853 -5.00000000
-19.07881904 -27.00406822 -5.00000000
-18.88765111 -27.41064279 -5.00000000
-18.76472707 -27.80156070 -5.00000000
-18.70353203 -28.15831139 -5.00000000
-18.69272446 -28.46488574 -5.00000000
-18.71700797 -28.70900462 -5.00000000
-18.75830665 -28.88306098 -5.00000000
-18.79715383 -28.98470329 -5.00000000
-18.81418770 -29.01701540 -5.00000000
-18.84095535 -29.19025890 -5.00000000
-18.66131547 -29.61005412 -5.00000000
-18.18155899 -29.90703785 -5.00000000
-17.72570680 -29.88063137 -5.00000000
-17.58257797 -29.77941895 -5.00000000
-17.56125216 -29.74976369 -5.00000000
-17.48759801 -29.66966794 -5.00000000
-17.35022134 -29.55508676 -5.00000000
-17.14254629 -29.42449277 -5.00000000
-16.86332121 -29.29745737 -5.00000000
-16.51671577 -29.19314748 -5.00000000
-16.11200179 -29.12885341 -5.00000000
-15.66284239 -29.11866076 -5.00000000
-15.18624397 -29.17236850 -5.00000000
-14.70125150 -29.29473601 -5.00000000
-14.22748726 -29.48511718 -5.00000000
-13.78364535 -29.73750955 -5.00000000
-13.38605738 -30.04101459 -5.00000000
-13.04743958 -30.38067407 -5.00000000
-12.77591752 -30.73861795 -5.00000000
-12.57440327 -31.09543603 -5.00000000
-12.44037285 -31.43166769 -5.00000000
-12.36606106 -31.72929564 -5.00000000
-12.33905875 -31.97312876 -5.00000000
-12.34326660 -32.15196806 -5.00000000
-12.36013225 -32.25946602 -5.00000000
-12.37007582 -32.29461357 -5.00000000
-12.36023919 -32.46963659 -5.00000000
-12.09724453 -32.84290905 -5.00000000
-11.56622550 -33.03365599 -5.00000000
-11.12582499 -32.91304956 -5.00000000
-11.00686711 -32.78429071 -5.00000000
-10.99217300 -32.75084960 -5.00000000
-10.93678121 -32.65719059 -5.00000000
-10.82622931 -32.51655106 -5.00000000
-10.65024448 -32.34563279 -5.00000000
-10.40353328 -32.16331926 -5.00000000
-10.08618925 -31.98922547 -5.00000000
-9.70368673 -31.84219160 -5.00000000
-9.26646171 -31.73883621 -5.00000000
-8.78911165 -31.69227992 -5.00000000
-8.28927579 -31.71113779 -5.00000000
-7.78628196 -31.79885756 -5.00000000
-7.29966374 -31.95345463 -5.00000000
-6.84766177 -32.16766417 -5.00000000
-6.44582441 -32.42949867 -5.00000000
-6.10581504 -32.72316802 -5.00000000
-5.83451771 -33.03029159 -5.00000000
-5.63350968 -33.33130929 -5.00000000
-5.49894145 -33.60698307 -5.00000000
-5.42183345 -33.83987375 -5.00000000
-5.38876656 -34.01567984 -5.00000000
-5.38291358 -34.12433528 -5.00000000
-5.38533227 -34.16078216 -5.00000000
-5.33932126 -34.32993535 -5.00000000
-5.00446597 -34.64037125 -5.00000000
-4.44539245 -34.71654485 -5.00000000
-4.03969124 -34.50700954 -5.00000000
-3.95010334 -34.35633166 -5.00000000
-3.94268313 -34.32056623 -5.00000000
-3.90797459 -34.21743729 -5.00000000
-3.82907912 -34.05688604 -5.00000000
-3.69247588 -33.85311344 -5.00000000
-3.48906103 -33.62348976 -5.00000000
-3.21484786 -33.38722080 -5.00000000
-2.87127400 -33.16387323 -5.00000000
-2.46509219 -32.97187221 -5.00000000
-2.00785297 -32.82708663 -5.00000000
-1.51501894 -32.74161069 -5.00000000
-1.00477878 -32.72283528 -5.00000000
-0.49665179 -32.77288041 -5.00000000
-0.00999049 -32.88843247 -5.00000000
0.43750422 -33.06099857 -5.00000000
0.83114086 -33.27755861 -5.00000000
1.16036427 -33.52156492 -5.00000000
1.41956490 -33.77421274 -5.00000000
1.60850828 -34.01588407 -5.00000000
1.73235199 -34.22765388 -5.00000000
1.80124842 -34.39274319 -5.00000000
1.82956424 -34.49780734 -5.00000000
1.83477613 -34.53396064 -5.00000000
1.91495062 -34.68985121 -5.00000000
2.30703178 -34.92388301 -5.00000000
2.86972558 -34.88215411 -5.00000000
3.22299641 -34.59284763 -5.00000000
3.27929890 -34.42683604 -5.00000000
3.27912092 -34.39030943 -5.00000000
3.29162928 -34.28221779 -5.00000000
3.33542021 -34.10877168 -5.00000000
3.42667163 -33.88105059 -5.00000000
3.57789993 -33.61415242 -5.00000000
3.79699781 -33.32603438 -5.00000000
4.08662719 -33.03613447 -5.00000000
4.44401369 -32.76387918 -5.00000000
4.86115852 -32.52719213 -5.00000000
5.32545149 -32.34111810 -5.00000000
5.82063806 -32.21666807 -5.00000000
6.32806622 -32.15997406 -5.00000000
6.82811743 -32.17181845 -5.00000000
7.30171182 -32.24757419 -5.00000000
7.73177191 -32.37756021 -5.00000000
8.10453277 -32.54778500 -5.00000000
8.41059767 -32.74102102 -5.00000000
8.64565849 -32.93812771 -5.00000000
8.81082533 -33.11952129 -5.00000000
8.91254021 -33.26667863 -5.00000000
8.96208133 -33.36355969 -5.00000000
8.97469602 -33.39783934 -5.00000000
9.08552998 -33.53365411 -5.00000000
9.51770117 -33.68105349 -5.00000000
10.05942283 -33.52324585 -5.00000000
10.34482364 -33.16681228 -5.00000000
10.36538004 -32.99272250 -5.00000000
10.35761164 -32.95703109 -5.00000000
10.34737315 -32.84870087 -5.00000000
10.35414567 -32.66994033 -5.00000000
10.39605715 -32.42822326 -5.00000000
10.48848950 -32.13571531 -5.00000000
10.64289645 -31.80834033 -5.00000000
10.86592315 -31.46455810 -5.00000000
11.15889485 -31.12394741 -5.00000000
11.51771406 -30.80570325 -5.00000000
11.93317415 -30.52716345 -5.00000000
12.39166509 -30.30247788 -5.00000000
12.87621737 -30.14152251 -5.00000000
13.36780386 -30.04914159 -5.00000000
13.84679957 -30.02477607 -5.00000000
14.29448743 -30.06250707 -5.00000000
14.69449430 -30.15151069 -5.00000000
15.03404697 -30.27688957 -5.00000000
15.30495193 -30.42081712 -5.00000000
15.50422333 -30.56390670 -5.00000000
15.63431123 -30.68670058 -5.00000000
15.70291245 -30.77116438 -5.00000000
15.72237863 -30.80207219 -5.00000000
15.85902807 -30.91187541 -5.00000000
16.31240134 -30.96620032 -5.00000000
16.80947503 -30.69921089 -5.00000000
17.01453245 -30.29122808 -5.00000000
16.99844434 -30.11666866 -5.00000000
16.98342503 -30.08337234 -5.00000000
16.95088716 -29.97953810 -5.00000000
16.92034527 -29.80327582 -5.00000000
16.91108509 -29.55812695 -5.00000000
16.94068174 -29.25279324 -5.00000000
17.02364945 -28.90046918 -5.00000000
17.17032614 -28.51782956 -5.00000000
17.38607875 -28.12374979 -5.00000000
17.67089022 -27.73785732 -5.00000000
18.01935983 -27.37902527 -5.00000000
18.42111688 -27.06392399 -5.00000000
18.86161604 -26.80574181 -5.00000000
19.32325310 -26.61317305 -5.00000000
19.78671574 -26.48975117 -5.00000000
20.23246526 -26.43357811 -5.00000000
20.64223591 -26.43747069 -5.00000000
21.00043628 -26.48951277 -5.00000000
21.29534554 -26.57397084 -5.00000000
21.52001237 -26.67250272 -5.00000000
21.67278782 -26.76556647 -5.00000000
21.75745096 -26.83392153 -5.00000000
21.78291784 -26.86010669 -5.00000000
21.93941054 -26.93909943 -5.00000000
22.39417130 -26.89797561 -5.00000000
22.82487252 -26.53347310 -5.00000000
22.94062454 -26.09177186 -5.00000000
22.88859505 -25.92437189 -5.00000000
22.86698125 -25.89492586 -5.00000000
22.81356606 -25.80012566 -5.00000000
22.74704460 -25.63406514 -5.00000000
22.68701746 -25.39619867 -5.00000000
22.65248491 -25.09138374 -5.00000000
22.66038728 -24.72950885 -5.00000000
22.72430348 -24.32473502 -5.00000000
22.85340759 -23.89440935 -5.00000000
23.05176369 -23.45773392 -5.00000000
23.31801302 -23.03429231 -5.00000000
23.64547748 -22.64254676 -5.00000000
24.02267158 -22.29842155 -5.00000000
24.43418347 -22.01408114 -5.00000000
24.86185748 -21.79699702 -5.00000000
25.28618727 -21.64937494 -5.00000000
25.68781276 -21.56798635 -5.00000000
26.04900575 -21.54441714 -5.00000000
26.35503035 -21.56571452 -5.00000000
26.59527361 -21.61538238 -5.00000000
26.76405959 -21.67464866 -5.00000000
26.86108445 -21.72390755 -5.00000000
26.89143902 -21.74422564 -5.00000000
27.06093550 -21.78895553 -5.00000000
27.49720852 -21.65418028 -5.00000000
27.84271354 -21.20809521 -5.00000000
27.86410125 -20.75198001 -5.00000000
27.77840433 -20.59905567 -5.00000000
27.75114067 -20.57474686 -5.00000000
27.67918265 -20.49312392 -5.00000000
27.57958893 -20.34452281 -5.00000000
27.47141830 -20.12433464 -5.00000000
27.37426578 -19.83336037 -5.00000000
27.30675745 -19.47775031 -5.00000000
27.28511971 -19.06853284 -5.00000000
27.32193285 -18.62076856 -5.00000000
27.42516447 -18.15239499 -5.00000000
27.59755715 -17.68285024 -5.00000000
27.83641725 -17.23158158 -5.00000000
28.13382109 -16.81655328 -5.00000000
28.47722277 -16.45286825 -5.00000000
28.85041675 -16.15160952 -5.00000000
29.23478156 -15.91899021 -5.00000000
29.61070893 -15.75587752 -5.00000000
29.95910867 -15.65772711 -5.00000000
30.26287388 -15.61493300 -5.00000000
30.50819377 -15.61356611 -5.00000000
30.68561352 -15.63644470 -5.00000000
30.79075966 -15.66445456 -5.00000000
30.82467528 -15.67801758 -5.00000000
30.99976771 -15.68652972 -5.00000000
31.39848577 -15.46399337 -5.00000000
31.64369438 -14.95582180 -5.00000000
31.56978304 -14.50522705 -5.00000000
31.45416404 -14.37346187 -5.00000000
31.42244207 -14.35535270 -5.00000000
31.33508615 -14.29047432 -5.00000000
31.20677287 -14.16582721 -5.00000000
31.05518634 -13.97294061 -5.00000000
30.89965989 -13.70852397 -5.00000000
30.75969128 -13.37472063 -5.00000000
30.65344529 -12.97894427 -5.00000000
30.59635854 -12.53331084 -5.00000000
30.59995396 -12.05370929 -5.00000000
30.67095560 -11.55858277 -5.00000000
30.81077200 -11.06751361 -5.00000000
31.01538763 -10.59972093 -5.00000000
31.27567078 -10.17258607 -5.00000000
31.57807437 -9.80031917 -5.00000000
31.90567561 -9.49286921 -5.00000000
32.23947503 -9.25516123 -5.00000000
32.55985478 -9.08671926 -5.00000000
32.84808460 -8.98170397 -5.00000000
33.08775947 -8.92936208 -5.00000000
33.26605890 -8.91485308 -5.00000000
33.37473092 -8.92038975 -5.00000000
33.41072531 -8.92660492 -5.00000000
33.58376133 -8.89852729 -5.00000000
33.92749854 -8.59795575 -5.00000000
34.06169394 -8.04990721 -5.00000000
33.89571382 -7.62452607 -5.00000000
33.75522584 -7.51967881 -5.00000000
33.72043197 -7.50856074 -5.00000000
33.62149601 -7.46326243 -5.00000000
33.47007110 -7.36801698 -5.00000000
33.28169372 -7.21086203 -5.00000000
33.07459058 -6.98455930 -5.00000000
32.86827901 -6.68715147 -5.00000000
32.68206821 -6.32211356 -5.00000000
32.53357654 -5.89808729 -5.00000000
32.43737863 -5.42821866 -5.00000000
32.40388612 -4.92914976 -5.00000000
32.43854818 -4.41974218 -5.00000000
32.54143289 -3.91962991 -5.00000000
32.70722190 -3.44771306 -5.00000000
32.92561861 -3.02070785 -5.00000000
33.18213854 -2.65186428 -5.00000000
33.45922137 -2.34994999 -5.00000000
33.73757900 -2.11857818 -5.00000000
33.99767640 -1.95593138 -5.00000000
34.22123130 -1.85490208 -5.00000000
34.39261788 -1.80363960 -5.00000000
34.50006629 -1.78646109 -5.00000000
34.53656632 -1.78505680 -5.00000000
