6.83398712 1.06538899 5.00000000
6.87490172 1.07694198 5.00000000
6.98968891 1.13040400 5.00000000
7.16000248 1.25010625 5.00000000
7.36059637 1.45323418 5.00000000
7.56195766 1.74799970 5.00000000
7.73338421 2.13274585 5.00000000
7.84618754 2.59607689 5.00000000
7.87668807 3.11800043 5.00000000
7.80869172 3.67196296 5.00000000
7.63519075 4.22756754 5.00000000
7.35911186 4.75369139 5.00000000
6.99303418 5.22167962 5.00000000
6.55790617 5.60828362 5.00000000
6.08089470 5.89803877 5.00000000
5.59258975 6.08483476 5.00000000
5.12385492 6.17251545 5.00000000
4.70265076 6.17444591 5.00000000
4.35116102 6.11209181 5.00000000
4.08351986 6.01275866 5.00000000
3.90437646 5.90672572 5.00000000
3.80844569 5.82407238 5.00000000
3.78109163 5.79152655 5.00000000
3.64228519 5.69578318 5.00000000
3.20450258 5.65619482 5.00000000
2.72110948 5.90397661 5.00000000
2.49765109 6.28250957 5.00000000
2.49433963 6.45110095 5.00000000
2.50479175 6.49231053 5.00000000
2.51588588 6.61845016 5.00000000
2.49737747 6.82579716 5.00000000
2.42176047 7.10108053 5.00000000
2.26716668 7.42284728 5.00000000
2.01968002 7.76368011 5.00000000
1.67482523 8.09303618 5.00000000
1.23807645 8.38041218 5.00000000
0.72433265 8.59850688 5.00000000
0.15641448 8.72605292 5.00000000
-0.43726157 8.75002351 5.00000000
-1.02559011 8.66698506 5.00000000
-1.57796300 8.48345515 5.00000000
-2.06740405 8.21522867 5.00000000
-2.47332661 7.88574218 5.00000000
-2.78362773 7.52364625 5.00000000
-2.99590163 7.15983798 5.00000000
-3.11764627 6.82426188 5.00000000
-3.16544182 6.54281127 5.00000000
-3.16318629 6.33465206 5.00000000
-3.13957179 6.21024691 5.00000000
-3.12506330 6.17028468 5.00000000
-3.11155033 6.00220309 5.00000000
-3.29615711 5.60327805 5.00000000
-3.75243899 5.30853824 5.00000000
-4.19198734 5.30428408 5.00000000
-4.33964749 5.38571196 5.00000000
-4.37010997 5.41536855 5.00000000
-4.47380304 5.48804616 5.00000000
-4.66262501 5.57569091 5.00000000
-4.93883590 5.64784636 5.00000000
-5.29479097 5.67484758 5.00000000
-5.71370419 5.63093426 5.00000000
-6.17136231 5.49695929 5.00000000
-6.63861162 5.26241175 5.00000000
-7.08435907 4.92654392 5.00000000
-7.47877626 4.49848538 5.00000000
-7.79637343 3.99633212 5.00000000
-8.01862429 3.44530544 5.00000000
-8.13586917 2.87517153 5.00000000
-8.14829875 2.31718990 5.00000000
-8.06591636 1.80090742 5.00000000
-7.90748264 1.35113080 5.00000000
-7.69855240 0.98539207 5.00000000
-7.46880729 0.71217007 5.00000000
-7.24896168 0.53005260 5.00000000
-7.06756276 0.42792634 5.00000000
-6.94801748 0.38617453 5.00000000
-6.90615493 0.37875813 5.00000000
-6.75383552 0.30641991 5.00000000
-6.50065970 -0.05291677 5.00000000
-6.47354847 -0.59543837 5.00000000
-6.68963843 -0.97822549 5.00000000
-6.83398712 -1.06538899 5.00000000
-6.87490172 -1.07694198 5.00000000
-6.98968891 -1.13040400 5.00000000
-7.16000248 -1.25010625 5.00000000
-7.36059637 -1.45323418 5.00000000
-7.56195766 -1.74799970 5.00000000
-7.73338421 -2.13274585 5.00000000
-7.84618754 -2.59607689 5.00000000
-7.87668807 -3.11800043 5.00000000
-7.80869172 -3.67196296 5.00000000
-7.63519075 -4.22756754 5.00000000
-7.35911186 -4.75369139 5.00000000
-6.99303418 -5.22167962 5.00000000
-6.55790617 -5.60828362 5.00000000
-6.08089470 -5.89803877 5.00000000
-5.59258975 -6.08483476 5.00000000
-5.12385492 -6.17251545 5.00000000
-4.70265076 -6.17444591 5.00000000
-4.35116102 -6.11209181 5.00000000
-4.08351986 -6.01275866 5.00000000
-3.90437646 -5.90672572 5.00000000
-3.80844569 -5.82407238 5.00000000
-3.78109163 -5.79152655 5.00000000
-3.64228519 -5.69578318 5.00000000
-3.20450258 -5.65619482 5.00000000
-2.72110948 -5.90397661 5.00000000
-2.49765109 -6.28250957 5.00000000
-2.49433963 -6.45110095 5.00000000
-2.50479175 -6.49231053 5.00000000
-2.51588588 -6.61845016 5.00000000
-2.49737747 -6.82579716 5.00000000
-2.42176047 -7.10108053 5.00000000
-2.26716668 -7.42284728 5.00000000
-2.01968002 -7.76368011 5.00000000
-1.67482523 -8.09303618 5.00000000
-1.23807645 -8.38041218 5.00000000
-0.72433265 -8.59850688 5.00000000
-0.15641448 -8.72605292 5.00000000
0.43726157 -8.75002351 5.00000000
1.02559011 -8.66698506 5.00000000
1.57796300 -8.48345515 5.00000000
2.06740405 -8.21522867 5.00000000
2.47332661 -7.88574218 5.00000000
2.78362773 -7.52364625 5.00000000
2.99590163 -7.15983798 5.00000000
3.11764627 -6.82426188 5.00000000
3.16544182 -6.54281127 5.00000000
3.16318629 -6.33465206 5.00000000
3.13957179 -6.21024691 5.00000000
3.12506330 -6.17028468 5.00000000
3.11155033 -6.00220309 5.00000000
3.29615711 -5.60327805 5.00000000
3.75243899 -5.30853824 5.00000000
4.19198734 -5.30428408 5.00000000
4.33964749 -5.38571196 5.00000000
4.37010997 -5.41536855 5.00000000
4.47380304 -5.48804616 5.00000000
4.66262501 -5.57569091 5.00000000
4.93883590 -5.64784636 5.00000000
5.29479097 -5.67484758 5.00000000
5.71370419 -5.63093426 5.00000000
6.17136231 -5.49695929 5.00000000
6.63861162 -5.26241175 5.00000000
7.08435907 -4.92654392 5.00000000
7.47877626 -4.49848538 5.00000000
7.79637343 -3.99633212 5.00000000
8.01862429 -3.44530544 5.00000000
8.13586917 -2.87517153 5.00000000
8.14829875 -2.31718990 5.00000000
8.06591636 -1.80090742 5.00000000
7.90748264 -1.35113080 5.00000000
7.69855240 -0.98539207 5.00000000
7.46880729 -0.71217007 5.00000000
7.24896168 -0.53005260 5.00000000
7.06756276 -0.42792634 5.00000000
6.94801748 -0.38617453 5.00000000
6.90615493 -0.37875813 5.00000000
6.75383552 -0.30641991 5.00000000
6.50065970 0.05291677 5.00000000
6.47354847 0.59543837 5.00000000
6.68963843 0.97822549 5.00000000
6.83398712 1.06538899 5.00000000
