34.69754380 -2.17029529 -5.00000000
34.95269840 -1.81903127 -5.00000000
34.73538487 -1.44317875 -5.00000000
34.70254442 -1.43988462 -5.00000000
34.60604758 -1.42044250 -5.00000000
34.45147241 -1.37134423 -5.00000000
34.24749881 -1.28081618 -5.00000000
34.00540212 -1.13951197 -5.00000000
33.73839531 -0.94106354 -5.00000000
33.46085832 -0.68245843 -5.00000000
33.18749931 -0.36422116 -5.00000000
32.93249688 0.00961169 -5.00000000
32.70867338 0.43172153 -5.00000000
32.52674738 0.89192919 -5.00000000
32.39470908 1.37778343 -5.00000000
32.31735502 1.87528197 -5.00000000
32.29600931 2.36968315 -5.00000000
32.32844758 2.84636064 -5.00000000
32.40902810 3.29165158 -5.00000000
32.52902251 3.69364841 -5.00000000
32.67712669 4.04288835 -5.00000000
32.84012213 4.33290024 -5.00000000
33.00364910 4.56057681 -5.00000000
33.15304649 4.72635068 -5.00000000
33.27420939 4.83416383 -5.00000000
33.35441429 4.89123232 -5.00000000
33.38306376 4.90761994 -5.00000000
33.42840211 5.33940081 -5.00000000
33.05227682 5.55624188 -5.00000000
33.02218909 5.54267445 -5.00000000
32.92889931 5.51126340 -5.00000000
32.77048415 5.47649616 -5.00000000
32.54857381 5.45290895 -5.00000000
32.26825982 5.45423364 -5.00000000
31.93780093 5.49259162 -5.00000000
31.56814429 5.57778173 -5.00000000
31.17228980 5.71670377 -5.00000000
30.76453480 5.91295131 -5.00000000
30.35964304 6.16659740 -5.00000000
29.97198667 6.47418593 -5.00000000
29.61471103 6.82892889 -5.00000000
29.29897118 7.22109824 -5.00000000
29.03328467 7.63858936 -5.00000000
28.82303828 8.06762331 -5.00000000
28.67017759 8.49354684 -5.00000000
28.57309738 8.90168351 -5.00000000
28.52673939 9.27818626 -5.00000000
28.52289164 9.61084165 -5.00000000
28.55067187 9.88977883 -5.00000000
28.59716687 10.10804190 -5.00000000
28.64819044 10.26199228 -5.00000000
28.68911567 10.35151749 -5.00000000
28.70573303 10.38003432 -5.00000000
28.52910677 10.77663670 -5.00000000
28.09495217 10.77636392 -5.00000000
28.07567915 10.74957033 -5.00000000
28.01059336 10.67572267 -5.00000000
27.89078542 10.56640578 -5.00000000
27.71039903 10.43502348 -5.00000000
27.46697765 10.29601370 -5.00000000
27.16161287 10.16400324 -5.00000000
26.79888577 10.05295172 -5.00000000
26.38660471 9.97533450 -5.00000000
25.93535475 9.94141234 -5.00000000
25.45788515 9.95863043 -5.00000000
24.96837063 10.03118172 -5.00000000
24.48158937 10.15976031 -5.00000000
24.01206596 10.34151900 -5.00000000
23.57322913 10.57023367 -5.00000000
23.17663345 10.83666478 -5.00000000
22.83129044 11.12909503 -5.00000000
22.54314818 11.43401165 -5.00000000
22.31474960 11.73689360 -5.00000000
22.14508966 12.02305774 -5.00000000
22.02967945 12.27851454 -5.00000000
21.96081377 12.49078341 -5.00000000
21.92802629 12.64962013 -5.00000000
21.91870598 12.74761385 -5.00000000
21.91883861 12.78061883 -5.00000000
21.56757459 13.03577343 -5.00000000
21.19172207 12.81845991 -5.00000000
21.18842794 12.78561946 -5.00000000
21.16898582 12.68912261 -5.00000000
21.11988755 12.53454744 -5.00000000
21.02935950 12.33057384 -5.00000000
20.88805529 12.08847715 -5.00000000
20.68960686 11.82147034 -5.00000000
20.43100175 11.54393336 -5.00000000
20.11276448 11.27057434 -5.00000000
19.73893163 11.01557191 -5.00000000
19.31682179 10.79174841 -5.00000000
18.85661413 10.60982241 -5.00000000
18.37075989 10.47778411 -5.00000000
17.87326135 10.40043005 -5.00000000
17.37886018 10.37908435 -5.00000000
16.90218268 10.41152261 -5.00000000
16.45689174 10.49210314 -5.00000000
16.05489491 10.61209754 -5.00000000
15.70565497 10.76020172 -5.00000000
15.41564308 10.92319717 -5.00000000
15.18796651 11.08672414 -5.00000000
15.02219264 11.23612153 -5.00000000
14.91437949 11.35728442 -5.00000000
14.85731100 11.43748932 -5.00000000
14.84092338 11.46613879 -5.00000000
14.40914251 11.51147714 -5.00000000
14.19230145 11.13535185 -5.00000000
14.20586887 11.10526412 -5.00000000
14.23727992 11.01197434 -5.00000000
14.27204716 10.85355918 -5.00000000
14.29563437 10.63164884 -5.00000000
14.29430968 10.35133485 -5.00000000
14.25595170 10.02087596 -5.00000000
14.17076159 9.65121932 -5.00000000
14.03183955 9.25536484 -5.00000000
13.83559201 8.84760983 -5.00000000
13.58194592 8.44271807 -5.00000000
13.27435739 8.05506170 -5.00000000
12.91961443 7.69778606 -5.00000000
12.52744508 7.38204621 -5.00000000
12.10995396 7.11635970 -5.00000000
11.68092001 6.90611332 -5.00000000
11.25499648 6.75325263 -5.00000000
10.84685981 6.65617241 -5.00000000
10.47035706 6.60981442 -5.00000000
10.13770167 6.60596667 -5.00000000
9.85876449 6.63374690 -5.00000000
9.64050142 6.68024190 -5.00000000
9.48655104 6.73126547 -5.00000000
9.39702583 6.77219071 -5.00000000
9.36850900 6.78880806 -5.00000000
8.97190662 6.61218180 -5.00000000
8.97217940 6.17802721 -5.00000000
8.99897299 6.15875418 -5.00000000
9.07282065 6.09366839 -5.00000000
9.18213755 5.97386046 -5.00000000
9.31351984 5.79347407 -5.00000000
9.45252962 5.55005268 -5.00000000
9.58454008 5.24468790 -5.00000000
9.69559160 4.88196081 -5.00000000
9.77320882 4.46967974 -5.00000000
9.80713098 4.01842978 -5.00000000
9.78991289 3.54096019 -5.00000000
9.71736160 3.05144566 -5.00000000
9.58878301 2.56466440 -5.00000000
9.40702432 2.09514099 -5.00000000
9.17830965 1.65630416 -5.00000000
8.91187854 1.25970848 -5.00000000
8.61944829 0.91436547 -5.00000000
8.31453167 0.62622321 -5.00000000
8.01164972 0.39782464 -5.00000000
7.72548558 0.22816469 -5.00000000
7.47002878 0.11275449 -5.00000000
7.25775992 0.04388880 -5.00000000
7.09892319 0.01110132 -5.00000000
7.00092947 0.00178101 -5.00000000
6.96792449 0.00191365 -5.00000000
6.71276989 -0.34935038 -5.00000000
6.93008342 -0.72520289 -5.00000000
6.96292386 -0.72849703 -5.00000000
7.05942071 -0.74793915 -5.00000000
7.21399588 -0.79703741 -5.00000000
7.41796948 -0.88756546 -5.00000000
7.66006617 -1.02886967 -5.00000000
7.92707298 -1.22731810 -5.00000000
8.20460996 -1.48592322 -5.00000000
8.47796898 -1.80416048 -5.00000000
8.73297141 -2.17799334 -5.00000000
8.95679491 -2.60010318 -5.00000000
9.13872091 -3.06031084 -5.00000000
9.27075921 -3.54616507 -5.00000000
9.34811327 -4.04366362 -5.00000000
9.36945897 -4.53806479 -5.00000000
9.33702071 -5.01474229 -5.00000000
9.25644018 -5.46003323 -5.00000000
9.13644578 -5.86203006 -5.00000000
8.98834160 -6.21127000 -5.00000000
8.82534616 -6.50128189 -5.00000000
8.66181918 -6.72895846 -5.00000000
8.51242179 -6.89473233 -5.00000000
8.39125890 -7.00254548 -5.00000000
8.31105400 -7.05961397 -5.00000000
8.28240453 -7.07600159 -5.00000000
8.23706618 -7.50778246 -5.00000000
8.61319147 -7.72462352 -5.00000000
8.64327920 -7.71105610 -5.00000000
8.73656898 -7.67964505 -5.00000000
8.89498414 -7.64487781 -5.00000000
9.11689448 -7.62129060 -5.00000000
9.39720847 -7.62261529 -5.00000000
9.72766736 -7.66097327 -5.00000000
10.09732400 -7.74616337 -5.00000000
10.49317848 -7.88508542 -5.00000000
10.90093349 -8.08133296 -5.00000000
11.30582525 -8.33497905 -5.00000000
11.69348162 -8.64256757 -5.00000000
12.05075726 -8.99731053 -5.00000000
12.36649711 -9.38947988 -5.00000000
12.63218362 -9.80697101 -5.00000000
12.84243000 -10.23600496 -5.00000000
12.99529070 -10.66192849 -5.00000000
13.09237091 -11.07006516 -5.00000000
13.13872890 -11.44656791 -5.00000000
13.14257665 -11.77922330 -5.00000000
13.11479642 -12.05816047 -5.00000000
13.06830142 -12.27642355 -5.00000000
13.01727785 -12.43037393 -5.00000000
12.97635261 -12.51989913 -5.00000000
12.95973526 -12.54841597 -5.00000000
13.13636152 -12.94501834 -5.00000000
13.57051611 -12.94474557 -5.00000000
13.58978914 -12.91795197 -5.00000000
13.65487493 -12.84410431 -5.00000000
13.77468287 -12.73478742 -5.00000000
13.95506925 -12.60340513 -5.00000000
14.19849064 -12.46439535 -5.00000000
14.50385542 -12.33238489 -5.00000000
14.86658251 -12.22133336 -5.00000000
15.27886358 -12.14371614 -5.00000000
15.73011354 -12.10979399 -5.00000000
16.20758313 -12.12701207 -5.00000000
16.69709766 -12.19956337 -5.00000000
17.18387892 -12.32814196 -5.00000000
17.65340233 -12.50990065 -5.00000000
18.09223916 -12.73861532 -5.00000000
18.48883484 -13.00504643 -5.00000000
18.83417785 -13.29747668 -5.00000000
19.12232011 -13.60239329 -5.00000000
19.35071868 -13.90527525 -5.00000000
19.52037863 -14.19143939 -5.00000000
19.63578883 -14.44689618 -5.00000000
19.70465452 -14.65916505 -5.00000000
19.73744200 -14.81800178 -5.00000000
19.74676231 -14.91599550 -5.00000000
19.74662968 -14.94900048 -5.00000000
20.09789370 -15.20415508 -5.00000000
20.47374622 -14.98684155 -5.00000000
20.47704035 -14.95400110 -5.00000000
20.49648247 -14.85750426 -5.00000000
20.54558073 -14.70292909 -5.00000000
20.63610878 -14.49895549 -5.00000000
20.77741300 -14.25685880 -5.00000000
20.97586142 -13.98985199 -5.00000000
21.23446654 -13.71231500 -5.00000000
21.55270380 -13.43895599 -5.00000000
21.92653666 -13.18395356 -5.00000000
22.34864650 -12.96013006 -5.00000000
22.80885416 -12.77820406 -5.00000000
23.29470839 -12.64616576 -5.00000000
23.79220694 -12.56881170 -5.00000000
24.28660811 -12.54746599 -5.00000000
24.76328561 -12.57990426 -5.00000000
25.20857655 -12.66048478 -5.00000000
25.61057338 -12.78047919 -5.00000000
25.95981332 -12.92858337 -5.00000000
26.24982521 -13.09157881 -5.00000000
26.47750178 -13.25510578 -5.00000000
26.64327565 -13.40450317 -5.00000000
26.75108880 -13.52566607 -5.00000000
26.80815729 -13.60587096 -5.00000000
26.82454491 -13.63452044 -5.00000000
27.25632578 -13.67985879 -5.00000000
27.47316684 -13.30373350 -5.00000000
27.45959942 -13.27364577 -5.00000000
27.42818837 -13.18035599 -5.00000000
27.39342113 -13.02194083 -5.00000000
27.36983392 -12.80003049 -5.00000000
27.37115861 -12.51971650 -5.00000000
27.40951659 -12.18925761 -5.00000000
27.49470669 -11.81960097 -5.00000000
27.63362874 -11.42374648 -5.00000000
27.82987628 -11.01599147 -5.00000000
28.08352237 -10.61109972 -5.00000000
28.39111090 -10.22344335 -5.00000000
28.74585385 -9.86616771 -5.00000000
29.13802320 -9.55042786 -5.00000000
29.55551433 -9.28474135 -5.00000000
29.98454828 -9.07449496 -5.00000000
30.41047181 -8.92163427 -5.00000000
30.81860848 -8.82455406 -5.00000000
31.19511123 -8.77819607 -5.00000000
31.52776662 -8.77434832 -5.00000000
31.80670379 -8.80212855 -5.00000000
32.02496687 -8.84862355 -5.00000000
32.17891725 -8.89964712 -5.00000000
32.26844245 -8.94057235 -5.00000000
32.29695929 -8.95718971 -5.00000000
32.69356166 -8.78056344 -5.00000000
32.69328889 -8.34640885 -5.00000000
32.66649530 -8.32713583 -5.00000000
32.59264763 -8.26205003 -5.00000000
32.48333074 -8.14224210 -5.00000000
32.35194845 -7.96185571 -5.00000000
32.21293867 -7.71843433 -5.00000000
32.08092821 -7.41306955 -5.00000000
31.96987668 -7.05034245 -5.00000000
31.89225946 -6.63806139 -5.00000000
31.85833731 -6.18681143 -5.00000000
31.87555539 -5.70934183 -5.00000000
31.94810669 -5.21982731 -5.00000000
32.07668528 -4.73304605 -5.00000000
32.25844397 -4.26352264 -5.00000000
32.48715864 -3.82468581 -5.00000000
32.75358975 -3.42809012 -5.00000000
33.04602000 -3.08274712 -5.00000000
33.35093661 -2.79460486 -5.00000000
33.65381857 -2.56620628 -5.00000000
33.93998271 -2.39654634 -5.00000000
34.19543950 -2.28113613 -5.00000000
34.40770837 -2.21227045 -5.00000000
34.56654510 -2.17948297 -5.00000000
34.66453882 -2.17016265 -5.00000000
34.69754380 -2.17029529 -5.00000000
