34.76344624 -0.36405027 0.00000000
35.00000000 0.00000000 0.00000000
34.76344624 0.36405027 0.00000000
34.73047897 0.36563316 0.00000000
34.63310209 0.38003384 0.00000000
34.47618407 0.42103212 0.00000000
34.26778119 0.50083684 0.00000000
34.01866777 0.62936776 0.00000000
33.74170799 0.81367103 0.00000000
33.45110578 1.05750240 0.00000000
33.16157667 1.36110247 0.00000000
32.88748991 1.72117704 0.00000000
32.64203088 2.13108378 0.00000000
32.43643268 2.58121436 0.00000000
32.27932185 3.05954964 0.00000000
32.17621618 3.55235556 0.00000000
32.12920415 4.04497917 0.00000000
32.13682454 4.52269834 0.00000000
32.19415336 4.97157544 0.00000000
32.29309288 5.37926537 0.00000000
32.42284609 5.73573064 0.00000000
32.57054866 6.03382184 0.00000000
32.72202175 6.26968959 0.00000000
32.86260158 6.44300395 0.00000000
32.97799743 6.55696851 0.00000000
33.05512795 6.61812830 0.00000000
33.08288700 6.63598276 0.00000000
33.10572342 7.06953642 0.00000000
32.71883672 7.26653633 0.00000000
32.68949479 7.25142352 0.00000000
32.59796359 7.21520643 0.00000000
32.44156946 7.17225297 0.00000000
32.22118491 7.13716445 0.00000000
31.94118090 7.12391878 0.00000000
31.60917507 7.14505020 0.00000000
31.23559048 7.21091326 0.00000000
30.83305088 7.32907408 0.00000000
30.41564751 7.50386442 0.00000000
29.99812037 7.73612455 0.00000000
29.59500182 8.02314997 0.00000000
29.21977221 8.35884506 0.00000000
28.88407713 8.73407467 0.00000000
28.59705170 9.13719322 0.00000000
28.36479157 9.55472035 0.00000000
28.19000123 9.97212373 0.00000000
28.07184041 10.37466333 0.00000000
28.00597735 10.74824792 0.00000000
27.98484593 11.08025375 0.00000000
27.99809160 11.36025776 0.00000000
28.03318012 11.58064231 0.00000000
28.07613358 11.73703644 0.00000000
28.11235067 11.82856763 0.00000000
28.12746348 11.85790957 0.00000000
27.93046358 12.24479627 0.00000000
27.49690991 12.22195984 0.00000000
27.47905546 12.19420080 0.00000000
27.41789566 12.11707028 0.00000000
27.30393110 12.00167443 0.00000000
27.13061674 11.86109460 0.00000000
26.89474899 11.70962151 0.00000000
26.59665779 11.56191894 0.00000000
26.24019252 11.43216573 0.00000000
25.83250259 11.33322620 0.00000000
25.38362550 11.27589739 0.00000000
24.90590633 11.26827700 0.00000000
24.41328271 11.31528903 0.00000000
23.92047679 11.41839470 0.00000000
23.44214151 11.57550553 0.00000000
22.99201093 11.78110372 0.00000000
22.58210419 12.02656276 0.00000000
22.22202963 12.30064952 0.00000000
21.91842955 12.59017863 0.00000000
21.67459818 12.88078084 0.00000000
21.49029491 13.15774062 0.00000000
21.36176400 13.40685403 0.00000000
21.28195927 13.61525692 0.00000000
21.24096099 13.77217493 0.00000000
21.22656031 13.86955182 0.00000000
21.22497743 13.90251909 0.00000000
20.86092715 14.13907285 0.00000000
20.49687688 13.90251909 0.00000000
20.49529399 13.86955182 0.00000000
20.48089331 13.77217493 0.00000000
20.43989503 13.61525692 0.00000000
20.36009031 13.40685403 0.00000000
20.23155939 13.15774062 0.00000000
20.04725613 12.88078084 0.00000000
19.80342475 12.59017863 0.00000000
19.49982468 12.30064952 0.00000000
19.13975012 12.02656276 0.00000000
18.72984338 11.78110372 0.00000000
18.27971279 11.57550553 0.00000000
17.80137751 11.41839470 0.00000000
17.30857160 11.31528903 0.00000000
16.81594798 11.26827700 0.00000000
16.33822881 11.27589739 0.00000000
15.88935171 11.33322620 0.00000000
15.48166178 11.43216573 0.00000000
15.12519651 11.56191894 0.00000000
14.82710531 11.70962151 0.00000000
14.59123756 11.86109460 0.00000000
14.41792321 12.00167443 0.00000000
14.30395864 12.11707028 0.00000000
14.24279885 12.19420080 0.00000000
14.22494439 12.22195984 0.00000000
13.79139073 12.24479627 0.00000000
13.59439082 11.85790957 0.00000000
13.60950364 11.82856763 0.00000000
13.64572073 11.73703644 0.00000000
13.68867418 11.58064231 0.00000000
13.72376271 11.36025776 0.00000000
13.73700838 11.08025375 0.00000000
13.71587695 10.74824792 0.00000000
13.65001389 10.37466333 0.00000000
13.53185307 9.97212373 0.00000000
13.35706273 9.55472035 0.00000000
13.12480260 9.13719322 0.00000000
12.83777718 8.73407467 0.00000000
12.50208209 8.35884506 0.00000000
12.12685248 8.02314997 0.00000000
11.72373393 7.73612455 0.00000000
11.30620680 7.50386442 0.00000000
10.88880342 7.32907408 0.00000000
10.48626382 7.21091326 0.00000000
10.11267924 7.14505020 0.00000000
9.78067340 7.12391878 0.00000000
9.50066940 7.13716445 0.00000000
9.28028484 7.17225297 0.00000000
9.12389071 7.21520643 0.00000000
9.03235952 7.25142352 0.00000000
9.00301758 7.26653633 0.00000000
8.61613088 7.06953642 0.00000000
8.63896731 6.63598276 0.00000000
8.66672636 6.61812830 0.00000000
8.74385687 6.55696851 0.00000000
8.85925272 6.44300395 0.00000000
8.99983255 6.26968959 0.00000000
9.15130564 6.03382184 0.00000000
9.29900821 5.73573064 0.00000000
9.42876142 5.37926537 0.00000000
9.52770095 4.97157544 0.00000000
9.58502976 4.52269834 0.00000000
9.59265015 4.04497917 0.00000000
9.54563812 3.55235556 0.00000000
9.44253245 3.05954964 0.00000000
9.28542162 2.58121436 0.00000000
9.07982343 2.13108378 0.00000000
8.83436439 1.72117704 0.00000000
8.56027763 1.36110247 0.00000000
8.27074852 1.05750240 0.00000000
7.98014631 0.81367103 0.00000000
7.70318653 0.62936776 0.00000000
7.45407312 0.50083684 0.00000000
7.24567024 0.42103212 0.00000000
7.08875222 0.38003384 0.00000000
6.99137533 0.36563316 0.00000000
6.95840806 0.36405027 0.00000000
6.72185430 0.00000000 0.00000000
6.95840806 -0.36405027 0.00000000
6.99137533 -0.36563316 0.00000000
7.08875222 -0.38003384 0.00000000
7.24567024 -0.42103212 0.00000000
7.45407312 -0.50083684 0.00000000
7.70318653 -0.62936776 0.00000000
7.98014631 -0.81367103 0.00000000
8.27074852 -1.05750240 0.00000000
8.56027763 -1.36110247 0.00000000
8.83436439 -1.72117704 0.00000000
9.07982343 -2.13108378 0.00000000
9.28542162 -2.58121436 0.00000000
9.44253245 -3.05954964 0.00000000
9.54563812 -3.55235556 0.00000000
9.59265015 -4.04497917 0.00000000
9.58502976 -4.52269834 0.00000000
9.52770095 -4.97157544 0.00000000
9.42876142 -5.37926537 0.00000000
9.29900821 -5.73573064 0.00000000
9.15130564 -6.03382184 0.00000000
8.99983255 -6.26968959 0.00000000
8.85925272 -6.44300395 0.00000000
8.74385687 -6.55696851 0.00000000
8.66672636 -6.61812830 0.00000000
8.63896731 -6.63598276 0.00000000
8.61613088 -7.06953642 0.00000000
9.00301758 -7.26653633 0.00000000
9.03235952 -7.25142352 0.00000000
9.12389071 -7.21520643 0.00000000
9.28028484 -7.17225297 0.00000000
9.50066940 -7.13716445 0.00000000
9.78067340 -7.12391878 0.00000000
10.11267924 -7.14505020 0.00000000
10.48626382 -7.21091326 0.00000000
10.88880342 -7.32907408 0.00000000
11.30620680 -7.50386442 0.00000000
11.72373393 -7.73612455 0.00000000
12.12685248 -8.02314997 0.00000000
12.50208209 -8.35884506 0.00000000
12.83777718 -8.73407467 0.00000000
13.12480260 -9.13719322 0.00000000
13.35706273 -9.55472035 0.00000000
13.53185307 -9.97212373 0.00000000
13.65001389 -10.37466333 0.00000000
13.71587695 -10.74824792 0.00000000
13.73700838 -11.08025375 0.00000000
13.72376271 -11.36025776 0.00000000
13.68867418 -11.58064231 0.00000000
13.64572073 -11.73703644 0.00000000
13.60950364 -11.82856763 0.00000000
13.59439082 -11.85790957 0.00000000
13.79139073 -12.24479627 0.00000000
14.22494439 -12.22195984 0.00000000
14.24279885 -12.19420080 0.00000000
14.30395864 -12.11707028 0.00000000
14.41792321 -12.00167443 0.00000000
14.59123756 -11.86109460 0.00000000
14.82710531 -11.70962151 0.00000000
15.12519651 -11.56191894 0.00000000
15.48166178 -11.43216573 0.00000000
15.88935171 -11.33322620 0.00000000
16.33822881 -11.27589739 0.00000000
16.81594798 -11.26827700 0.00000000
17.30857160 -11.31528903 0.00000000
17.80137751 -11.41839470 0.00000000
18.27971279 -11.57550553 0.00000000
18.72984338 -11.78110372 0.00000000
19.13975012 -12.02656276 0.00000000
19.49982468 -12.30064952 0.00000000
19.80342475 -12.59017863 0.00000000
20.04725613 -12.88078084 0.00000000
20.23155939 -13.15774062 0.00000000
20.36009031 -13.40685403 0.00000000
20.43989503 -13.61525692 0.00000000
20.48089331 -13.77217493 0.00000000
20.49529399 -13.86955182 0.00000000
20.49687688 -13.90251909 0.00000000
20.86092715 -14.13907285 0.00000000
21.22497743 -13.90251909 0.00000000
21.22656031 -13.86955182 0.00000000
21.24096099 -13.77217493 0.00000000
21.28195927 -13.61525692 0.00000000
21.36176400 -13.40685403 0.00000000
21.49029491 -13.15774062 0.00000000
21.67459818 -12.88078084 0.00000000
21.91842955 -12.59017863 0.00000000
22.22202963 -12.30064952 0.00000000
22.58210419 -12.02656276 0.00000000
22.99201093 -11.78110372 0.00000000
23.44214151 -11.57550553 0.00000000
23.92047679 -11.41839470 0.00000000
24.41328271 -11.31528903 0.00000000
24.90590633 -11.26827700 0.00000000
25.38362550 -11.27589739 0.00000000
25.83250259 -11.33322620 0.00000000
26.24019252 -11.43216573 0.00000000
26.59665779 -11.56191894 0.00000000
26.89474899 -11.70962151 0.00000000
27.13061674 -11.86109460 0.00000000
27.30393110 -12.00167443 0.00000000
27.41789566 -12.11707028 0.00000000
27.47905546 -12.19420080 0.00000000
27.49690991 -12.22195984 0.00000000
27.93046358 -12.24479627 0.00000000
28.12746348 -11.85790957 0.00000000
28.11235067 -11.82856763 0.00000000
28.07613358 -11.73703644 0.00000000
28.03318012 -11.58064231 0.00000000
27.99809160 -11.36025776 0.00000000
27.98484593 -11.08025375 0.00000000
28.00597735 -10.74824792 0.00000000
28.07184041 -10.37466333 0.00000000
28.19000123 -9.97212373 0.00000000
28.36479157 -9.55472035 0.00000000
28.59705170 -9.13719322 0.00000000
28.88407713 -8.73407467 0.00000000
29.21977221 -8.35884506 0.00000000
29.59500182 -8.02314997 0.00000000
29.99812037 -7.73612455 0.00000000
30.41564751 -7.50386442 0.00000000
30.83305088 -7.32907408 0.00000000
31.23559048 -7.21091326 0.00000000
31.60917507 -7.14505020 0.00000000
31.94118090 -7.12391878 0.00000000
32.22118491 -7.13716445 0.00000000
32.44156946 -7.17225297 0.00000000
32.59796359 -7.21520643 0.00000000
32.68949479 -7.25142352 0.00000000
32.71883672 -7.26653633 0.00000000
33.10572342 -7.06953642 0.00000000
33.08288700 -6.63598276 0.00000000
33.05512795 -6.61812830 0.00000000
32.97799743 -6.55696851 0.00000000
32.86260158 -6.44300395 0.00000000
32.72202175 -6.26968959 0.00000000
32.57054866 -6.03382184 0.00000000
32.42284609 -5.73573064 0.00000000
32.29309288 -5.37926537 0.00000000
32.19415336 -4.97157544 0.00000000
32.13682454 -4.52269834 0.00000000
32.12920415 -4.04497917 0.00000000
32.17621618 -3.55235556 0.00000000
32.27932185 -3.05954964 0.00000000
32.43643268 -2.58121436 0.00000000
32.64203088 -2.13108378 0.00000000
32.88748991 -1.72117704 0.00000000
33.16157667 -1.36110247 0.00000000
33.45110578 -1.05750240 0.00000000
33.74170799 -0.81367103 0.00000000
34.01866777 -0.62936776 0.00000000
34.26778119 -0.50083684 0.00000000
34.47618407 -0.42103212 0.00000000
34.63310209 -0.38003384 0.00000000
34.73047897 -0.36563316 0.00000000
34.76344624 -0.36405027 0.00000000
