-23.34223993 19.66987688 5.00000000
-23.59739453 19.31861286 5.00000000
-23.38008101 18.94276034 5.00000000
-23.34724056 18.93946621 5.00000000
-23.25074371 18.92002409 5.00000000
-23.09616854 18.87092582 5.00000000
-22.89219494 18.78039777 5.00000000
-22.65009825 18.63909356 5.00000000
-22.38309144 18.44064513 5.00000000
-22.10555446 18.18204001 5.00000000
-21.83219544 17.86380275 5.00000000
-21.57719301 17.48996989 5.00000000
-21.35336951 17.06786006 5.00000000
-21.17144351 16.60765240 5.00000000
-21.03940521 16.12179816 5.00000000
-20.96205115 15.62429962 5.00000000
-20.94070545 15.12989844 5.00000000
-20.97314371 14.65322095 5.00000000
-21.05372424 14.20793001 5.00000000
-21.17371864 13.80593318 5.00000000
-21.32182282 13.45669324 5.00000000
-21.48481827 13.16668134 5.00000000
-21.64834524 12.93900478 5.00000000
-21.79774263 12.77323091 5.00000000
-21.91890552 12.66541776 5.00000000
-21.99911042 12.60834927 5.00000000
-22.02775989 12.59196165 5.00000000
-22.07309824 12.16018078 5.00000000
-21.69697295 11.94333971 5.00000000
-21.66688522 11.95690713 5.00000000
-21.57359544 11.98831819 5.00000000
-21.41518028 12.02308543 5.00000000
-21.19326994 12.04667263 5.00000000
-20.91295595 12.04534794 5.00000000
-20.58249706 12.00698997 5.00000000
-20.21284042 11.92179986 5.00000000
-19.81698594 11.78287781 5.00000000
-19.40923093 11.58663028 5.00000000
-19.00433917 11.33298418 5.00000000
-18.61668280 11.02539566 5.00000000
-18.25940716 10.67065270 5.00000000
-17.94366731 10.27848335 5.00000000
-17.67798080 9.86099223 5.00000000
-17.46773442 9.43195827 5.00000000
-17.31487373 9.00603475 5.00000000
-17.21779351 8.59789808 5.00000000
-17.17143552 8.22139533 5.00000000
-17.16758777 7.88873994 5.00000000
-17.19536800 7.60980276 5.00000000
-17.24186300 7.39153968 5.00000000
-17.29288657 7.23758931 5.00000000
-17.33381181 7.14806410 5.00000000
-17.35042916 7.11954727 5.00000000
-17.17380290 6.72294489 5.00000000
-16.73964831 6.72321766 5.00000000
-16.72037528 6.75001126 5.00000000
-16.65528949 6.82385892 5.00000000
-16.53548156 6.93317581 5.00000000
-16.35509517 7.06455810 5.00000000
-16.11167378 7.20356789 5.00000000
-15.80630900 7.33557835 5.00000000
-15.44358191 7.44662987 5.00000000
-15.03130084 7.52424709 5.00000000
-14.58005088 7.55816924 5.00000000
-14.10258129 7.54095116 5.00000000
-13.61306676 7.46839987 5.00000000
-13.12628550 7.33982128 5.00000000
-12.65676209 7.15806258 5.00000000
-12.21792526 6.92934792 5.00000000
-11.82132958 6.66291681 5.00000000
-11.47598657 6.37048656 5.00000000
-11.18784431 6.06556994 5.00000000
-10.95944574 5.76268799 5.00000000
-10.78978579 5.47652385 5.00000000
-10.67437559 5.22106705 5.00000000
-10.60550990 5.00879818 5.00000000
-10.57272242 4.84996146 5.00000000
-10.56340211 4.75196774 5.00000000
-10.56353475 4.71896276 5.00000000
-10.21227072 4.46380816 5.00000000
-9.83641821 4.68112168 5.00000000
-9.83312407 4.71396213 5.00000000
-9.81368195 4.81045898 5.00000000
-9.76458369 4.96503415 5.00000000
-9.67405564 5.16900774 5.00000000
-9.53275142 5.41110444 5.00000000
-9.33430300 5.67811124 5.00000000
-9.07569788 5.95564823 5.00000000
-8.75746062 6.22900725 5.00000000
-8.38362776 6.48400967 5.00000000
-7.96151792 6.70783317 5.00000000
-7.50131026 6.88975917 5.00000000
-7.01545603 7.02179748 5.00000000
-6.51795748 7.09915153 5.00000000
-6.02355631 7.12049724 5.00000000
-5.54687881 7.08805897 5.00000000
-5.10158787 7.00747845 5.00000000
-4.69959104 6.88748405 5.00000000
-4.35035110 6.73937987 5.00000000
-4.06033921 6.57638442 5.00000000
-3.83266264 6.41285745 5.00000000
-3.66688877 6.26346006 5.00000000
-3.55907562 6.14229716 5.00000000
-3.50200713 6.06209227 5.00000000
-3.48561951 6.03344280 5.00000000
-3.05383864 5.98810444 5.00000000
-2.83699758 6.36422973 5.00000000
-2.85056500 6.39431746 5.00000000
-2.88197605 6.48760724 5.00000000
-2.91674329 6.64602240 5.00000000
-2.94033050 6.86793274 5.00000000
-2.93900581 7.14824674 5.00000000
-2.90064783 7.47870563 5.00000000
-2.81545773 7.84836227 5.00000000
-2.67653568 8.24421675 5.00000000
-2.48028814 8.65197176 5.00000000
-2.22664205 9.05686351 5.00000000
-1.91905352 9.44451988 5.00000000
-1.56431057 9.80179553 5.00000000
-1.17214122 10.11753538 5.00000000
-0.75465009 10.38322189 5.00000000
-0.32561614 10.59346827 5.00000000
0.10030739 10.74632896 5.00000000
0.50844406 10.84340917 5.00000000
0.88494681 10.88976716 5.00000000
1.21760220 10.89361491 5.00000000
1.49653937 10.86583469 5.00000000
1.71480245 10.81933968 5.00000000
1.86875283 10.76831611 5.00000000
1.95827803 10.72739088 5.00000000
1.98679487 10.71077352 5.00000000
2.38339724 10.88739979 5.00000000
2.38312447 11.32155438 5.00000000
2.35633087 11.34082741 5.00000000
2.28248321 11.40591320 5.00000000
2.17316632 11.52572113 5.00000000
2.04178403 11.70610752 5.00000000
1.90277425 11.94952890 5.00000000
1.77076379 12.25489369 5.00000000
1.65971226 12.61762078 5.00000000
1.58209504 13.02990184 5.00000000
1.54817289 13.48115181 5.00000000
1.56539097 13.95862140 5.00000000
1.63794227 14.44813593 5.00000000
1.76652086 14.93491719 5.00000000
1.94827955 15.40444059 5.00000000
2.17699422 15.84327742 5.00000000
2.44342533 16.23987311 5.00000000
2.73585558 16.58521611 5.00000000
3.04077219 16.87335838 5.00000000
3.34365415 17.10175695 5.00000000
3.62981829 17.27141689 5.00000000
3.88527508 17.38682710 5.00000000
4.09754395 17.45569279 5.00000000
4.25638068 17.48848027 5.00000000
4.35437440 17.49780058 5.00000000
4.38737938 17.49766794 5.00000000
4.64253398 17.84893196 5.00000000
4.42522045 18.22478448 5.00000000
4.39238000 18.22807862 5.00000000
4.29588316 18.24752073 5.00000000
4.14130799 18.29661900 5.00000000
3.93733439 18.38714705 5.00000000
3.69523770 18.52845126 5.00000000
3.42823089 18.72689969 5.00000000
3.15069390 18.98550481 5.00000000
2.87733489 19.30374207 5.00000000
2.62233246 19.67757493 5.00000000
2.39850896 20.09968476 5.00000000
2.21658296 20.55989243 5.00000000
2.08454466 21.04574666 5.00000000
2.00719060 21.54324520 5.00000000
1.98584489 22.03764638 5.00000000
2.01828316 22.51432387 5.00000000
2.09886368 22.95961481 5.00000000
2.21885809 23.36161164 5.00000000
2.36696227 23.71085159 5.00000000
2.52995771 24.00086348 5.00000000
2.69348468 24.22854005 5.00000000
2.84288207 24.39431391 5.00000000
2.96404497 24.50212707 5.00000000
3.04424987 24.55919555 5.00000000
3.07289934 24.57558318 5.00000000
3.11823769 25.00736404 5.00000000
2.74211240 25.22420511 5.00000000
2.71202467 25.21063769 5.00000000
2.61873489 25.17922663 5.00000000
2.46031973 25.14445939 5.00000000
2.23840939 25.12087219 5.00000000
1.95809540 25.12219688 5.00000000
1.62763651 25.16055485 5.00000000
1.25797987 25.24574496 5.00000000
0.86212538 25.38466701 5.00000000
0.45437037 25.58091454 5.00000000
0.04947862 25.83456064 5.00000000
-0.33817775 26.14214916 5.00000000
-0.69545339 26.49689212 5.00000000
-1.01119324 26.88906147 5.00000000
-1.27687975 27.30655259 5.00000000
-1.48712614 27.73558655 5.00000000
-1.63998683 28.16151007 5.00000000
-1.73706704 28.56964674 5.00000000
-1.78342503 28.94614949 5.00000000
-1.78727278 29.27880488 5.00000000
-1.75949255 29.55774206 5.00000000
-1.71299755 29.77600514 5.00000000
-1.66197398 29.92995551 5.00000000
-1.62104875 30.01948072 5.00000000
-1.60443139 30.04799755 5.00000000
-1.78105766 30.44459993 5.00000000
-2.21521225 30.44432716 5.00000000
-2.23448527 30.41753356 5.00000000
-2.29957107 30.34368590 5.00000000
-2.41937900 30.23436901 5.00000000
-2.59976539 30.10298672 5.00000000
-2.84318677 29.96397694 5.00000000
-3.14855155 29.83196647 5.00000000
-3.51127865 29.72091495 5.00000000
-3.92355971 29.64329773 5.00000000
-4.37480967 29.60937558 5.00000000
-4.85227927 29.62659366 5.00000000
-5.34179379 29.69914495 5.00000000
-5.82857505 29.82772355 5.00000000
-6.29809846 30.00948224 5.00000000
-6.73693529 30.23819690 5.00000000
-7.13353098 30.50462801 5.00000000
-7.47887398 30.79705826 5.00000000
-7.76701624 31.10197488 5.00000000
-7.99541482 31.40485683 5.00000000
-8.16507476 31.69102098 5.00000000
-8.28048497 31.94647777 5.00000000
-8.34935065 32.15874664 5.00000000
-8.38213813 32.31758336 5.00000000
-8.39145845 32.41557708 5.00000000
-8.39132581 32.44858206 5.00000000
-8.74258983 32.70373666 5.00000000
-9.11844235 32.48642314 5.00000000
-9.12173648 32.45358269 5.00000000
-9.14117860 32.35708585 5.00000000
-9.19027687 32.20251067 5.00000000
-9.28080492 31.99853708 5.00000000
-9.42210913 31.75644038 5.00000000
-9.62055756 31.48943358 5.00000000
-9.87916267 31.21189659 5.00000000
-10.19739994 30.93853757 5.00000000
-10.57123279 30.68353515 5.00000000
-10.99334263 30.45971165 5.00000000
-11.45355029 30.27778565 5.00000000
-11.93940453 30.14574734 5.00000000
-12.43690307 30.06839329 5.00000000
-12.93130425 30.04704758 5.00000000
-13.40798174 30.07948585 5.00000000
-13.85327268 30.16006637 5.00000000
-14.25526951 30.28006078 5.00000000
-14.60450945 30.42816495 5.00000000
-14.89452134 30.59116040 5.00000000
-15.12219791 30.75468737 5.00000000
-15.28797178 30.90408476 5.00000000
-15.39578493 31.02524766 5.00000000
-15.45285342 31.10545255 5.00000000
-15.46924104 31.13410202 5.00000000
-15.90102191 31.17944038 5.00000000
-16.11786297 30.80331509 5.00000000
-16.10429555 30.77322736 5.00000000
-16.07288450 30.67993758 5.00000000
-16.03811726 30.52152242 5.00000000
-16.01453005 30.29961208 5.00000000
-16.01585474 30.01929808 5.00000000
-16.05421272 29.68883919 5.00000000
-16.13940283 29.31918255 5.00000000
-16.27832487 28.92332807 5.00000000
-16.47457241 28.51557306 5.00000000
-16.72821850 28.11068131 5.00000000
-17.03580703 27.72302494 5.00000000
-17.39054999 27.36574930 5.00000000
-17.78271934 27.05000944 5.00000000
-18.20021046 26.78432293 5.00000000
-18.62924441 26.57407655 5.00000000
-19.05516794 26.42121586 5.00000000
-19.46330461 26.32413565 5.00000000
-19.83980736 26.27777766 5.00000000
-20.17246275 26.27392991 5.00000000
-20.45139993 26.30171014 5.00000000
-20.66966300 26.34820514 5.00000000
-20.82361338 26.39922871 5.00000000
-20.91313859 26.44015394 5.00000000
-20.94165542 26.45677130 5.00000000
-21.33825780 26.28014503 5.00000000
-21.33798502 25.84599044 5.00000000
-21.31119143 25.82671741 5.00000000
-21.23734377 25.76163162 5.00000000
-21.12802687 25.64182369 5.00000000
-20.99664458 25.46143730 5.00000000
-20.85763480 25.21801592 5.00000000
-20.72562434 24.91265113 5.00000000
-20.61457282 24.54992404 5.00000000
-20.53695560 24.13764298 5.00000000
-20.50303344 23.68639301 5.00000000
-20.52025153 23.20892342 5.00000000
-20.59280282 22.71940889 5.00000000
-20.72138141 22.23262763 5.00000000
-20.90314010 21.76310423 5.00000000
-21.13185477 21.32426740 5.00000000
-21.39828588 20.92767171 5.00000000
-21.69071613 20.58232871 5.00000000
-21.99563275 20.29418644 5.00000000
-22.29851470 20.06578787 5.00000000
-22.58467884 19.89612793 5.00000000
-22.84013564 19.78071772 5.00000000
-23.05240451 19.71185203 5.00000000
-23.21124123 19.67906455 5.00000000
-23.30923495 19.66974424 5.00000000
-23.34223993 19.66987688 5.00000000
