-24.33298267 18.43014313 0.00000000
-24.56953642 18.06609286 0.00000000
-24.33298267 17.70204259 0.00000000
-24.30001540 17.70045970 0.00000000
-24.20263851 17.68605902 0.00000000
-24.04572049 17.64506074 0.00000000
-23.83731761 17.56525602 0.00000000
-23.58820419 17.43672510 0.00000000
-23.31124442 17.25242184 0.00000000
-23.02064221 17.00859046 0.00000000
-22.73111310 16.70499039 0.00000000
-22.45702634 16.34491582 0.00000000
-22.21156730 15.93500908 0.00000000
-22.00596911 15.48487850 0.00000000
-21.84885828 15.00654322 0.00000000
-21.74575261 14.51373730 0.00000000
-21.69874057 14.02111369 0.00000000
-21.70636096 13.54339452 0.00000000
-21.76368978 13.09451742 0.00000000
-21.86262931 12.68682749 0.00000000
-21.99238252 12.33036222 0.00000000
-22.14008509 12.03227102 0.00000000
-22.29155818 11.79640327 0.00000000
-22.43213801 11.62308892 0.00000000
-22.54753386 11.50912435 0.00000000
-22.62466437 11.44796456 0.00000000
-22.65242342 11.43011010 0.00000000
-22.67525985 10.99655644 0.00000000
-22.28837315 10.79955653 0.00000000
-22.25903121 10.81466934 0.00000000
-22.16750002 10.85088643 0.00000000
-22.01110588 10.89383989 0.00000000
-21.79072133 10.92892841 0.00000000
-21.51071733 10.94217408 0.00000000
-21.17871149 10.92104266 0.00000000
-20.80512691 10.85517960 0.00000000
-20.40258731 10.73701878 0.00000000
-19.98518393 10.56222844 0.00000000
-19.56765680 10.32996831 0.00000000
-19.16453825 10.04294289 0.00000000
-18.78930864 9.70724780 0.00000000
-18.45361355 9.33201819 0.00000000
-18.16658813 8.92889964 0.00000000
-17.93432799 8.51137251 0.00000000
-17.75953766 8.09396913 0.00000000
-17.64137683 7.69142953 0.00000000
-17.57551377 7.31784494 0.00000000
-17.55438235 6.98583911 0.00000000
-17.56762802 6.70583510 0.00000000
-17.60271655 6.48545055 0.00000000
-17.64567000 6.32905642 0.00000000
-17.68188709 6.23752523 0.00000000
-17.69699991 6.20818329 0.00000000
-17.50000000 5.82129659 0.00000000
-17.06644633 5.84413302 0.00000000
-17.04859188 5.87189206 0.00000000
-16.98743208 5.94902258 0.00000000
-16.87346752 6.06441843 0.00000000
-16.70015316 6.20499826 0.00000000
-16.46428542 6.35647135 0.00000000
-16.16619422 6.50417392 0.00000000
-15.80972895 6.63392713 0.00000000
-15.40203902 6.73286666 0.00000000
-14.95316192 6.79019547 0.00000000
-14.47544275 6.79781586 0.00000000
-13.98281913 6.75080383 0.00000000
-13.49001322 6.64769816 0.00000000
-13.01167794 6.49058733 0.00000000
-12.56154735 6.28498914 0.00000000
-12.15164061 6.03953010 0.00000000
-11.79156605 5.76544334 0.00000000
-11.48796598 5.47591423 0.00000000
-11.24413460 5.18531202 0.00000000
-11.05983133 4.90835224 0.00000000
-10.93130042 4.65923883 0.00000000
-10.85149570 4.45083594 0.00000000
-10.81049742 4.29391793 0.00000000
-10.79609674 4.19654104 0.00000000
-10.79451385 4.16357377 0.00000000
-10.43046358 3.92702001 0.00000000
-10.06641330 4.16357377 0.00000000
-10.06483041 4.19654104 0.00000000
-10.05042974 4.29391793 0.00000000
-10.00943145 4.45083594 0.00000000
-9.92962673 4.65923883 0.00000000
-9.80109582 4.90835224 0.00000000
-9.61679255 5.18531202 0.00000000
-9.37296117 5.47591423 0.00000000
-9.06936110 5.76544334 0.00000000
-8.70928654 6.03953010 0.00000000
-8.29937980 6.28498914 0.00000000
-7.84924922 6.49058733 0.00000000
-7.37091394 6.64769816 0.00000000
-6.87810802 6.75080383 0.00000000
-6.38548440 6.79781586 0.00000000
-5.90776523 6.79019547 0.00000000
-5.45888813 6.73286666 0.00000000
-5.05119821 6.63392713 0.00000000
-4.69473293 6.50417392 0.00000000
-4.39664173 6.35647135 0.00000000
-4.16077399 6.20499826 0.00000000
-3.98745963 6.06441843 0.00000000
-3.87349507 5.94902258 0.00000000
-3.81233527 5.87189206 0.00000000
-3.79448082 5.84413302 0.00000000
-3.36092715 5.82129659 0.00000000
-3.16392725 6.20818329 0.00000000
-3.17904006 6.23752523 0.00000000
-3.21525715 6.32905642 0.00000000
-3.25821060 6.48545055 0.00000000
-3.29329913 6.70583510 0.00000000
-3.30654480 6.98583911 0.00000000
-3.28541338 7.31784494 0.00000000
-3.21955032 7.69142953 0.00000000
-3.10138950 8.09396913 0.00000000
-2.92659916 8.51137251 0.00000000
-2.69433903 8.92889964 0.00000000
-2.40731360 9.33201819 0.00000000
-2.07161851 9.70724780 0.00000000
-1.69638890 10.04294289 0.00000000
-1.29327035 10.32996831 0.00000000
-0.87574322 10.56222844 0.00000000
-0.45833984 10.73701878 0.00000000
-0.05580025 10.85517960 0.00000000
0.31778434 10.92104266 0.00000000
0.64979018 10.94217408 0.00000000
0.92979418 10.92892841 0.00000000
1.15017873 10.89383989 0.00000000
1.30657286 10.85088643 0.00000000
1.39810406 10.81466934 0.00000000
1.42744599 10.79955653 0.00000000
1.81433270 10.99655644 0.00000000
1.79149627 11.43011010 0.00000000
1.76373722 11.44796456 0.00000000
1.68660670 11.50912435 0.00000000
1.57121085 11.62308892 0.00000000
1.43063102 11.79640327 0.00000000
1.27915793 12.03227102 0.00000000
1.13145536 12.33036222 0.00000000
1.00170216 12.68682749 0.00000000
0.90276263 13.09451742 0.00000000
0.84543381 13.54339452 0.00000000
0.83781342 14.02111369 0.00000000
0.88482546 14.51373730 0.00000000
0.98793113 15.00654322 0.00000000
1.14504195 15.48487850 0.00000000
1.35064015 15.93500908 0.00000000
1.59609918 16.34491582 0.00000000
1.87018594 16.70499039 0.00000000
2.15971505 17.00859046 0.00000000
2.45031726 17.25242184 0.00000000
2.72727704 17.43672510 0.00000000
2.97639046 17.56525602 0.00000000
3.18479334 17.64506074 0.00000000
3.34171136 17.68605902 0.00000000
3.43908824 17.70045970 0.00000000
3.47205551 17.70204259 0.00000000
3.70860927 18.06609286 0.00000000
3.47205551 18.43014313 0.00000000
3.43908824 18.43172602 0.00000000
3.34171136 18.44612670 0.00000000
3.18479334 18.48712498 0.00000000
2.97639046 18.56692970 0.00000000
2.72727704 18.69546062 0.00000000
2.45031726 18.87976389 0.00000000
2.15971505 19.12359526 0.00000000
1.87018594 19.42719533 0.00000000
1.59609918 19.78726990 0.00000000
1.35064015 20.19717664 0.00000000
1.14504195 20.64730722 0.00000000
0.98793113 21.12564250 0.00000000
0.88482546 21.61844842 0.00000000
0.83781342 22.11107204 0.00000000
0.84543381 22.58879120 0.00000000
0.90276263 23.03766830 0.00000000
1.00170216 23.44535823 0.00000000
1.13145536 23.80182350 0.00000000
1.27915793 24.09991470 0.00000000
1.43063102 24.33578245 0.00000000
1.57121085 24.50909681 0.00000000
1.68660670 24.62306137 0.00000000
1.76373722 24.68422116 0.00000000
1.79149627 24.70207562 0.00000000
1.81433270 25.13562928 0.00000000
1.42744599 25.33262919 0.00000000
1.39810406 25.31751638 0.00000000
1.30657286 25.28129929 0.00000000
1.15017873 25.23834583 0.00000000
0.92979418 25.20325731 0.00000000
0.64979018 25.19001164 0.00000000
0.31778434 25.21114306 0.00000000
-0.05580025 25.27700612 0.00000000
-0.45833984 25.39516694 0.00000000
-0.87574322 25.56995728 0.00000000
-1.29327035 25.80221741 0.00000000
-1.69638890 26.08924283 0.00000000
-2.07161851 26.42493792 0.00000000
-2.40731360 26.80016753 0.00000000
-2.69433903 27.20328608 0.00000000
-2.92659916 27.62081321 0.00000000
-3.10138950 28.03821659 0.00000000
-3.21955032 28.44075619 0.00000000
-3.28541338 28.81434078 0.00000000
-3.30654480 29.14634661 0.00000000
-3.29329913 29.42635062 0.00000000
-3.25821060 29.64673517 0.00000000
-3.21525715 29.80312930 0.00000000
-3.17904006 29.89466049 0.00000000
-3.16392725 29.92400243 0.00000000
-3.36092715 30.31088913 0.00000000
-3.79448082 30.28805271 0.00000000
-3.81233527 30.26029366 0.00000000
-3.87349507 30.18316314 0.00000000
-3.98745963 30.06776729 0.00000000
-4.16077399 29.92718746 0.00000000
-4.39664173 29.77571437 0.00000000
-4.69473293 29.62801180 0.00000000
-5.05119821 29.49825859 0.00000000
-5.45888813 29.39931906 0.00000000
-5.90776523 29.34199025 0.00000000
-6.38548440 29.33436986 0.00000000
-6.87810802 29.38138189 0.00000000
-7.37091394 29.48448756 0.00000000
-7.84924922 29.64159839 0.00000000
-8.29937980 29.84719658 0.00000000
-8.70928654 30.09265562 0.00000000
-9.06936110 30.36674238 0.00000000
-9.37296117 30.65627149 0.00000000
-9.61679255 30.94687370 0.00000000
-9.80109582 31.22383348 0.00000000
-9.92962673 31.47294689 0.00000000
-10.00943145 31.68134978 0.00000000
-10.05042974 31.83826780 0.00000000
-10.06483041 31.93564468 0.00000000
-10.06641330 31.96861195 0.00000000
-10.43046358 32.20516571 0.00000000
-10.79451385 31.96861195 0.00000000
-10.79609674 31.93564468 0.00000000
-10.81049742 31.83826780 0.00000000
-10.85149570 31.68134978 0.00000000
-10.93130042 31.47294689 0.00000000
-11.05983133 31.22383348 0.00000000
-11.24413460 30.94687370 0.00000000
-11.48796598 30.65627149 0.00000000
-11.79156605 30.36674238 0.00000000
-12.15164061 30.09265562 0.00000000
-12.56154735 29.84719658 0.00000000
-13.01167794 29.64159839 0.00000000
-13.49001322 29.48448756 0.00000000
-13.98281913 29.38138189 0.00000000
-14.47544275 29.33436986 0.00000000
-14.95316192 29.34199025 0.00000000
-15.40203902 29.39931906 0.00000000
-15.80972895 29.49825859 0.00000000
-16.16619422 29.62801180 0.00000000
-16.46428542 29.77571437 0.00000000
-16.70015316 29.92718746 0.00000000
-16.87346752 30.06776729 0.00000000
-16.98743208 30.18316314 0.00000000
-17.04859188 30.26029366 0.00000000
-17.06644633 30.28805271 0.00000000
-17.50000000 30.31088913 0.00000000
-17.69699991 29.92400243 0.00000000
-17.68188709 29.89466049 0.00000000
-17.64567000 29.80312930 0.00000000
-17.60271655 29.64673517 0.00000000
-17.56762802 29.42635062 0.00000000
-17.55438235 29.14634661 0.00000000
-17.57551377 28.81434078 0.00000000
-17.64137683 28.44075619 0.00000000
-17.75953766 28.03821659 0.00000000
-17.93432799 27.62081321 0.00000000
-18.16658813 27.20328608 0.00000000
-18.45361355 26.80016753 0.00000000
-18.78930864 26.42493792 0.00000000
-19.16453825 26.08924283 0.00000000
-19.56765680 25.80221741 0.00000000
-19.98518393 25.56995728 0.00000000
-20.40258731 25.39516694 0.00000000
-20.80512691 25.27700612 0.00000000
-21.17871149 25.21114306 0.00000000
-21.51071733 25.19001164 0.00000000
-21.79072133 25.20325731 0.00000000
-22.01110588 25.23834583 0.00000000
-22.16750002 25.28129929 0.00000000
-22.25903121 25.31751638 0.00000000
-22.28837315 25.33262919 0.00000000
-22.67525985 25.13562928 0.00000000
-22.65242342 24.70207562 0.00000000
-22.62466437 24.68422116 0.00000000
-22.54753386 24.62306137 0.00000000
-22.43213801 24.50909681 0.00000000
-22.29155818 24.33578245 0.00000000
-22.14008509 24.09991470 0.00000000
-21.99238252 23.80182350 0.00000000
-21.86262931 23.44535823 0.00000000
-21.76368978 23.03766830 0.00000000
-21.70636096 22.58879120 0.00000000
-21.69874057 22.11107204 0.00000000
-21.74575261 21.61844842 0.00000000
-21.84885828 21.12564250 0.00000000
-22.00596911 20.64730722 0.00000000
-22.21156730 20.19717664 0.00000000
-22.45702634 19.78726990 0.00000000
-22.73111310 19.42719533 0.00000000
-23.02064221 19.12359526 0.00000000
-23.31124442 18.87976389 0.00000000
-23.58820419 18.69546062 0.00000000
-23.83731761 18.56692970 0.00000000
-24.04572049 18.48712498 0.00000000
-24.20263851 18.44612670 0.00000000
-24.30001540 18.43172602 0.00000000
-24.33298267 18.43014313 0.00000000
