2.50950579 -18.58568606 -5.00000000
2.76466039 -18.23442203 -5.00000000
2.54734686 -17.85856952 -5.00000000
2.51450641 -17.85527538 -5.00000000
2.41800957 -17.83583326 -5.00000000
2.26343440 -17.78673500 -5.00000000
2.05946080 -17.69620695 -5.00000000
1.81736410 -17.55490274 -5.00000000
1.55035730 -17.35645431 -5.00000000
1.27282031 -17.09784919 -5.00000000
0.99946130 -16.77961193 -5.00000000
0.74445887 -16.40577907 -5.00000000
0.52063537 -15.98366923 -5.00000000
0.33870937 -15.52346157 -5.00000000
0.20667107 -15.03760734 -5.00000000
0.12931701 -14.54010879 -5.00000000
0.10797130 -14.04570762 -5.00000000
0.14040957 -13.56903012 -5.00000000
0.22099009 -13.12373918 -5.00000000
0.34098450 -12.72174235 -5.00000000
0.48908868 -12.37250241 -5.00000000
0.65208412 -12.08249052 -5.00000000
0.81561109 -11.85481395 -5.00000000
0.96500848 -11.68904008 -5.00000000
1.08617138 -11.58122693 -5.00000000
1.16637627 -11.52415844 -5.00000000
1.19502574 -11.50777082 -5.00000000
1.24036410 -11.07598996 -5.00000000
0.86423881 -10.85914889 -5.00000000
0.83415108 -10.87271631 -5.00000000
0.74086130 -10.90412736 -5.00000000
0.58244614 -10.93889460 -5.00000000
0.36053580 -10.96248181 -5.00000000
0.08022181 -10.96115712 -5.00000000
-0.25023708 -10.92279914 -5.00000000
-0.61989372 -10.83760904 -5.00000000
-1.01574821 -10.69868699 -5.00000000
-1.42350322 -10.50243945 -5.00000000
-1.82839497 -10.24879336 -5.00000000
-2.21605134 -9.94120484 -5.00000000
-2.57332698 -9.58646188 -5.00000000
-2.88906683 -9.19429253 -5.00000000
-3.15475334 -8.77680140 -5.00000000
-3.36499973 -8.34776745 -5.00000000
-3.51786042 -7.92184392 -5.00000000
-3.61494063 -7.51370725 -5.00000000
-3.66129862 -7.13720450 -5.00000000
-3.66514637 -6.80454911 -5.00000000
-3.63736614 -6.52561194 -5.00000000
-3.59087114 -6.30734886 -5.00000000
-3.53984757 -6.15339848 -5.00000000
-3.49892234 -6.06387328 -5.00000000
-3.48230498 -6.03535644 -5.00000000
-3.65893125 -5.63875407 -5.00000000
-4.09308584 -5.63902684 -5.00000000
-4.11235886 -5.66582044 -5.00000000
-4.17744466 -5.73966810 -5.00000000
-4.29725259 -5.84898499 -5.00000000
-4.47763898 -5.98036728 -5.00000000
-4.72106036 -6.11937706 -5.00000000
-5.02642514 -6.25138752 -5.00000000
-5.38915224 -6.36243905 -5.00000000
-5.80143330 -6.44005627 -5.00000000
-6.25268327 -6.47397842 -5.00000000
-6.73015286 -6.45676034 -5.00000000
-7.21966738 -6.38420905 -5.00000000
-7.70644865 -6.25563045 -5.00000000
-8.17597205 -6.07387176 -5.00000000
-8.61480888 -5.84515710 -5.00000000
-9.01140457 -5.57872598 -5.00000000
-9.35674757 -5.28629574 -5.00000000
-9.64488984 -4.98137912 -5.00000000
-9.87328841 -4.67849716 -5.00000000
-10.04294835 -4.39233302 -5.00000000
-10.15835856 -4.13687623 -5.00000000
-10.22722424 -3.92460736 -5.00000000
-10.26001172 -3.76577063 -5.00000000
-10.26933204 -3.66777692 -5.00000000
-10.26919940 -3.63477193 -5.00000000
-10.62046342 -3.37961733 -5.00000000
-10.99631594 -3.59693086 -5.00000000
-10.99961007 -3.62977131 -5.00000000
-11.01905219 -3.72626815 -5.00000000
-11.06815046 -3.88084332 -5.00000000
-11.15867851 -4.08481692 -5.00000000
-11.29998272 -4.32691362 -5.00000000
-11.49843115 -4.59392042 -5.00000000
-11.75703626 -4.87145741 -5.00000000
-12.07527353 -5.14481642 -5.00000000
-12.44910638 -5.39981885 -5.00000000
-12.87121622 -5.62364235 -5.00000000
-13.33142388 -5.80556835 -5.00000000
-13.81727812 -5.93760665 -5.00000000
-14.31477666 -6.01496071 -5.00000000
-14.80917784 -6.03630642 -5.00000000
-15.28585533 -6.00386815 -5.00000000
-15.73114627 -5.92328763 -5.00000000
-16.13314310 -5.80329322 -5.00000000
-16.48238304 -5.65518904 -5.00000000
-16.77239493 -5.49219360 -5.00000000
-17.00007150 -5.32866663 -5.00000000
-17.16584537 -5.17926924 -5.00000000
-17.27365852 -5.05810634 -5.00000000
-17.33072701 -4.97790145 -5.00000000
-17.34711463 -4.94925198 -5.00000000
-17.77889550 -4.90391362 -5.00000000
-17.99573657 -5.28003891 -5.00000000
-17.98216915 -5.31012664 -5.00000000
-17.95075809 -5.40341642 -5.00000000
-17.91599085 -5.56183158 -5.00000000
-17.89240364 -5.78374192 -5.00000000
-17.89372833 -6.06405591 -5.00000000
-17.93208631 -6.39451480 -5.00000000
-18.01727642 -6.76417144 -5.00000000
-18.15619847 -7.16002593 -5.00000000
-18.35244600 -7.56778094 -5.00000000
-18.60609209 -7.97267269 -5.00000000
-18.91368062 -8.36032906 -5.00000000
-19.26842358 -8.71760470 -5.00000000
-19.66059293 -9.03334455 -5.00000000
-20.07808405 -9.29903106 -5.00000000
-20.50711800 -9.50927745 -5.00000000
-20.93304153 -9.66213814 -5.00000000
-21.34117820 -9.75921835 -5.00000000
-21.71768095 -9.80557634 -5.00000000
-22.05033634 -9.80942409 -5.00000000
-22.32927352 -9.78164386 -5.00000000
-22.54753659 -9.73514886 -5.00000000
-22.70148697 -9.68412529 -5.00000000
-22.79101218 -9.64320006 -5.00000000
-22.81952901 -9.62658270 -5.00000000
-23.21613139 -9.80320897 -5.00000000
-23.21585861 -10.23736356 -5.00000000
-23.18906502 -10.25663658 -5.00000000
-23.11521736 -10.32172238 -5.00000000
-23.00590047 -10.44153031 -5.00000000
-22.87451817 -10.62191670 -5.00000000
-22.73550839 -10.86533808 -5.00000000
-22.60349793 -11.17070286 -5.00000000
-22.49244641 -11.53342996 -5.00000000
-22.41482919 -11.94571102 -5.00000000
-22.38090704 -12.39696098 -5.00000000
-22.39812512 -12.87443058 -5.00000000
-22.47067641 -13.36394510 -5.00000000
-22.59925500 -13.85072636 -5.00000000
-22.78101370 -14.32024977 -5.00000000
-23.00972836 -14.75908660 -5.00000000
-23.27615947 -15.15568229 -5.00000000
-23.56858972 -15.50102529 -5.00000000
-23.87350634 -15.78916756 -5.00000000
-24.17638829 -16.01756613 -5.00000000
-24.46255243 -16.18722607 -5.00000000
-24.71800923 -16.30263628 -5.00000000
-24.93027810 -16.37150196 -5.00000000
-25.08911482 -16.40428944 -5.00000000
-25.18710854 -16.41360976 -5.00000000
-25.22011352 -16.41347712 -5.00000000
-25.47526812 -16.76474114 -5.00000000
-25.25795460 -17.14059366 -5.00000000
-25.22511415 -17.14388779 -5.00000000
-25.12861730 -17.16332991 -5.00000000
-24.97404213 -17.21242818 -5.00000000
-24.77006853 -17.30295623 -5.00000000
-24.52797184 -17.44426044 -5.00000000
-24.26096503 -17.64270887 -5.00000000
-23.98342805 -17.90131398 -5.00000000
-23.71006903 -18.21955125 -5.00000000
-23.45506660 -18.59338410 -5.00000000
-23.23124310 -19.01549394 -5.00000000
-23.04931710 -19.47570160 -5.00000000
-22.91727880 -19.96155584 -5.00000000
-22.83992474 -20.45905438 -5.00000000
-22.81857904 -20.95345556 -5.00000000
-22.85101730 -21.43013305 -5.00000000
-22.93159783 -21.87542399 -5.00000000
-23.05159223 -22.27742082 -5.00000000
-23.19969641 -22.62666076 -5.00000000
-23.36269186 -22.91667265 -5.00000000
-23.52621883 -23.14434922 -5.00000000
-23.67561622 -23.31012309 -5.00000000
-23.79677912 -23.41793624 -5.00000000
-23.87698401 -23.47500473 -5.00000000
-23.90563348 -23.49139235 -5.00000000
-23.95097183 -23.92317322 -5.00000000
-23.57484654 -24.14001429 -5.00000000
-23.54475881 -24.12644687 -5.00000000
-23.45146903 -24.09503581 -5.00000000
-23.29305388 -24.06026857 -5.00000000
-23.07114353 -24.03668136 -5.00000000
-22.79082954 -24.03800605 -5.00000000
-22.46037065 -24.07636403 -5.00000000
-22.09071401 -24.16155414 -5.00000000
-21.69485953 -24.30047619 -5.00000000
-21.28710452 -24.49672372 -5.00000000
-20.88221276 -24.75036981 -5.00000000
-20.49455639 -25.05795834 -5.00000000
-20.13728075 -25.41270130 -5.00000000
-19.82154090 -25.80487065 -5.00000000
-19.55585439 -26.22236177 -5.00000000
-19.34560801 -26.65139572 -5.00000000
-19.19274732 -27.07731925 -5.00000000
-19.09566710 -27.48545592 -5.00000000
-19.04930911 -27.86195867 -5.00000000
-19.04546137 -28.19461406 -5.00000000
-19.07324159 -28.47355124 -5.00000000
-19.11973659 -28.69181431 -5.00000000
-19.17076017 -28.84576469 -5.00000000
-19.21168540 -28.93528990 -5.00000000
-19.22830275 -28.96380673 -5.00000000
-19.05167649 -29.36040911 -5.00000000
-18.61752190 -29.36013633 -5.00000000
-18.59824887 -29.33334274 -5.00000000
-18.53316308 -29.25949508 -5.00000000
-18.41335515 -29.15017819 -5.00000000
-18.23296876 -29.01879589 -5.00000000
-17.98954737 -28.87978611 -5.00000000
-17.68418259 -28.74777565 -5.00000000
-17.32145550 -28.63672413 -5.00000000
-16.90917443 -28.55910691 -5.00000000
-16.45792447 -28.52518476 -5.00000000
-15.98045488 -28.54240284 -5.00000000
-15.49094035 -28.61495413 -5.00000000
-15.00415909 -28.74353272 -5.00000000
-14.53463568 -28.92529142 -5.00000000
-14.09579885 -29.15400608 -5.00000000
-13.69920317 -29.42043719 -5.00000000
-13.35386016 -29.71286744 -5.00000000
-13.06571790 -30.01778406 -5.00000000
-12.83731933 -30.32066601 -5.00000000
-12.66765938 -30.60683015 -5.00000000
-12.55224918 -30.86228695 -5.00000000
-12.48338349 -31.07455582 -5.00000000
-12.45059601 -31.23339254 -5.00000000
-12.44127570 -31.33138626 -5.00000000
-12.44140834 -31.36439124 -5.00000000
-12.09014431 -31.61954584 -5.00000000
-11.71429180 -31.40223232 -5.00000000
-11.71099766 -31.36939187 -5.00000000
-11.69155554 -31.27289502 -5.00000000
-11.64245728 -31.11831985 -5.00000000
-11.55192923 -30.91434625 -5.00000000
-11.41062502 -30.67224956 -5.00000000
-11.21217659 -30.40524275 -5.00000000
-10.95357147 -30.12770577 -5.00000000
-10.63533421 -29.85434675 -5.00000000
-10.26150135 -29.59934432 -5.00000000
-9.83939151 -29.37552082 -5.00000000
-9.37918385 -29.19359482 -5.00000000
-8.89332962 -29.06155652 -5.00000000
-8.39583107 -28.98420246 -5.00000000
-7.90142990 -28.96285676 -5.00000000
-7.42475240 -28.99529502 -5.00000000
-6.97946146 -29.07587555 -5.00000000
-6.57746464 -29.19586995 -5.00000000
-6.22822469 -29.34397413 -5.00000000
-5.93821280 -29.50696958 -5.00000000
-5.71053623 -29.67049655 -5.00000000
-5.54476236 -29.81989394 -5.00000000
-5.43694921 -29.94105684 -5.00000000
-5.37988072 -30.02126173 -5.00000000
-5.36349310 -30.04991120 -5.00000000
-4.93171224 -30.09524955 -5.00000000
-4.71487117 -29.71912426 -5.00000000
-4.72843859 -29.68903653 -5.00000000
-4.75984964 -29.59574675 -5.00000000
-4.79461688 -29.43733160 -5.00000000
-4.81820409 -29.21542125 -5.00000000
-4.81687940 -28.93510726 -5.00000000
-4.77852142 -28.60464837 -5.00000000
-4.69333132 -28.23499173 -5.00000000
-4.55440927 -27.83913725 -5.00000000
-4.35816173 -27.43138224 -5.00000000
-4.10451564 -27.02649048 -5.00000000
-3.79692712 -26.63883411 -5.00000000
-3.44218416 -26.28155847 -5.00000000
-3.05001481 -25.96581862 -5.00000000
-2.63252368 -25.70013211 -5.00000000
-2.20348973 -25.48988573 -5.00000000
-1.77756620 -25.33702504 -5.00000000
-1.36942953 -25.23994482 -5.00000000
-0.99292678 -25.19358683 -5.00000000
-0.66027139 -25.18973909 -5.00000000
-0.38133422 -25.21751931 -5.00000000
-0.16307114 -25.26401431 -5.00000000
-0.00912076 -25.31503789 -5.00000000
0.08040444 -25.35596312 -5.00000000
0.10892128 -25.37258047 -5.00000000
0.50552365 -25.19595421 -5.00000000
0.50525088 -24.76179962 -5.00000000
0.47845728 -24.74252659 -5.00000000
0.40460962 -24.67744080 -5.00000000
0.29529273 -24.55763287 -5.00000000
0.16391044 -24.37724648 -5.00000000
0.02490066 -24.13382509 -5.00000000
-0.10710980 -23.82846031 -5.00000000
-0.21816133 -23.46573322 -5.00000000
-0.29577855 -23.05345215 -5.00000000
-0.32970070 -22.60220219 -5.00000000
-0.31248262 -22.12473260 -5.00000000
-0.23993133 -21.63521807 -5.00000000
-0.11135273 -21.14843681 -5.00000000
0.07040596 -20.67891340 -5.00000000
0.29912062 -20.24007657 -5.00000000
0.56555173 -19.84348089 -5.00000000
0.85798198 -19.49813788 -5.00000000
1.16289860 -19.20999562 -5.00000000
1.46578056 -18.98159705 -5.00000000
1.75194470 -18.81193710 -5.00000000
2.00740149 -18.69652690 -5.00000000
2.21967036 -18.62766121 -5.00000000
2.37850709 -18.59487373 -5.00000000
2.47650080 -18.58555342 -5.00000000
2.50950579 -18.58568606 -5.00000000
