34.57737487 0.38259458 -5.00000000
34.73610189 0.46082969 -5.00000000
34.97470409 0.85510281 -5.00000000
34.92918350 1.42274348 -5.00000000
34.63079899 1.77395423 -5.00000000
34.46163285 1.82589473 -5.00000000
34.42664764 1.82414750 -5.00000000
34.32248203 1.83040833 -5.00000000
34.15372554 1.86128582 -5.00000000
33.92920590 1.93159403 -5.00000000
33.66136661 2.05329988 -5.00000000
33.36538926 2.23467180 -5.00000000
33.05812253 2.47968952 -5.00000000
32.75689358 2.78775694 -5.00000000
32.47828573 3.15373811 -5.00000000
32.23696883 3.56831405 -5.00000000
32.04466489 4.01863494 -5.00000000
31.90932200 4.48922183 -5.00000000
31.83455501 4.96305402 -5.00000000
31.81939232 5.42276551 -5.00000000
31.85834677 5.85186569 -5.00000000
31.94180565 6.23589842 -5.00000000
32.05671212 6.56345738 -5.00000000
32.18749007 6.82698598 -5.00000000
32.31714706 7.02330556 -5.00000000
32.42847737 7.15383424 -5.00000000
32.50528019 7.22448124 -5.00000000
32.53350703 7.24522402 -5.00000000
32.63185111 7.39234113 -5.00000000
32.64135012 7.85309277 -5.00000000
32.31810780 8.32192372 -5.00000000
31.88409385 8.47688890 -5.00000000
31.71162142 8.43728762 -5.00000000
31.68219696 8.41828187 -5.00000000
31.58885648 8.37162109 -5.00000000
31.42727033 8.31398354 -5.00000000
31.19767651 8.26261241 -5.00000000
30.90486796 8.23409313 -5.00000000
30.55785810 8.24317715 -5.00000000
30.16924844 8.30173535 -5.00000000
29.75434281 8.41791508 -5.00000000
29.33007074 8.59556015 -5.00000000
28.91379621 8.83393500 -5.00000000
28.52209567 9.12777236 -5.00000000
28.16959185 9.46764111 -5.00000000
27.86792564 9.84060834 -5.00000000
27.62493862 10.23114881 -5.00000000
27.44412407 10.62223770 -5.00000000
27.32438522 10.99654924 -5.00000000
27.26011766 11.33767685 -5.00000000
27.24161038 11.63128830 -5.00000000
27.25573685 11.86613453 -5.00000000
27.28688738 12.03484084 -5.00000000
27.31807707 12.13442435 -5.00000000
27.33215084 12.16650154 -5.00000000
27.34376076 12.34308074 -5.00000000
27.12161132 12.74685287 -5.00000000
26.60725978 12.99125121 -5.00000000
26.15391010 12.90844802 -5.00000000
26.02434523 12.78791609 -5.00000000
26.00836577 12.75674440 -5.00000000
25.95086093 12.66966475 -5.00000000
25.83974200 12.53895609 -5.00000000
25.66659348 12.37967048 -5.00000000
25.42727348 12.20856778 -5.00000000
25.12221211 12.04292983 -5.00000000
24.75638718 11.89933790 -5.00000000
24.33897849 11.79249968 -5.00000000
23.88272557 11.73420879 -5.00000000
23.40303383 11.73251020 -5.00000000
22.91689253 11.79113055 -5.00000000
22.44168089 11.90921361 -5.00000000
21.99394667 12.08137960 -5.00000000
21.58824350 12.29810406 -5.00000000
21.23610907 12.54638970 -5.00000000
20.94525641 12.81068358 -5.00000000
20.71903527 13.07397497 -5.00000000
20.55620177 13.31899630 -5.00000000
20.45101253 13.52944234 -5.00000000
20.39363653 13.69112155 -5.00000000
20.37085584 13.79295825 -5.00000000
20.36700549 13.82777480 -5.00000000
20.28877038 13.98650183 -5.00000000
19.89449725 14.22510403 -5.00000000
19.32685658 14.17958344 -5.00000000
18.97564583 13.88119893 -5.00000000
18.92370533 13.71203278 -5.00000000
18.92545256 13.67704757 -5.00000000
18.91919174 13.57288196 -5.00000000
18.88831424 13.40412547 -5.00000000
18.81800604 13.17960583 -5.00000000
18.69630018 12.91176654 -5.00000000
18.51492826 12.61578920 -5.00000000
18.26991054 12.30852247 -5.00000000
17.96184313 12.00729351 -5.00000000
17.59586195 11.72868566 -5.00000000
17.18128601 11.48736877 -5.00000000
16.73096512 11.29506482 -5.00000000
16.26037824 11.15972194 -5.00000000
15.78654604 11.08495495 -5.00000000
15.32683456 11.06979225 -5.00000000
14.89773438 11.10874671 -5.00000000
14.51370164 11.19220559 -5.00000000
14.18614269 11.30711205 -5.00000000
13.92261408 11.43789000 -5.00000000
13.72629450 11.56754700 -5.00000000
13.59576583 11.67887730 -5.00000000
13.52511882 11.75568013 -5.00000000
13.50437604 11.78390697 -5.00000000
13.35725893 11.88225105 -5.00000000
12.89650729 11.89175006 -5.00000000
12.42767635 11.56850773 -5.00000000
12.27271117 11.13449379 -5.00000000
12.31231245 10.96202136 -5.00000000
12.33131820 10.93259690 -5.00000000
12.37797897 10.83925642 -5.00000000
12.43561652 10.67767026 -5.00000000
12.48698765 10.44807645 -5.00000000
12.51550693 10.15526789 -5.00000000
12.50642292 9.80825803 -5.00000000
12.44786471 9.41964838 -5.00000000
12.33168498 9.00474274 -5.00000000
12.15403991 8.58047068 -5.00000000
11.91566506 8.16419615 -5.00000000
11.62182770 7.77249560 -5.00000000
11.28195895 7.41999179 -5.00000000
10.90899173 7.11832557 -5.00000000
10.51845125 6.87533855 -5.00000000
10.12736237 6.69452401 -5.00000000
9.75305082 6.57478515 -5.00000000
9.41192321 6.51051759 -5.00000000
9.11831177 6.49201032 -5.00000000
8.88346553 6.50613678 -5.00000000
8.71475923 6.53728731 -5.00000000
8.61517572 6.56847701 -5.00000000
8.58309852 6.58255078 -5.00000000
8.40651933 6.59416070 -5.00000000
8.00274720 6.37201126 -5.00000000
7.75834885 5.85765972 -5.00000000
7.84115204 5.40431003 -5.00000000
7.96168397 5.27474517 -5.00000000
7.99285566 5.25876571 -5.00000000
8.07993532 5.20126087 -5.00000000
8.21064398 5.09014193 -5.00000000
8.36992959 4.91699342 -5.00000000
8.54103229 4.67767341 -5.00000000
8.70667023 4.37261205 -5.00000000
8.85026216 4.00678711 -5.00000000
8.95710038 3.58937843 -5.00000000
9.01539127 3.13312551 -5.00000000
9.01708986 2.65343376 -5.00000000
8.95846952 2.16729246 -5.00000000
8.84038645 1.69208083 -5.00000000
8.66822047 1.24434661 -5.00000000
8.45149601 0.83864344 -5.00000000
8.20321037 0.48650901 -5.00000000
7.93891649 0.19565634 -5.00000000
7.67562509 -0.03056480 -5.00000000
7.43060376 -0.19339829 -5.00000000
7.22015772 -0.29858753 -5.00000000
7.05847851 -0.35596353 -5.00000000
6.95664182 -0.37874422 -5.00000000
6.92182526 -0.38259458 -5.00000000
6.76309824 -0.46082969 -5.00000000
6.52449603 -0.85510281 -5.00000000
6.57001663 -1.42274348 -5.00000000
6.86840114 -1.77395423 -5.00000000
7.03756728 -1.82589473 -5.00000000
7.07255249 -1.82414750 -5.00000000
7.17671810 -1.83040833 -5.00000000
7.34547459 -1.86128582 -5.00000000
7.56999423 -1.93159403 -5.00000000
7.83783352 -2.05329988 -5.00000000
8.13381087 -2.23467180 -5.00000000
8.44107760 -2.47968952 -5.00000000
8.74230655 -2.78775694 -5.00000000
9.02091440 -3.15373811 -5.00000000
9.26223130 -3.56831405 -5.00000000
9.45453524 -4.01863494 -5.00000000
9.58987813 -4.48922183 -5.00000000
9.66464512 -4.96305402 -5.00000000
9.67980781 -5.42276551 -5.00000000
9.64085336 -5.85186569 -5.00000000
9.55739448 -6.23589842 -5.00000000
9.44248801 -6.56345738 -5.00000000
9.31171006 -6.82698598 -5.00000000
9.18205306 -7.02330556 -5.00000000
9.07072276 -7.15383424 -5.00000000
8.99391994 -7.22448124 -5.00000000
8.96569310 -7.24522402 -5.00000000
8.86734902 -7.39234113 -5.00000000
8.85785001 -7.85309277 -5.00000000
9.18109233 -8.32192372 -5.00000000
9.61510627 -8.47688890 -5.00000000
9.78757870 -8.43728762 -5.00000000
9.81700317 -8.41828187 -5.00000000
9.91034365 -8.37162109 -5.00000000
10.07192980 -8.31398354 -5.00000000
10.30152362 -8.26261241 -5.00000000
10.59433217 -8.23409313 -5.00000000
10.94134203 -8.24317715 -5.00000000
11.32995169 -8.30173535 -5.00000000
11.74485732 -8.41791508 -5.00000000
12.16912939 -8.59556015 -5.00000000
12.58540392 -8.83393500 -5.00000000
12.97710446 -9.12777236 -5.00000000
13.32960828 -9.46764111 -5.00000000
13.63127449 -9.84060834 -5.00000000
13.87426151 -10.23114881 -5.00000000
14.05507605 -10.62223770 -5.00000000
14.17481491 -10.99654924 -5.00000000
14.23908247 -11.33767685 -5.00000000
14.25758975 -11.63128830 -5.00000000
14.24346328 -11.86613453 -5.00000000
14.21231275 -12.03484084 -5.00000000
14.18112306 -12.13442435 -5.00000000
14.16704929 -12.16650154 -5.00000000
14.15543937 -12.34308074 -5.00000000
14.37758881 -12.74685287 -5.00000000
14.89194034 -12.99125121 -5.00000000
15.34529003 -12.90844802 -5.00000000
15.47485490 -12.78791609 -5.00000000
15.49083436 -12.75674440 -5.00000000
15.54833920 -12.66966475 -5.00000000
15.65945813 -12.53895609 -5.00000000
15.83260665 -12.37967048 -5.00000000
16.07192665 -12.20856778 -5.00000000
16.37698801 -12.04292983 -5.00000000
16.74281295 -11.89933790 -5.00000000
17.16022164 -11.79249968 -5.00000000
17.61647456 -11.73420879 -5.00000000
18.09616630 -11.73251020 -5.00000000
18.58230760 -11.79113055 -5.00000000
19.05751924 -11.90921361 -5.00000000
19.50525345 -12.08137960 -5.00000000
19.91095663 -12.29810406 -5.00000000
20.26309105 -12.54638970 -5.00000000
20.55394372 -12.81068358 -5.00000000
20.78016486 -13.07397497 -5.00000000
20.94299835 -13.31899630 -5.00000000
21.04818760 -13.52944234 -5.00000000
21.10556360 -13.69112155 -5.00000000
21.12834429 -13.79295825 -5.00000000
21.13219464 -13.82777480 -5.00000000
21.21042975 -13.98650183 -5.00000000
21.60470288 -14.22510403 -5.00000000
22.17234355 -14.17958344 -5.00000000
22.52355430 -13.88119893 -5.00000000
22.57549480 -13.71203278 -5.00000000
22.57374757 -13.67704757 -5.00000000
22.58000839 -13.57288196 -5.00000000
22.61088589 -13.40412547 -5.00000000
22.68119409 -13.17960583 -5.00000000
22.80289995 -12.91176654 -5.00000000
22.98427186 -12.61578920 -5.00000000
23.22928959 -12.30852247 -5.00000000
23.53735700 -12.00729351 -5.00000000
23.90333818 -11.72868566 -5.00000000
24.31791412 -11.48736877 -5.00000000
24.76823501 -11.29506482 -5.00000000
25.23882189 -11.15972194 -5.00000000
25.71265409 -11.08495495 -5.00000000
26.17236557 -11.06979225 -5.00000000
26.60146575 -11.10874671 -5.00000000
26.98549849 -11.19220559 -5.00000000
27.31305744 -11.30711205 -5.00000000
27.57658605 -11.43789000 -5.00000000
27.77290563 -11.56754700 -5.00000000
27.90343430 -11.67887730 -5.00000000
27.97408131 -11.75568013 -5.00000000
27.99482409 -11.78390697 -5.00000000
28.14194119 -11.88225105 -5.00000000
28.60269284 -11.89175006 -5.00000000
29.07152378 -11.56850773 -5.00000000
29.22648896 -11.13449379 -5.00000000
29.18688768 -10.96202136 -5.00000000
29.16788193 -10.93259690 -5.00000000
29.12122116 -10.83925642 -5.00000000
29.06358361 -10.67767026 -5.00000000
29.01221248 -10.44807645 -5.00000000
28.98369320 -10.15526789 -5.00000000
28.99277721 -9.80825803 -5.00000000
29.05133542 -9.41964838 -5.00000000
29.16751515 -9.00474274 -5.00000000
29.34516022 -8.58047068 -5.00000000
29.58353507 -8.16419615 -5.00000000
29.87737243 -7.77249560 -5.00000000
30.21724118 -7.41999179 -5.00000000
30.59020840 -7.11832557 -5.00000000
30.98074888 -6.87533855 -5.00000000
31.37183776 -6.69452401 -5.00000000
31.74614931 -6.57478515 -5.00000000
32.08727692 -6.51051759 -5.00000000
32.38088836 -6.49201032 -5.00000000
32.61573460 -6.50613678 -5.00000000
32.78444090 -6.53728731 -5.00000000
32.88402441 -6.56847701 -5.00000000
32.91610161 -6.58255078 -5.00000000
33.09268080 -6.59416070 -5.00000000
33.49645293 -6.37201126 -5.00000000
33.74085128 -5.85765972 -5.00000000
33.65804809 -5.40431003 -5.00000000
33.53751616 -5.27474517 -5.00000000
33.50634446 -5.25876571 -5.00000000
33.41926481 -5.20126087 -5.00000000
33.28855615 -5.09014193 -5.00000000
33.12927054 -4.91699342 -5.00000000
32.95816784 -4.67767341 -5.00000000
32.79252990 -4.37261205 -5.00000000
32.64893796 -4.00678711 -5.00000000
32.54209974 -3.58937843 -5.00000000
32.48380886 -3.13312551 -5.00000000
32.48211027 -2.65343376 -5.00000000
32.54073061 -2.16729246 -5.00000000
32.65881368 -1.69208083 -5.00000000
32.83097966 -1.24434661 -5.00000000
33.04770412 -0.83864344 -5.00000000
33.29598976 -0.48650901 -5.00000000
33.56028364 -0.19565634 -5.00000000
33.82357503 0.03056480 -5.00000000
34.06859637 0.19339829 -5.00000000
34.27904241 0.29858753 -5.00000000
34.44072162 0.35596353 -5.00000000
34.54255831 0.37874422 -5.00000000
34.57737487 0.38259458 -5.00000000
