3.45297477 -17.58708620 -5.00000000
3.61170179 -17.50885109 -5.00000000
3.85030400 -17.11457796 -5.00000000
3.80478341 -16.54693729 -5.00000000
3.50639890 -16.19572654 -5.00000000
3.33723275 -16.14378604 -5.00000000
3.30224754 -16.14553327 -5.00000000
3.19808193 -16.13927245 -5.00000000
3.02932544 -16.10839495 -5.00000000
2.80480580 -16.03808675 -5.00000000
2.53696651 -15.91638089 -5.00000000
2.24098916 -15.73500897 -5.00000000
1.93372243 -15.48999125 -5.00000000
1.63249348 -15.18192384 -5.00000000
1.35388563 -14.81594266 -5.00000000
1.11256873 -14.40136672 -5.00000000
0.92026479 -13.95104583 -5.00000000
0.78492191 -13.48045895 -5.00000000
0.71015491 -13.00662675 -5.00000000
0.69499222 -12.54691527 -5.00000000
0.73394668 -12.11781509 -5.00000000
0.81740556 -11.73378235 -5.00000000
0.93231202 -11.40622340 -5.00000000
1.06308997 -11.14269479 -5.00000000
1.19274697 -10.94637521 -5.00000000
1.30407727 -10.81584654 -5.00000000
1.38088009 -10.74519953 -5.00000000
1.40910694 -10.72445675 -5.00000000
1.50745101 -10.57733964 -5.00000000
1.51695002 -10.11658800 -5.00000000
1.19370770 -9.64775706 -5.00000000
0.75969376 -9.49279188 -5.00000000
0.58722133 -9.53239316 -5.00000000
0.55779686 -9.55139891 -5.00000000
0.46445638 -9.59805968 -5.00000000
0.30287023 -9.65569723 -5.00000000
0.07327642 -9.70706836 -5.00000000
-0.21953214 -9.73558764 -5.00000000
-0.56654200 -9.72650363 -5.00000000
-0.95515166 -9.66794542 -5.00000000
-1.37005729 -9.55176569 -5.00000000
-1.79432935 -9.37412062 -5.00000000
-2.21060389 -9.13574577 -5.00000000
-2.60230443 -8.84190841 -5.00000000
-2.95480825 -8.50203966 -5.00000000
-3.25647446 -8.12907244 -5.00000000
-3.49946148 -7.73853196 -5.00000000
-3.68027602 -7.34744308 -5.00000000
-3.80001488 -6.97313153 -5.00000000
-3.86428244 -6.63200392 -5.00000000
-3.88278971 -6.33839248 -5.00000000
-3.86866325 -6.10354624 -5.00000000
-3.83751272 -5.93483994 -5.00000000
-3.80632302 -5.83525643 -5.00000000
-3.79224925 -5.80317923 -5.00000000
-3.78063934 -5.62660004 -5.00000000
-4.00278877 -5.22282791 -5.00000000
-4.51714031 -4.97842956 -5.00000000
-4.97049000 -5.06123275 -5.00000000
-5.10005487 -5.18176468 -5.00000000
-5.11603432 -5.21293637 -5.00000000
-5.17353916 -5.30001603 -5.00000000
-5.28465810 -5.43072469 -5.00000000
-5.45780661 -5.59001030 -5.00000000
-5.69712662 -5.76111300 -5.00000000
-6.00218798 -5.92675094 -5.00000000
-6.36801292 -6.07034287 -5.00000000
-6.78542160 -6.17718109 -5.00000000
-7.24167452 -6.23547198 -5.00000000
-7.72136627 -6.23717057 -5.00000000
-8.20750757 -6.17855023 -5.00000000
-8.68271921 -6.06046716 -5.00000000
-9.13045342 -5.88830118 -5.00000000
-9.53615659 -5.67157672 -5.00000000
-9.88829102 -5.42329108 -5.00000000
-10.17914369 -5.15899720 -5.00000000
-10.40536483 -4.89570580 -5.00000000
-10.56819832 -4.65068447 -5.00000000
-10.67338757 -4.44023843 -5.00000000
-10.73076356 -4.27855922 -5.00000000
-10.75354425 -4.17672252 -5.00000000
-10.75739461 -4.14190597 -5.00000000
-10.83562972 -3.98317895 -5.00000000
-11.22990284 -3.74457674 -5.00000000
-11.79754352 -3.79009734 -5.00000000
-12.14875427 -4.08848185 -5.00000000
-12.20069477 -4.25764799 -5.00000000
-12.19894754 -4.29263320 -5.00000000
-12.20520836 -4.39679881 -5.00000000
-12.23608585 -4.56555530 -5.00000000
-12.30639406 -4.79007494 -5.00000000
-12.42809991 -5.05791423 -5.00000000
-12.60947183 -5.35389158 -5.00000000
-12.85448956 -5.66115831 -5.00000000
-13.16255697 -5.96238726 -5.00000000
-13.52853815 -6.24099511 -5.00000000
-13.94311409 -6.48231201 -5.00000000
-14.39343498 -6.67461595 -5.00000000
-14.86402186 -6.80995884 -5.00000000
-15.33785405 -6.88472583 -5.00000000
-15.79756554 -6.89988852 -5.00000000
-16.22666572 -6.86093407 -5.00000000
-16.61069846 -6.77747519 -5.00000000
-16.93825741 -6.66256872 -5.00000000
-17.20178602 -6.53179077 -5.00000000
-17.39810559 -6.40213377 -5.00000000
-17.52863427 -6.29080347 -5.00000000
-17.59928127 -6.21400065 -5.00000000
-17.62002406 -6.18577381 -5.00000000
-17.76714116 -6.08742973 -5.00000000
-18.22789280 -6.07793072 -5.00000000
-18.69672375 -6.40117304 -5.00000000
-18.85168893 -6.83518698 -5.00000000
-18.81208765 -7.00765941 -5.00000000
-18.79308190 -7.03708388 -5.00000000
-18.74642112 -7.13042436 -5.00000000
-18.68878357 -7.29201051 -5.00000000
-18.63741245 -7.52160433 -5.00000000
-18.60889316 -7.81441288 -5.00000000
-18.61797718 -8.16142274 -5.00000000
-18.67653539 -8.55003240 -5.00000000
-18.79271512 -8.96493803 -5.00000000
-18.97036019 -9.38921010 -5.00000000
-19.20873503 -9.80548463 -5.00000000
-19.50257239 -10.19718517 -5.00000000
-19.84244115 -10.54968899 -5.00000000
-20.21540837 -10.85135520 -5.00000000
-20.60594884 -11.09434222 -5.00000000
-20.99703773 -11.27515676 -5.00000000
-21.37134928 -11.39489562 -5.00000000
-21.71247688 -11.45916318 -5.00000000
-22.00608833 -11.47767046 -5.00000000
-22.24093457 -11.46354399 -5.00000000
-22.40964087 -11.43239346 -5.00000000
-22.50922438 -11.40120377 -5.00000000
-22.54130158 -11.38713000 -5.00000000
-22.71788077 -11.37552008 -5.00000000
-23.12165290 -11.59766952 -5.00000000
-23.36605125 -12.11202105 -5.00000000
-23.28324806 -12.56537074 -5.00000000
-23.16271613 -12.69493561 -5.00000000
-23.13154443 -12.71091507 -5.00000000
-23.04446478 -12.76841990 -5.00000000
-22.91375612 -12.87953884 -5.00000000
-22.75447051 -13.05268736 -5.00000000
-22.58336781 -13.29200736 -5.00000000
-22.41772986 -13.59706872 -5.00000000
-22.27413793 -13.96289366 -5.00000000
-22.16729971 -14.38030235 -5.00000000
-22.10900882 -14.83655527 -5.00000000
-22.10731023 -15.31624701 -5.00000000
-22.16593058 -15.80238831 -5.00000000
-22.28401364 -16.27759995 -5.00000000
-22.45617963 -16.72533416 -5.00000000
-22.67290409 -17.13103734 -5.00000000
-22.92118973 -17.48317176 -5.00000000
-23.18548361 -17.77402443 -5.00000000
-23.44877500 -18.00024557 -5.00000000
-23.69379633 -18.16307906 -5.00000000
-23.90424237 -18.26826831 -5.00000000
-24.06592158 -18.32564431 -5.00000000
-24.16775828 -18.34842499 -5.00000000
-24.20257483 -18.35227535 -5.00000000
-24.36130186 -18.43051046 -5.00000000
-24.59990406 -18.82478359 -5.00000000
-24.55438347 -19.39242426 -5.00000000
-24.25599896 -19.74363501 -5.00000000
-24.08683281 -19.79557551 -5.00000000
-24.05184761 -19.79382828 -5.00000000
-23.94768199 -19.80008910 -5.00000000
-23.77892550 -19.83096660 -5.00000000
-23.55440586 -19.90127480 -5.00000000
-23.28656658 -20.02298066 -5.00000000
-22.99058923 -20.20435257 -5.00000000
-22.68332250 -20.44937030 -5.00000000
-22.38209354 -20.75743771 -5.00000000
-22.10348569 -21.12341889 -5.00000000
-21.86216880 -21.53799483 -5.00000000
-21.66986486 -21.98831572 -5.00000000
-21.53452197 -22.45890260 -5.00000000
-21.45975498 -22.93273480 -5.00000000
-21.44459228 -23.39244628 -5.00000000
-21.48354674 -23.82154646 -5.00000000
-21.56700562 -24.20557920 -5.00000000
-21.68191209 -24.53313815 -5.00000000
-21.81269004 -24.79666676 -5.00000000
-21.94234703 -24.99298633 -5.00000000
-22.05367734 -25.12351501 -5.00000000
-22.13048016 -25.19416202 -5.00000000
-22.15870700 -25.21490480 -5.00000000
-22.25705108 -25.36202190 -5.00000000
-22.26655009 -25.82277355 -5.00000000
-21.94330776 -26.29160449 -5.00000000
-21.50929382 -26.44656967 -5.00000000
-21.33682139 -26.40696839 -5.00000000
-21.30739693 -26.38796264 -5.00000000
-21.21405645 -26.34130187 -5.00000000
-21.05247030 -26.28366432 -5.00000000
-20.82287648 -26.23229319 -5.00000000
-20.53006793 -26.20377391 -5.00000000
-20.18305806 -26.21285792 -5.00000000
-19.79444841 -26.27141613 -5.00000000
-19.37954277 -26.38759586 -5.00000000
-18.95527071 -26.56524093 -5.00000000
-18.53899618 -26.80361578 -5.00000000
-18.14729564 -27.09745314 -5.00000000
-17.79479182 -27.43732189 -5.00000000
-17.49312560 -27.81028911 -5.00000000
-17.25013858 -28.20082959 -5.00000000
-17.06932404 -28.59191847 -5.00000000
-16.94958518 -28.96623002 -5.00000000
-16.88531762 -29.30735763 -5.00000000
-16.86681035 -29.60096907 -5.00000000
-16.88093681 -29.83581531 -5.00000000
-16.91208735 -30.00452161 -5.00000000
-16.94327704 -30.10410512 -5.00000000
-16.95735081 -30.13618232 -5.00000000
-16.96896073 -30.31276151 -5.00000000
-16.74681129 -30.71653364 -5.00000000
-16.23245975 -30.96093199 -5.00000000
-15.77911006 -30.87812880 -5.00000000
-15.64954520 -30.75759687 -5.00000000
-15.63356574 -30.72642517 -5.00000000
-15.57606090 -30.63934552 -5.00000000
-15.46494196 -30.50863686 -5.00000000
-15.29179345 -30.34935125 -5.00000000
-15.05247344 -30.17824855 -5.00000000
-14.74741208 -30.01261061 -5.00000000
-14.38158714 -29.86901867 -5.00000000
-13.96417846 -29.76218045 -5.00000000
-13.50792554 -29.70388957 -5.00000000
-13.02823380 -29.70219097 -5.00000000
-12.54209249 -29.76081132 -5.00000000
-12.06688086 -29.87889438 -5.00000000
-11.61914664 -30.05106037 -5.00000000
-11.21344347 -30.26778483 -5.00000000
-10.86130904 -30.51607047 -5.00000000
-10.57045638 -30.78036435 -5.00000000
-10.34423523 -31.04365574 -5.00000000
-10.18140174 -31.28867708 -5.00000000
-10.07621250 -31.49912312 -5.00000000
-10.01883650 -31.66080233 -5.00000000
-9.99605581 -31.76263902 -5.00000000
-9.99220546 -31.79745558 -5.00000000
-9.91397034 -31.95618260 -5.00000000
-9.51969722 -32.19478480 -5.00000000
-8.95205655 -32.14926421 -5.00000000
-8.60084580 -31.85087970 -5.00000000
-8.54890530 -31.68171356 -5.00000000
-8.55065253 -31.64672835 -5.00000000
-8.54439170 -31.54256274 -5.00000000
-8.51351421 -31.37380625 -5.00000000
-8.44320600 -31.14928661 -5.00000000
-8.32150015 -30.88144732 -5.00000000
-8.14012823 -30.58546997 -5.00000000
-7.89511051 -30.27820324 -5.00000000
-7.58704309 -29.97697429 -5.00000000
-7.22106192 -29.69836643 -5.00000000
-6.80648598 -29.45704954 -5.00000000
-6.35616509 -29.26474560 -5.00000000
-5.88557821 -29.12940271 -5.00000000
-5.41174601 -29.05463572 -5.00000000
-4.95203453 -29.03947302 -5.00000000
-4.52293435 -29.07842748 -5.00000000
-4.13890161 -29.16188636 -5.00000000
-3.81134265 -29.27679283 -5.00000000
-3.54781405 -29.40757078 -5.00000000
-3.35149447 -29.53722777 -5.00000000
-3.22096580 -29.64855808 -5.00000000
-3.15031879 -29.72536090 -5.00000000
-3.12957601 -29.75358774 -5.00000000
-2.98245890 -29.85193182 -5.00000000
-2.52170726 -29.86143083 -5.00000000
-2.05287631 -29.53818850 -5.00000000
-1.89791114 -29.10417456 -5.00000000
-1.93751242 -28.93170213 -5.00000000
-1.95651817 -28.90227767 -5.00000000
-2.00317894 -28.80893719 -5.00000000
-2.06081649 -28.64735104 -5.00000000
-2.11218762 -28.41775722 -5.00000000
-2.14070690 -28.12494867 -5.00000000
-2.13162289 -27.77793881 -5.00000000
-2.07306468 -27.38932915 -5.00000000
-1.95688495 -26.97442352 -5.00000000
-1.77923988 -26.55015145 -5.00000000
-1.54086503 -26.13387692 -5.00000000
-1.24702767 -25.74217638 -5.00000000
-0.90715892 -25.38967256 -5.00000000
-0.53419169 -25.08800635 -5.00000000
-0.14365122 -24.84501932 -5.00000000
0.24743767 -24.66420478 -5.00000000
0.62174921 -24.54446593 -5.00000000
0.96287682 -24.48019837 -5.00000000
1.25648826 -24.46169109 -5.00000000
1.49133450 -24.47581756 -5.00000000
1.66004080 -24.50696809 -5.00000000
1.75962432 -24.53815778 -5.00000000
1.79170151 -24.55223155 -5.00000000
1.96828070 -24.56384147 -5.00000000
2.37205284 -24.34169203 -5.00000000
2.61645118 -23.82734049 -5.00000000
2.53364799 -23.37399081 -5.00000000
2.41311606 -23.24442594 -5.00000000
2.38194437 -23.22844648 -5.00000000
2.29486471 -23.17094164 -5.00000000
2.16415605 -23.05982271 -5.00000000
2.00487044 -22.88667419 -5.00000000
1.83376774 -22.64735419 -5.00000000
1.66812980 -22.34229282 -5.00000000
1.52453787 -21.97646789 -5.00000000
1.41769965 -21.55905920 -5.00000000
1.35940876 -21.10280628 -5.00000000
1.35771017 -20.62311454 -5.00000000
1.41633052 -20.13697324 -5.00000000
1.53441358 -19.66176160 -5.00000000
1.70657956 -19.21402738 -5.00000000
1.92330402 -18.80832421 -5.00000000
2.17158966 -18.45618978 -5.00000000
2.43588354 -18.16533712 -5.00000000
2.69917494 -17.93911598 -5.00000000
2.94419627 -17.77628248 -5.00000000
3.15464231 -17.67109324 -5.00000000
3.31632152 -17.61371724 -5.00000000
3.41815822 -17.59093655 -5.00000000
3.45297477 -17.58708620 -5.00000000
