20.96540985 0.00000000 0.00000000
20.92319969 1.32970847 0.00000000
20.79673920 2.65406267 0.00000000
20.58653758 3.96772990 0.00000000
20.29344123 5.26542048 0.00000000
19.91863037 6.54190907 0.00000000
19.46361420 7.79205571 0.00000000
18.93022494 9.01082648 0.00000000
18.32061033 10.19331384 0.00000000
17.63722510 11.33475632 0.00000000
16.88282099 12.43055773 0.00000000
16.06043571 13.47630568 0.00000000
15.17338073 14.46778930 0.00000000
14.22522790 15.40101624 0.00000000
13.21979509 16.27222872 0.00000000
12.16113084 17.07791869 0.00000000
11.05349801 17.81484190 0.00000000
9.90135664 18.48003102 0.00000000
8.70934600 19.07080759 0.00000000
7.48226590 19.58479275 0.00000000
6.22505736 20.01991685 0.00000000
4.94278271 20.37442782 0.00000000
3.64060521 20.64689816 0.00000000
2.32376829 20.83623073 0.00000000
0.99757437 20.94166315 0.00000000
-0.33263643 20.96277088 0.00000000
-1.66150783 20.89946893 0.00000000
-2.98368891 20.75201220 0.00000000
-4.29385574 20.52099444 0.00000000
-5.58673272 20.20734588 0.00000000
-6.85711390 19.81232947 0.00000000
-8.09988390 19.33753580 0.00000000
-9.31003853 18.78487670 0.00000000
-10.48270492 18.15657753 0.00000000
-11.61316116 17.45516823 0.00000000
-12.69685530 16.68347313 0.00000000
-13.72942368 15.84459957 0.00000000
-14.70670852 14.94192540 0.00000000
-15.62477463 13.97908537 0.00000000
-16.47992529 12.95995650 0.00000000
-17.26871711 11.88864245 0.00000000
-17.98797390 10.76945704 0.00000000
-18.63479947 9.60690683 0.00000000
-19.20658927 8.40567299 0.00000000
-19.70104092 7.17059248 0.00000000
-20.11616344 5.90663852 0.00000000
-20.45028526 4.61890061 0.00000000
-20.70206100 3.31256402 0.00000000
-20.87047685 1.99288891 0.00000000
-20.95485465 0.66518913 0.00000000
-20.95485465 -0.66518913 0.00000000
-20.87047685 -1.99288891 0.00000000
-20.70206100 -3.31256402 0.00000000
-20.45028526 -4.61890061 0.00000000
-20.11616344 -5.90663852 0.00000000
-19.70104092 -7.17059248 0.00000000
-19.20658927 -8.40567299 0.00000000
-18.63479947 -9.60690683 0.00000000
-17.98797390 -10.76945704 0.00000000
-17.26871711 -11.88864245 0.00000000
-16.47992529 -12.95995650 0.00000000
-15.62477463 -13.97908537 0.00000000
-14.70670852 -14.94192540 0.00000000
-13.72942368 -15.84459957 0.00000000
-12.69685530 -16.68347313 0.00000000
-11.61316116 -17.45516823 0.00000000
-10.48270492 -18.15657753 0.00000000
-9.31003853 -18.78487670 0.00000000
-8.09988390 -19.33753580 0.00000000
-6.85711390 -19.81232947 0.00000000
-5.58673272 -20.20734588 0.00000000
-4.29385574 -20.52099444 0.00000000
-2.98368891 -20.75201220 0.00000000
-1.66150783 -20.89946893 0.00000000
-0.33263643 -20.96277088 0.00000000
0.99757437 -20.94166315 0.00000000
2.32376829 -20.83623073 0.00000000
3.64060521 -20.64689816 0.00000000
4.94278271 -20.37442782 0.00000000
6.22505736 -20.01991685 0.00000000
7.48226590 -19.58479275 0.00000000
8.70934600 -19.07080759 0.00000000
9.90135664 -18.48003102 0.00000000
11.05349801 -17.81484190 0.00000000
12.16113084 -17.07791869 0.00000000
13.21979509 -16.27222872 0.00000000
14.22522790 -15.40101624 0.00000000
15.17338073 -14.46778930 0.00000000
16.06043571 -13.47630568 0.00000000
16.88282099 -12.43055773 0.00000000
17.63722510 -11.33475632 0.00000000
18.32061033 -10.19331384 0.00000000
18.93022494 -9.01082648 0.00000000
19.46361420 -7.79205571 0.00000000
19.91863037 -6.54190907 0.00000000
20.29344123 -5.26542048 0.00000000
20.58653758 -3.96772990 0.00000000
20.79673920 -2.65406267 0.00000000
20.92319969 -1.32970847 0.00000000
20.96540985 -0.00000000 0.00000000
