12.36860527 -2.29238549 -5.00000000
12.42137935 -2.29480181 -5.00000000
12.57650860 -2.27334197 -5.00000000
12.81705736 -2.18851359 -5.00000000
13.11226331 -2.01026686 -5.00000000
13.42218201 -1.72255390 -5.00000000
13.70371890 -1.32577302 -5.00000000
13.91713763 -0.83672856 -5.00000000
14.03206152 -0.28611240 -5.00000000
14.03206152 0.28611240 -5.00000000
13.91713763 0.83672856 -5.00000000
13.70371890 1.32577302 -5.00000000
13.42218201 1.72255390 -5.00000000
13.11226331 2.01026686 -5.00000000
12.81705736 2.18851359 -5.00000000
12.57650860 2.27334197 -5.00000000
12.42137935 2.29480181 -5.00000000
12.36860527 2.29238549 -5.00000000
12.34540814 2.28930560 -5.00000000
12.27557826 2.28485410 -5.00000000
12.15971622 2.28618794 -5.00000000
11.99968103 2.30025295 -5.00000000
11.79853403 2.33356836 -5.00000000
11.56044612 2.39202427 -5.00000000
11.29057116 2.48069851 -5.00000000
10.99488933 2.60369820 -5.00000000
10.68002531 2.76403120 -5.00000000
10.35304687 2.96351096 -5.00000000
10.02124989 3.20269815 -5.00000000
9.69193655 3.48088044 -5.00000000
9.37219335 3.79609131 -5.00000000
9.06867578 4.14516721 -5.00000000
8.78740624 4.52384136 -5.00000000
8.53359144 4.92687131 -5.00000000
8.31146466 5.34819636 -5.00000000
8.12415799 5.78112000 -5.00000000
7.97360819 6.21851188 -5.00000000
7.86049917 6.65302305 -5.00000000
7.78424291 7.07730791 -5.00000000
7.74299921 7.48424611 -5.00000000
7.73373389 7.86715763 -5.00000000
7.75231345 8.22000437 -5.00000000
7.79363351 8.53757220 -5.00000000
7.85177685 8.81562789 -5.00000000
7.92019650 9.05104602 -5.00000000
7.99191801 9.24190214 -5.00000000
8.05975494 9.38752918 -5.00000000
8.11653082 9.48853557 -5.00000000
8.15530088 9.54678427 -5.00000000
8.16956670 9.56533363 -5.00000000
8.19804634 9.60982916 -5.00000000
8.25702620 9.75490495 -5.00000000
8.30383705 10.00564048 -5.00000000
8.29707383 10.35041970 -5.00000000
8.20286644 10.76267365 -5.00000000
8.00001256 11.20488219 -5.00000000
7.68319700 11.63423046 -5.00000000
7.26381137 12.00906555 -5.00000000
6.76825015 12.29517795 -5.00000000
6.23394063 12.47095902 -5.00000000
5.70370634 12.53065520 -5.00000000
5.21931557 12.48522755 -5.00000000
4.81518948 12.36068656 -5.00000000
4.51322031 12.19415407 -5.00000000
4.31948240 12.02824692 -5.00000000
4.22333301 11.90463097 -5.00000000
4.19903857 11.85771912 -5.00000000
4.19010726 11.83608987 -5.00000000
4.15904744 11.77338967 -5.00000000
4.09996128 11.67371712 -5.00000000
4.00776303 11.54215509 -5.00000000
3.87833754 11.38461438 -5.00000000
3.70866927 11.20765216 -5.00000000
3.49693766 11.01827071 -5.00000000
3.24257587 10.82370257 -5.00000000
2.94629142 10.63118883 -5.00000000
2.61004766 10.44775707 -5.00000000
2.23700698 10.28000606 -5.00000000
1.83143739 10.13390349 -5.00000000
1.39858517 10.01460319 -5.00000000
0.94451778 9.92628720 -5.00000000
0.47594158 9.87203772 -5.00000000
0.00000000 9.85374263 -5.00000000
-0.47594158 9.87203772 -5.00000000
-0.94451778 9.92628720 -5.00000000
-1.39858517 10.01460319 -5.00000000
-1.83143739 10.13390349 -5.00000000
-2.23700698 10.28000606 -5.00000000
-2.61004766 10.44775707 -5.00000000
-2.94629142 10.63118883 -5.00000000
-3.24257587 10.82370257 -5.00000000
-3.49693766 11.01827071 -5.00000000
-3.70866927 11.20765216 -5.00000000
-3.87833754 11.38461438 -5.00000000
-4.00776303 11.54215509 -5.00000000
-4.09996128 11.67371712 -5.00000000
-4.15904744 11.77338967 -5.00000000
-4.19010726 11.83608987 -5.00000000
-4.19903857 11.85771912 -5.00000000
-4.22333301 11.90463097 -5.00000000
-4.31948240 12.02824692 -5.00000000
-4.51322031 12.19415407 -5.00000000
-4.81518948 12.36068656 -5.00000000
-5.21931557 12.48522755 -5.00000000
-5.70370634 12.53065520 -5.00000000
-6.23394063 12.47095902 -5.00000000
-6.76825015 12.29517795 -5.00000000
-7.26381137 12.00906555 -5.00000000
-7.68319700 11.63423046 -5.00000000
-8.00001256 11.20488219 -5.00000000
-8.20286644 10.76267365 -5.00000000
-8.29707383 10.35041970 -5.00000000
-8.30383705 10.00564048 -5.00000000
-8.25702620 9.75490495 -5.00000000
-8.19804634 9.60982916 -5.00000000
-8.16956670 9.56533363 -5.00000000
-8.15530088 9.54678427 -5.00000000
-8.11653082 9.48853557 -5.00000000
-8.05975494 9.38752918 -5.00000000
-7.99191801 9.24190214 -5.00000000
-7.92019650 9.05104602 -5.00000000
-7.85177685 8.81562789 -5.00000000
-7.79363351 8.53757220 -5.00000000
-7.75231345 8.22000437 -5.00000000
-7.73373389 7.86715763 -5.00000000
-7.74299921 7.48424611 -5.00000000
-7.78424291 7.07730791 -5.00000000
-7.86049917 6.65302305 -5.00000000
-7.97360819 6.21851188 -5.00000000
-8.12415799 5.78112000 -5.00000000
-8.31146466 5.34819636 -5.00000000
-8.53359144 4.92687131 -5.00000000
-8.78740624 4.52384136 -5.00000000
-9.06867578 4.14516721 -5.00000000
-9.37219335 3.79609131 -5.00000000
-9.69193655 3.48088044 -5.00000000
-10.02124989 3.20269815 -5.00000000
-10.35304687 2.96351096 -5.00000000
-10.68002531 2.76403120 -5.00000000
-10.99488933 2.60369820 -5.00000000
-11.29057116 2.48069851 -5.00000000
-11.56044612 2.39202427 -5.00000000
-11.79853403 2.33356836 -5.00000000
-11.99968103 2.30025295 -5.00000000
-12.15971622 2.28618794 -5.00000000
-12.27557826 2.28485410 -5.00000000
-12.34540814 2.28930560 -5.00000000
-12.36860527 2.29238549 -5.00000000
-12.42137935 2.29480181 -5.00000000
-12.57650860 2.27334197 -5.00000000
-12.81705736 2.18851359 -5.00000000
-13.11226331 2.01026686 -5.00000000
-13.42218201 1.72255390 -5.00000000
-13.70371890 1.32577302 -5.00000000
-13.91713763 0.83672856 -5.00000000
-14.03206152 0.28611240 -5.00000000
-14.03206152 -0.28611240 -5.00000000
-13.91713763 -0.83672856 -5.00000000
-13.70371890 -1.32577302 -5.00000000
-13.42218201 -1.72255390 -5.00000000
-13.11226331 -2.01026686 -5.00000000
-12.81705736 -2.18851359 -5.00000000
-12.57650860 -2.27334197 -5.00000000
-12.42137935 -2.29480181 -5.00000000
-12.36860527 -2.29238549 -5.00000000
-12.34540814 -2.28930560 -5.00000000
-12.27557826 -2.28485410 -5.00000000
-12.15971622 -2.28618794 -5.00000000
-11.99968103 -2.30025295 -5.00000000
-11.79853403 -2.33356836 -5.00000000
-11.56044612 -2.39202427 -5.00000000
-11.29057116 -2.48069851 -5.00000000
-10.99488933 -2.60369820 -5.00000000
-10.68002531 -2.76403120 -5.00000000
-10.35304687 -2.96351096 -5.00000000
-10.02124989 -3.20269815 -5.00000000
-9.69193655 -3.48088044 -5.00000000
-9.37219335 -3.79609131 -5.00000000
-9.06867578 -4.14516721 -5.00000000
-8.78740624 -4.52384136 -5.00000000
-8.53359144 -4.92687131 -5.00000000
-8.31146466 -5.34819636 -5.00000000
-8.12415799 -5.78112000 -5.00000000
-7.97360819 -6.21851188 -5.00000000
-7.86049917 -6.65302305 -5.00000000
-7.78424291 -7.07730791 -5.00000000
-7.74299921 -7.48424611 -5.00000000
-7.73373389 -7.86715763 -5.00000000
-7.75231345 -8.22000437 -5.00000000
-7.79363351 -8.53757220 -5.00000000
-7.85177685 -8.81562789 -5.00000000
-7.92019650 -9.05104602 -5.00000000
-7.99191801 -9.24190214 -5.00000000
-8.05975494 -9.38752918 -5.00000000
-8.11653082 -9.48853557 -5.00000000
-8.15530088 -9.54678427 -5.00000000
-8.16956670 -9.56533363 -5.00000000
-8.19804634 -9.60982916 -5.00000000
-8.25702620 -9.75490495 -5.00000000
-8.30383705 -10.00564048 -5.00000000
-8.29707383 -10.35041970 -5.00000000
-8.20286644 -10.76267365 -5.00000000
-8.00001256 -11.20488219 -5.00000000
-7.68319700 -11.63423046 -5.00000000
-7.26381137 -12.00906555 -5.00000000
-6.76825015 -12.29517795 -5.00000000
-6.23394063 -12.47095902 -5.00000000
-5.70370634 -12.53065520 -5.00000000
-5.21931557 -12.48522755 -5.00000000
-4.81518948 -12.36068656 -5.00000000
-4.51322031 -12.19415407 -5.00000000
-4.31948240 -12.02824692 -5.00000000
-4.22333301 -11.90463097 -5.00000000
-4.19903857 -11.85771912 -5.00000000
-4.19010726 -11.83608987 -5.00000000
-4.15904744 -11.77338967 -5.00000000
-4.09996128 -11.67371712 -5.00000000
-4.00776303 -11.54215509 -5.00000000
-3.87833754 -11.38461438 -5.00000000
-3.70866927 -11.20765216 -5.00000000
-3.49693766 -11.01827071 -5.00000000
-3.24257587 -10.82370257 -5.00000000
-2.94629142 -10.63118883 -5.00000000
-2.61004766 -10.44775707 -5.00000000
-2.23700698 -10.28000606 -5.00000000
-1.83143739 -10.13390349 -5.00000000
-1.39858517 -10.01460319 -5.00000000
-0.94451778 -9.92628720 -5.00000000
-0.47594158 -9.87203772 -5.00000000
-0.00000000 -9.85374263 -5.00000000
0.47594158 -9.87203772 -5.00000000
0.94451778 -9.92628720 -5.00000000
1.39858517 -10.01460319 -5.00000000
1.83143739 -10.13390349 -5.00000000
2.23700698 -10.28000606 -5.00000000
2.61004766 -10.44775707 -5.00000000
2.94629142 -10.63118883 -5.00000000
3.24257587 -10.82370257 -5.00000000
3.49693766 -11.01827071 -5.00000000
3.70866927 -11.20765216 -5.00000000
3.87833754 -11.38461438 -5.00000000
4.00776303 -11.54215509 -5.00000000
4.09996128 -11.67371712 -5.00000000
4.15904744 -11.77338967 -5.00000000
4.19010726 -11.83608987 -5.00000000
4.19903857 -11.85771912 -5.00000000
4.22333301 -11.90463097 -5.00000000
4.31948240 -12.02824692 -5.00000000
4.51322031 -12.19415407 -5.00000000
4.81518948 -12.36068656 -5.00000000
5.21931557 -12.48522755 -5.00000000
5.70370634 -12.53065520 -5.00000000
6.23394063 -12.47095902 -5.00000000
6.76825015 -12.29517795 -5.00000000
7.26381137 -12.00906555 -5.00000000
7.68319700 -11.63423046 -5.00000000
8.00001256 -11.20488219 -5.00000000
8.20286644 -10.76267365 -5.00000000
8.29707383 -10.35041970 -5.00000000
8.30383705 -10.00564048 -5.00000000
8.25702620 -9.75490495 -5.00000000
8.19804634 -9.60982916 -5.00000000
8.16956670 -9.56533363 -5.00000000
8.15530088 -9.54678427 -5.00000000
8.11653082 -9.48853557 -5.00000000
8.05975494 -9.38752918 -5.00000000
7.99191801 -9.24190214 -5.00000000
7.92019650 -9.05104602 -5.00000000
7.85177685 -8.81562789 -5.00000000
7.79363351 -8.53757220 -5.00000000
7.75231345 -8.22000437 -5.00000000
7.73373389 -7.86715763 -5.00000000
7.74299921 -7.48424611 -5.00000000
7.78424291 -7.07730791 -5.00000000
7.86049917 -6.65302305 -5.00000000
7.97360819 -6.21851188 -5.00000000
8.12415799 -5.78112000 -5.00000000
8.31146466 -5.34819636 -5.00000000
8.53359144 -4.92687131 -5.00000000
8.78740624 -4.52384136 -5.00000000
9.06867578 -4.14516721 -5.00000000
9.37219335 -3.79609131 -5.00000000
9.69193655 -3.48088044 -5.00000000
10.02124989 -3.20269815 -5.00000000
10.35304687 -2.96351096 -5.00000000
10.68002531 -2.76403120 -5.00000000
10.99488933 -2.60369820 -5.00000000
11.29057116 -2.48069851 -5.00000000
11.56044612 -2.39202427 -5.00000000
11.79853403 -2.33356836 -5.00000000
11.99968103 -2.30025295 -5.00000000
12.15971622 -2.28618794 -5.00000000
12.27557826 -2.28485410 -5.00000000
12.34540814 -2.28930560 -5.00000000
12.36860527 -2.29238549 -5.00000000
