33.46547524 -2.30345311 -5.00000000
33.51640113 -2.30040395 -5.00000000
33.66362613 -2.26576809 -5.00000000
33.88860643 -2.16544336 -5.00000000
34.16152274 -1.97457035 -5.00000000
34.44548344 -1.68103912 -5.00000000
34.70172464 -1.28719868 -5.00000000
34.89507415 -0.80952849 -5.00000000
34.99890924 -0.27631807 -5.00000000
34.99890924 0.27631807 -5.00000000
34.89507415 0.80952849 -5.00000000
34.70172464 1.28719868 -5.00000000
34.44548344 1.68103912 -5.00000000
34.16152274 1.97457035 -5.00000000
33.88860643 2.16544336 -5.00000000
33.66362613 2.26576809 -5.00000000
33.51640113 2.30040395 -5.00000000
33.46547524 2.30345311 -5.00000000
33.44030011 2.30323662 -5.00000000
33.36521455 2.30861825 -5.00000000
33.24214435 2.32844385 -5.00000000
33.07464092 2.37104217 -5.00000000
32.86775571 2.44392953 -5.00000000
32.62786149 2.55354341 -5.00000000
32.36242703 2.70501409 -5.00000000
32.07975283 2.90198253 -5.00000000
31.78867761 3.14647104 -5.00000000
31.49826562 3.43881115 -5.00000000
31.21748603 3.77763126 -5.00000000
30.95489572 4.15990466 -5.00000000
30.71833659 4.58105600 -5.00000000
30.51465827 5.03512262 -5.00000000
30.34947579 5.51496491 -5.00000000
30.22697110 6.01251838 -5.00000000
30.14974520 6.51907836 -5.00000000
30.11872622 7.02560743 -5.00000000
30.13313669 7.52305461 -5.00000000
30.19052118 8.00267497 -5.00000000
30.28683329 8.45633850 -5.00000000
30.41657897 8.87681717 -5.00000000
30.57301095 9.25804006 -5.00000000
30.74836768 9.59530766 -5.00000000
30.93414803 9.88545751 -5.00000000
31.12141218 10.12697553 -5.00000000
31.30109812 10.32004910 -5.00000000
31.46434235 10.46655979 -5.00000000
31.60279366 10.57001628 -5.00000000
31.70890877 10.63542968 -5.00000000
31.77621933 10.66913566 -5.00000000
31.79956097 10.67856975 -5.00000000
31.84544349 10.70087530 -5.00000000
31.96820708 10.78921523 -5.00000000
32.13766916 10.96799943 -5.00000000
32.31676702 11.24878364 -5.00000000
32.46678295 11.62863820 -5.00000000
32.55280274 12.09055858 -5.00000000
32.54863794 12.60585995 -5.00000000
32.44051826 13.13821811 -5.00000000
32.22903356 13.64878733 -5.00000000
31.92905165 14.10167355 -5.00000000
31.56762353 14.46899161 -5.00000000
31.18017132 14.73479346 -5.00000000
30.80549630 14.89731391 -5.00000000
30.48031057 14.96921702 -5.00000000
30.23406326 14.97580876 -5.00000000
30.08479052 14.95146755 -5.00000000
30.03657428 14.93479611 -5.00000000
30.01339834 14.92496199 -5.00000000
29.94196886 14.90119997 -5.00000000
29.82067989 14.87241952 -5.00000000
29.64962524 14.84767444 -5.00000000
29.43059544 14.83584204 -5.00000000
29.16701467 14.84530852 -5.00000000
28.86381988 14.88367180 -5.00000000
28.52728642 14.95747218 -5.00000000
28.16480627 15.07196045 -5.00000000
27.78462686 15.23091163 -5.00000000
27.39555950 15.43649090 -5.00000000
27.00666799 15.68917651 -5.00000000
26.62694822 15.98774236 -5.00000000
26.26501021 16.32930089 -5.00000000
25.92877380 16.70940477 -5.00000000
25.62518876 17.12220372 -5.00000000
25.35998922 17.56065104 -5.00000000
25.13749113 18.01675244 -5.00000000
24.96043987 18.48184835 -5.00000000
24.82991346 18.94691988 -5.00000000
24.74528474 19.40290738 -5.00000000
24.70424389 19.84103053 -5.00000000
24.70288052 20.25309850 -5.00000000
24.73582229 20.63179924 -5.00000000
24.79642541 20.97095780 -5.00000000
24.87700998 21.26575425 -5.00000000
24.96913209 21.51289380 -5.00000000
25.06388288 21.71072289 -5.00000000
25.15220413 21.85928725 -5.00000000
25.22520908 21.96032984 -5.00000000
25.27449720 22.01722874 -5.00000000
25.29245179 22.03487717 -5.00000000
25.32630575 22.07304328 -5.00000000
25.40591830 22.20163833 -5.00000000
25.49406310 22.43166373 -5.00000000
25.55207647 22.75961230 -5.00000000
25.54530908 23.16796076 -5.00000000
25.44801172 23.62763790 -5.00000000
25.24696665 24.10212048 -5.00000000
24.94335244 24.55257968 -5.00000000
24.55257968 24.94335244 -5.00000000
24.10212048 25.24696665 -5.00000000
23.62763790 25.44801172 -5.00000000
23.16796076 25.54530908 -5.00000000
22.75961230 25.55207647 -5.00000000
22.43166373 25.49406310 -5.00000000
22.20163833 25.40591830 -5.00000000
22.07304328 25.32630575 -5.00000000
22.03487717 25.29245179 -5.00000000
22.01722874 25.27449720 -5.00000000
21.96032984 25.22520908 -5.00000000
21.85928725 25.15220413 -5.00000000
21.71072289 25.06388288 -5.00000000
21.51289380 24.96913209 -5.00000000
21.26575425 24.87700998 -5.00000000
20.97095780 24.79642541 -5.00000000
20.63179924 24.73582229 -5.00000000
20.25309850 24.70288052 -5.00000000
19.84103053 24.70424389 -5.00000000
19.40290738 24.74528474 -5.00000000
18.94691988 24.82991346 -5.00000000
18.48184835 24.96043987 -5.00000000
18.01675244 25.13749113 -5.00000000
17.56065104 25.35998922 -5.00000000
17.12220372 25.62518876 -5.00000000
16.70940477 25.92877380 -5.00000000
16.32930089 26.26501021 -5.00000000
15.98774236 26.62694822 -5.00000000
15.68917651 27.00666799 -5.00000000
15.43649090 27.39555950 -5.00000000
15.23091163 27.78462686 -5.00000000
15.07196045 28.16480627 -5.00000000
14.95747218 28.52728642 -5.00000000
14.88367180 28.86381988 -5.00000000
14.84530852 29.16701467 -5.00000000
14.83584204 29.43059544 -5.00000000
14.84767444 29.64962524 -5.00000000
14.87241952 29.82067989 -5.00000000
14.90119997 29.94196886 -5.00000000
14.92496199 30.01339834 -5.00000000
14.93479611 30.03657428 -5.00000000
14.95146755 30.08479052 -5.00000000
14.97580876 30.23406326 -5.00000000
14.96921702 30.48031057 -5.00000000
14.89731391 30.80549630 -5.00000000
14.73479346 31.18017132 -5.00000000
14.46899161 31.56762353 -5.00000000
14.10167355 31.92905165 -5.00000000
13.64878733 32.22903356 -5.00000000
13.13821811 32.44051826 -5.00000000
12.60585995 32.54863794 -5.00000000
12.09055858 32.55280274 -5.00000000
11.62863820 32.46678295 -5.00000000
11.24878364 32.31676702 -5.00000000
10.96799943 32.13766916 -5.00000000
10.78921523 31.96820708 -5.00000000
10.70087530 31.84544349 -5.00000000
10.67856975 31.79956097 -5.00000000
10.66913566 31.77621933 -5.00000000
10.63542968 31.70890877 -5.00000000
10.57001628 31.60279366 -5.00000000
10.46655979 31.46434235 -5.00000000
10.32004910 31.30109812 -5.00000000
10.12697553 31.12141218 -5.00000000
9.88545751 30.93414803 -5.00000000
9.59530766 30.74836768 -5.00000000
9.25804006 30.57301095 -5.00000000
8.87681717 30.41657897 -5.00000000
8.45633850 30.28683329 -5.00000000
8.00267497 30.19052118 -5.00000000
7.52305461 30.13313669 -5.00000000
7.02560743 30.11872622 -5.00000000
6.51907836 30.14974520 -5.00000000
6.01251838 30.22697110 -5.00000000
5.51496491 30.34947579 -5.00000000
5.03512262 30.51465827 -5.00000000
4.58105600 30.71833659 -5.00000000
4.15990466 30.95489572 -5.00000000
3.77763126 31.21748603 -5.00000000
3.43881115 31.49826562 -5.00000000
3.14647104 31.78867761 -5.00000000
2.90198253 32.07975283 -5.00000000
2.70501409 32.36242703 -5.00000000
2.55354341 32.62786149 -5.00000000
2.44392953 32.86775571 -5.00000000
2.37104217 33.07464092 -5.00000000
2.32844385 33.24214435 -5.00000000
2.30861825 33.36521455 -5.00000000
2.30323662 33.44030011 -5.00000000
2.30345311 33.46547524 -5.00000000
2.30040395 33.51640113 -5.00000000
2.26576809 33.66362613 -5.00000000
2.16544336 33.88860643 -5.00000000
1.97457035 34.16152274 -5.00000000
1.68103912 34.44548344 -5.00000000
1.28719868 34.70172464 -5.00000000
0.80952849 34.89507415 -5.00000000
0.27631807 34.99890924 -5.00000000
-0.27631807 34.99890924 -5.00000000
-0.80952849 34.89507415 -5.00000000
-1.28719868 34.70172464 -5.00000000
-1.68103912 34.44548344 -5.00000000
-1.97457035 34.16152274 -5.00000000
-2.16544336 33.88860643 -5.00000000
-2.26576809 33.66362613 -5.00000000
-2.30040395 33.51640113 -5.00000000
-2.30345311 33.46547524 -5.00000000
-2.30323662 33.44030011 -5.00000000
-2.30861825 33.36521455 -5.00000000
-2.32844385 33.24214435 -5.00000000
-2.37104217 33.07464092 -5.00000000
-2.44392953 32.86775571 -5.00000000
-2.55354341 32.62786149 -5.00000000
-2.70501409 32.36242703 -5.00000000
-2.90198253 32.07975283 -5.00000000
-3.14647104 31.78867761 -5.00000000
-3.43881115 31.49826562 -5.00000000
-3.77763126 31.21748603 -5.00000000
-4.15990466 30.95489572 -5.00000000
-4.58105600 30.71833659 -5.00000000
-5.03512262 30.51465827 -5.00000000
-5.51496491 30.34947579 -5.00000000
-6.01251838 30.22697110 -5.00000000
-6.51907836 30.14974520 -5.00000000
-7.02560743 30.11872622 -5.00000000
-7.52305461 30.13313669 -5.00000000
-8.00267497 30.19052118 -5.00000000
-8.45633850 30.28683329 -5.00000000
-8.87681717 30.41657897 -5.00000000
-9.25804006 30.57301095 -5.00000000
-9.59530766 30.74836768 -5.00000000
-9.88545751 30.93414803 -5.00000000
-10.12697553 31.12141218 -5.00000000
-10.32004910 31.30109812 -5.00000000
-10.46655979 31.46434235 -5.00000000
-10.57001628 31.60279366 -5.00000000
-10.63542968 31.70890877 -5.00000000
-10.66913566 31.77621933 -5.00000000
-10.67856975 31.79956097 -5.00000000
-10.70087530 31.84544349 -5.00000000
-10.78921523 31.96820708 -5.00000000
-10.96799943 32.13766916 -5.00000000
-11.24878364 32.31676702 -5.00000000
-11.62863820 32.46678295 -5.00000000
-12.09055858 32.55280274 -5.00000000
-12.60585995 32.54863794 -5.00000000
-13.13821811 32.44051826 -5.00000000
-13.64878733 32.22903356 -5.00000000
-14.10167355 31.92905165 -5.00000000
-14.46899161 31.56762353 -5.00000000
-14.73479346 31.18017132 -5.00000000
-14.89731391 30.80549630 -5.00000000
-14.96921702 30.48031057 -5.00000000
-14.97580876 30.23406326 -5.00000000
-14.95146755 30.08479052 -5.00000000
-14.93479611 30.03657428 -5.00000000
-14.92496199 30.01339834 -5.00000000
-14.90119997 29.94196886 -5.00000000
-14.87241952 29.82067989 -5.00000000
-14.84767444 29.64962524 -5.00000000
-14.83584204 29.43059544 -5.00000000
-14.84530852 29.16701467 -5.00000000
-14.88367180 28.86381988 -5.00000000
-14.95747218 28.52728642 -5.00000000
-15.07196045 28.16480627 -5.00000000
-15.23091163 27.78462686 -5.00000000
-15.43649090 27.39555950 -5.00000000
-15.68917651 27.00666799 -5.00000000
-15.98774236 26.62694822 -5.00000000
-16.32930089 26.26501021 -5.00000000
-16.70940477 25.92877380 -5.00000000
-17.12220372 25.62518876 -5.00000000
-17.56065104 25.35998922 -5.00000000
-18.01675244 25.13749113 -5.00000000
-18.48184835 24.96043987 -5.00000000
-18.94691988 24.82991346 -5.00000000
-19.40290738 24.74528474 -5.00000000
-19.84103053 24.70424389 -5.00000000
-20.25309850 24.70288052 -5.00000000
-20.63179924 24.73582229 -5.00000000
-20.97095780 24.79642541 -5.00000000
-21.26575425 24.87700998 -5.00000000
-21.51289380 24.96913209 -5.00000000
-21.71072289 25.06388288 -5.00000000
-21.85928725 25.15220413 -5.00000000
-21.96032984 25.22520908 -5.00000000
-22.01722874 25.27449720 -5.00000000
-22.03487717 25.29245179 -5.00000000
-22.07304328 25.32630575 -5.00000000
-22.20163833 25.40591830 -5.00000000
-22.43166373 25.49406310 -5.00000000
-22.75961230 25.55207647 -5.00000000
-23.16796076 25.54530908 -5.00000000
-23.62763790 25.44801172 -5.00000000
-24.10212048 25.24696665 -5.00000000
-24.55257968 24.94335244 -5.00000000
-24.94335244 24.55257968 -5.00000000
-25.24696665 24.10212048 -5.00000000
-25.44801172 23.62763790 -5.00000000
-25.54530908 23.16796076 -5.00000000
-25.55207647 22.75961230 -5.00000000
-25.49406310 22.43166373 -5.00000000
-25.40591830 22.20163833 -5.00000000
-25.32630575 22.07304328 -5.00000000
-25.29245179 22.03487717 -5.00000000
-25.27449720 22.01722874 -5.00000000
-25.22520908 21.96032984 -5.00000000
-25.15220413 21.85928725 -5.00000000
-25.06388288 21.71072289 -5.00000000
-24.96913209 21.51289380 -5.00000000
-24.87700998 21.26575425 -5.00000000
-24.79642541 20.97095780 -5.00000000
-24.73582229 20.63179924 -5.00000000
-24.70288052 20.25309850 -5.00000000
-24.70424389 19.84103053 -5.00000000
-24.74528474 19.40290738 -5.00000000
-24.82991346 18.94691988 -5.00000000
-24.96043987 18.48184835 -5.00000000
-25.13749113 18.01675244 -5.00000000
-25.35998922 17.56065104 -5.00000000
-25.62518876 17.12220372 -5.00000000
-25.92877380 16.70940477 -5.00000000
-26.26501021 16.32930089 -5.00000000
-26.62694822 15.98774236 -5.00000000
-27.00666799 15.68917651 -5.00000000
-27.39555950 15.43649090 -5.00000000
-27.78462686 15.23091163 -5.00000000
-28.16480627 15.07196045 -5.00000000
-28.52728642 14.95747218 -5.00000000
-28.86381988 14.88367180 -5.00000000
-29.16701467 14.84530852 -5.00000000
-29.43059544 14.83584204 -5.00000000
-29.64962524 14.84767444 -5.00000000
-29.82067989 14.87241952 -5.00000000
-29.94196886 14.90119997 -5.00000000
-30.01339834 14.92496199 -5.00000000
-30.03657428 14.93479611 -5.00000000
-30.08479052 14.95146755 -5.00000000
-30.23406326 14.97580876 -5.00000000
-30.48031057 14.96921702 -5.00000000
-30.80549630 14.89731391 -5.00000000
-31.18017132 14.73479346 -5.00000000
-31.56762353 14.46899161 -5.00000000
-31.92905165 14.10167355 -5.00000000
-32.22903356 13.64878733 -5.00000000
-32.44051826 13.13821811 -5.00000000
-32.54863794 12.60585995 -5.00000000
-32.55280274 12.09055858 -5.00000000
-32.46678295 11.62863820 -5.00000000
-32.31676702 11.24878364 -5.00000000
-32.13766916 10.96799943 -5.00000000
-31.96820708 10.78921523 -5.00000000
-31.84544349 10.70087530 -5.00000000
-31.79956097 10.67856975 -5.00000000
-31.77621933 10.66913566 -5.00000000
-31.70890877 10.63542968 -5.00000000
-31.60279366 10.57001628 -5.00000000
-31.46434235 10.46655979 -5.00000000
-31.30109812 10.32004910 -5.00000000
-31.12141218 10.12697553 -5.00000000
-30.93414803 9.88545751 -5.00000000
-30.74836768 9.59530766 -5.00000000
-30.57301095 9.25804006 -5.00000000
-30.41657897 8.87681717 -5.00000000
-30.28683329 8.45633850 -5.00000000
-30.19052118 8.00267497 -5.00000000
-30.13313669 7.52305461 -5.00000000
-30.11872622 7.02560743 -5.00000000
-30.14974520 6.51907836 -5.00000000
-30.22697110 6.01251838 -5.00000000
-30.34947579 5.51496491 -5.00000000
-30.51465827 5.03512262 -5.00000000
-30.71833659 4.58105600 -5.00000000
-30.95489572 4.15990466 -5.00000000
-31.21748603 3.77763126 -5.00000000
-31.49826562 3.43881115 -5.00000000
-31.78867761 3.14647104 -5.00000000
-32.07975283 2.90198253 -5.00000000
-32.36242703 2.70501409 -5.00000000
-32.62786149 2.55354341 -5.00000000
-32.86775571 2.44392953 -5.00000000
-33.07464092 2.37104217 -5.00000000
-33.24214435 2.32844385 -5.00000000
-33.36521455 2.30861825 -5.00000000
-33.44030011 2.30323662 -5.00000000
-33.46547524 2.30345311 -5.00000000
-33.51640113 2.30040395 -5.00000000
-33.66362613 2.26576809 -5.00000000
-33.88860643 2.16544336 -5.00000000
-34.16152274 1.97457035 -5.00000000
-34.44548344 1.68103912 -5.00000000
-34.70172464 1.28719868 -5.00000000
-34.89507415 0.80952849 -5.00000000
-34.99890924 0.27631807 -5.00000000
-34.99890924 -0.27631807 -5.00000000
-34.89507415 -0.80952849 -5.00000000
-34.70172464 -1.28719868 -5.00000000
-34.44548344 -1.68103912 -5.00000000
-34.16152274 -1.97457035 -5.00000000
-33.88860643 -2.16544336 -5.00000000
-33.66362613 -2.26576809 -5.00000000
-33.51640113 -2.30040395 -5.00000000
-33.46547524 -2.30345311 -5.00000000
-33.44030011 -2.30323662 -5.00000000
-33.36521455 -2.30861825 -5.00000000
-33.24214435 -2.32844385 -5.00000000
-33.07464092 -2.37104217 -5.00000000
-32.86775571 -2.44392953 -5.00000000
-32.62786149 -2.55354341 -5.00000000
-32.36242703 -2.70501409 -5.00000000
-32.07975283 -2.90198253 -5.00000000
-31.78867761 -3.14647104 -5.00000000
-31.49826562 -3.43881115 -5.00000000
-31.21748603 -3.77763126 -5.00000000
-30.95489572 -4.15990466 -5.00000000
-30.71833659 -4.58105600 -5.00000000
-30.51465827 -5.03512262 -5.00000000
-30.34947579 -5.51496491 -5.00000000
-30.22697110 -6.01251838 -5.00000000
-30.14974520 -6.51907836 -5.00000000
-30.11872622 -7.02560743 -5.00000000
-30.13313669 -7.52305461 -5.00000000
-30.19052118 -8.00267497 -5.00000000
-30.28683329 -8.45633850 -5.00000000
-30.41657897 -8.87681717 -5.00000000
-30.57301095 -9.25804006 -5.00000000
-30.74836768 -9.59530766 -5.00000000
-30.93414803 -9.88545751 -5.00000000
-31.12141218 -10.12697553 -5.00000000
-31.30109812 -10.32004910 -5.00000000
-31.46434235 -10.46655979 -5.00000000
-31.60279366 -10.57001628 -5.00000000
-31.70890877 -10.63542968 -5.00000000
-31.77621933 -10.66913566 -5.00000000
-31.79956097 -10.67856975 -5.00000000
-31.84544349 -10.70087530 -5.00000000
-31.96820708 -10.78921523 -5.00000000
-32.13766916 -10.96799943 -5.00000000
-32.31676702 -11.24878364 -5.00000000
-32.46678295 -11.62863820 -5.00000000
-32.55280274 -12.09055858 -5.00000000
-32.54863794 -12.60585995 -5.00000000
-32.44051826 -13.13821811 -5.00000000
-32.22903356 -13.64878733 -5.00000000
-31.92905165 -14.10167355 -5.00000000
-31.56762353 -14.46899161 -5.00000000
-31.18017132 -14.73479346 -5.00000000
-30.80549630 -14.89731391 -5.00000000
-30.48031057 -14.96921702 -5.00000000
-30.23406326 -14.97580876 -5.00000000
-30.08479052 -14.95146755 -5.00000000
-30.03657428 -14.93479611 -5.00000000
-30.01339834 -14.92496199 -5.00000000
-29.94196886 -14.90119997 -5.00000000
-29.82067989 -14.87241952 -5.00000000
-29.64962524 -14.84767444 -5.00000000
-29.43059544 -14.83584204 -5.00000000
-29.16701467 -14.84530852 -5.00000000
-28.86381988 -14.88367180 -5.00000000
-28.52728642 -14.95747218 -5.00000000
-28.16480627 -15.07196045 -5.00000000
-27.78462686 -15.23091163 -5.00000000
-27.39555950 -15.43649090 -5.00000000
-27.00666799 -15.68917651 -5.00000000
-26.62694822 -15.98774236 -5.00000000
-26.26501021 -16.32930089 -5.00000000
-25.92877380 -16.70940477 -5.00000000
-25.62518876 -17.12220372 -5.00000000
-25.35998922 -17.56065104 -5.00000000
-25.13749113 -18.01675244 -5.00000000
-24.96043987 -18.48184835 -5.00000000
-24.82991346 -18.94691988 -5.00000000
-24.74528474 -19.40290738 -5.00000000
-24.70424389 -19.84103053 -5.00000000
-24.70288052 -20.25309850 -5.00000000
-24.73582229 -20.63179924 -5.00000000
-24.79642541 -20.97095780 -5.00000000
-24.87700998 -21.26575425 -5.00000000
-24.96913209 -21.51289380 -5.00000000
-25.06388288 -21.71072289 -5.00000000
-25.15220413 -21.85928725 -5.00000000
-25.22520908 -21.96032984 -5.00000000
-25.27449720 -22.01722874 -5.00000000
-25.29245179 -22.03487717 -5.00000000
-25.32630575 -22.07304328 -5.00000000
-25.40591830 -22.20163833 -5.00000000
-25.49406310 -22.43166373 -5.00000000
-25.55207647 -22.75961230 -5.00000000
-25.54530908 -23.16796076 -5.00000000
-25.44801172 -23.62763790 -5.00000000
-25.24696665 -24.10212048 -5.00000000
-24.94335244 -24.55257968 -5.00000000
-24.55257968 -24.94335244 -5.00000000
-24.10212048 -25.24696665 -5.00000000
-23.62763790 -25.44801172 -5.00000000
-23.16796076 -25.54530908 -5.00000000
-22.75961230 -25.55207647 -5.00000000
-22.43166373 -25.49406310 -5.00000000
-22.20163833 -25.40591830 -5.00000000
-22.07304328 -25.32630575 -5.00000000
-22.03487717 -25.29245179 -5.00000000
-22.01722874 -25.27449720 -5.00000000
-21.96032984 -25.22520908 -5.00000000
-21.85928725 -25.15220413 -5.00000000
-21.71072289 -25.06388288 -5.00000000
-21.51289380 -24.96913209 -5.00000000
-21.26575425 -24.87700998 -5.00000000
-20.97095780 -24.79642541 -5.00000000
-20.63179924 -24.73582229 -5.00000000
-20.25309850 -24.70288052 -5.00000000
-19.84103053 -24.70424389 -5.00000000
-19.40290738 -24.74528474 -5.00000000
-18.94691988 -24.82991346 -5.00000000
-18.48184835 -24.96043987 -5.00000000
-18.01675244 -25.13749113 -5.00000000
-17.56065104 -25.35998922 -5.00000000
-17.12220372 -25.62518876 -5.00000000
-16.70940477 -25.92877380 -5.00000000
-16.32930089 -26.26501021 -5.00000000
-15.98774236 -26.62694822 -5.00000000
-15.68917651 -27.00666799 -5.00000000
-15.43649090 -27.39555950 -5.00000000
-15.23091163 -27.78462686 -5.00000000
-15.07196045 -28.16480627 -5.00000000
-14.95747218 -28.52728642 -5.00000000
-14.88367180 -28.86381988 -5.00000000
-14.84530852 -29.16701467 -5.00000000
-14.83584204 -29.43059544 -5.00000000
-14.84767444 -29.64962524 -5.00000000
-14.87241952 -29.82067989 -5.00000000
-14.90119997 -29.94196886 -5.00000000
-14.92496199 -30.01339834 -5.00000000
-14.93479611 -30.03657428 -5.00000000
-14.95146755 -30.08479052 -5.00000000
-14.97580876 -30.23406326 -5.00000000
-14.96921702 -30.48031057 -5.00000000
-14.89731391 -30.80549630 -5.00000000
-14.73479346 -31.18017132 -5.00000000
-14.46899161 -31.56762353 -5.00000000
-14.10167355 -31.92905165 -5.00000000
-13.64878733 -32.22903356 -5.00000000
-13.13821811 -32.44051826 -5.00000000
-12.60585995 -32.54863794 -5.00000000
-12.09055858 -32.55280274 -5.00000000
-11.62863820 -32.46678295 -5.00000000
-11.24878364 -32.31676702 -5.00000000
-10.96799943 -32.13766916 -5.00000000
-10.78921523 -31.96820708 -5.00000000
-10.70087530 -31.84544349 -5.00000000
-10.67856975 -31.79956097 -5.00000000
-10.66913566 -31.77621933 -5.00000000
-10.63542968 -31.70890877 -5.00000000
-10.57001628 -31.60279366 -5.00000000
-10.46655979 -31.46434235 -5.00000000
-10.32004910 -31.30109812 -5.00000000
-10.12697553 -31.12141218 -5.00000000
-9.88545751 -30.93414803 -5.00000000
-9.59530766 -30.74836768 -5.00000000
-9.25804006 -30.57301095 -5.00000000
-8.87681717 -30.41657897 -5.00000000
-8.45633850 -30.28683329 -5.00000000
-8.00267497 -30.19052118 -5.00000000
-7.52305461 -30.13313669 -5.00000000
-7.02560743 -30.11872622 -5.00000000
-6.51907836 -30.14974520 -5.00000000
-6.01251838 -30.22697110 -5.00000000
-5.51496491 -30.34947579 -5.00000000
-5.03512262 -30.51465827 -5.00000000
-4.58105600 -30.71833659 -5.00000000
-4.15990466 -30.95489572 -5.00000000
-3.77763126 -31.21748603 -5.00000000
-3.43881115 -31.49826562 -5.00000000
-3.14647104 -31.78867761 -5.00000000
-2.90198253 -32.07975283 -5.00000000
-2.70501409 -32.36242703 -5.00000000
-2.55354341 -32.62786149 -5.00000000
-2.44392953 -32.86775571 -5.00000000
-2.37104217 -33.07464092 -5.00000000
-2.32844385 -33.24214435 -5.00000000
-2.30861825 -33.36521455 -5.00000000
-2.30323662 -33.44030011 -5.00000000
-2.30345311 -33.46547524 -5.00000000
-2.30040395 -33.51640113 -5.00000000
-2.26576809 -33.66362613 -5.00000000
-2.16544336 -33.88860643 -5.00000000
-1.97457035 -34.16152274 -5.00000000
-1.68103912 -34.44548344 -5.00000000
-1.28719868 -34.70172464 -5.00000000
-0.80952849 -34.89507415 -5.00000000
-0.27631807 -34.99890924 -5.00000000
0.27631807 -34.99890924 -5.00000000
0.80952849 -34.89507415 -5.00000000
1.28719868 -34.70172464 -5.00000000
1.68103912 -34.44548344 -5.00000000
1.97457035 -34.16152274 -5.00000000
2.16544336 -33.88860643 -5.00000000
2.26576809 -33.66362613 -5.00000000
2.30040395 -33.51640113 -5.00000000
2.30345311 -33.46547524 -5.00000000
2.30323662 -33.44030011 -5.00000000
2.30861825 -33.36521455 -5.00000000
2.32844385 -33.24214435 -5.00000000
2.37104217 -33.07464092 -5.00000000
2.44392953 -32.86775571 -5.00000000
2.55354341 -32.62786149 -5.00000000
2.70501409 -32.36242703 -5.00000000
2.90198253 -32.07975283 -5.00000000
3.14647104 -31.78867761 -5.00000000
3.43881115 -31.49826562 -5.00000000
3.77763126 -31.21748603 -5.00000000
4.15990466 -30.95489572 -5.00000000
4.58105600 -30.71833659 -5.00000000
5.03512262 -30.51465827 -5.00000000
5.51496491 -30.34947579 -5.00000000
6.01251838 -30.22697110 -5.00000000
6.51907836 -30.14974520 -5.00000000
7.02560743 -30.11872622 -5.00000000
7.52305461 -30.13313669 -5.00000000
8.00267497 -30.19052118 -5.00000000
8.45633850 -30.28683329 -5.00000000
8.87681717 -30.41657897 -5.00000000
9.25804006 -30.57301095 -5.00000000
9.59530766 -30.74836768 -5.00000000
9.88545751 -30.93414803 -5.00000000
10.12697553 -31.12141218 -5.00000000
10.32004910 -31.30109812 -5.00000000
10.46655979 -31.46434235 -5.00000000
10.57001628 -31.60279366 -5.00000000
10.63542968 -31.70890877 -5.00000000
10.66913566 -31.77621933 -5.00000000
10.67856975 -31.79956097 -5.00000000
10.70087530 -31.84544349 -5.00000000
10.78921523 -31.96820708 -5.00000000
10.96799943 -32.13766916 -5.00000000
11.24878364 -32.31676702 -5.00000000
11.62863820 -32.46678295 -5.00000000
12.09055858 -32.55280274 -5.00000000
12.60585995 -32.54863794 -5.00000000
13.13821811 -32.44051826 -5.00000000
13.64878733 -32.22903356 -5.00000000
14.10167355 -31.92905165 -5.00000000
14.46899161 -31.56762353 -5.00000000
14.73479346 -31.18017132 -5.00000000
14.89731391 -30.80549630 -5.00000000
14.96921702 -30.48031057 -5.00000000
14.97580876 -30.23406326 -5.00000000
14.95146755 -30.08479052 -5.00000000
14.93479611 -30.03657428 -5.00000000
14.92496199 -30.01339834 -5.00000000
14.90119997 -29.94196886 -5.00000000
14.87241952 -29.82067989 -5.00000000
14.84767444 -29.64962524 -5.00000000
14.83584204 -29.43059544 -5.00000000
14.84530852 -29.16701467 -5.00000000
14.88367180 -28.86381988 -5.00000000
14.95747218 -28.52728642 -5.00000000
15.07196045 -28.16480627 -5.00000000
15.23091163 -27.78462686 -5.00000000
15.43649090 -27.39555950 -5.00000000
15.68917651 -27.00666799 -5.00000000
15.98774236 -26.62694822 -5.00000000
16.32930089 -26.26501021 -5.00000000
16.70940477 -25.92877380 -5.00000000
17.12220372 -25.62518876 -5.00000000
17.56065104 -25.35998922 -5.00000000
18.01675244 -25.13749113 -5.00000000
18.48184835 -24.96043987 -5.00000000
18.94691988 -24.82991346 -5.00000000
19.40290738 -24.74528474 -5.00000000
19.84103053 -24.70424389 -5.00000000
20.25309850 -24.70288052 -5.00000000
20.63179924 -24.73582229 -5.00000000
20.97095780 -24.79642541 -5.00000000
21.26575425 -24.87700998 -5.00000000
21.51289380 -24.96913209 -5.00000000
21.71072289 -25.06388288 -5.00000000
21.85928725 -25.15220413 -5.00000000
21.96032984 -25.22520908 -5.00000000
22.01722874 -25.27449720 -5.00000000
22.03487717 -25.29245179 -5.00000000
22.07304328 -25.32630575 -5.00000000
22.20163833 -25.40591830 -5.00000000
22.43166373 -25.49406310 -5.00000000
22.75961230 -25.55207647 -5.00000000
23.16796076 -25.54530908 -5.00000000
23.62763790 -25.44801172 -5.00000000
24.10212048 -25.24696665 -5.00000000
24.55257968 -24.94335244 -5.00000000
24.94335244 -24.55257968 -5.00000000
25.24696665 -24.10212048 -5.00000000
25.44801172 -23.62763790 -5.00000000
25.54530908 -23.16796076 -5.00000000
25.55207647 -22.75961230 -5.00000000
25.49406310 -22.43166373 -5.00000000
25.40591830 -22.20163833 -5.00000000
25.32630575 -22.07304328 -5.00000000
25.29245179 -22.03487717 -5.00000000
25.27449720 -22.01722874 -5.00000000
25.22520908 -21.96032984 -5.00000000
25.15220413 -21.85928725 -5.00000000
25.06388288 -21.71072289 -5.00000000
24.96913209 -21.51289380 -5.00000000
24.87700998 -21.26575425 -5.00000000
24.79642541 -20.97095780 -5.00000000
24.73582229 -20.63179924 -5.00000000
24.70288052 -20.25309850 -5.00000000
24.70424389 -19.84103053 -5.00000000
24.74528474 -19.40290738 -5.00000000
24.82991346 -18.94691988 -5.00000000
24.96043987 -18.48184835 -5.00000000
25.13749113 -18.01675244 -5.00000000
25.35998922 -17.56065104 -5.00000000
25.62518876 -17.12220372 -5.00000000
25.92877380 -16.70940477 -5.00000000
26.26501021 -16.32930089 -5.00000000
26.62694822 -15.98774236 -5.00000000
27.00666799 -15.68917651 -5.00000000
27.39555950 -15.43649090 -5.00000000
27.78462686 -15.23091163 -5.00000000
28.16480627 -15.07196045 -5.00000000
28.52728642 -14.95747218 -5.00000000
28.86381988 -14.88367180 -5.00000000
29.16701467 -14.84530852 -5.00000000
29.43059544 -14.83584204 -5.00000000
29.64962524 -14.84767444 -5.00000000
29.82067989 -14.87241952 -5.00000000
29.94196886 -14.90119997 -5.00000000
30.01339834 -14.92496199 -5.00000000
30.03657428 -14.93479611 -5.00000000
30.08479052 -14.95146755 -5.00000000
30.23406326 -14.97580876 -5.00000000
30.48031057 -14.96921702 -5.00000000
30.80549630 -14.89731391 -5.00000000
31.18017132 -14.73479346 -5.00000000
31.56762353 -14.46899161 -5.00000000
31.92905165 -14.10167355 -5.00000000
32.22903356 -13.64878733 -5.00000000
32.44051826 -13.13821811 -5.00000000
32.54863794 -12.60585995 -5.00000000
32.55280274 -12.09055858 -5.00000000
32.46678295 -11.62863820 -5.00000000
32.31676702 -11.24878364 -5.00000000
32.13766916 -10.96799943 -5.00000000
31.96820708 -10.78921523 -5.00000000
31.84544349 -10.70087530 -5.00000000
31.79956097 -10.67856975 -5.00000000
31.77621933 -10.66913566 -5.00000000
31.70890877 -10.63542968 -5.00000000
31.60279366 -10.57001628 -5.00000000
31.46434235 -10.46655979 -5.00000000
31.30109812 -10.32004910 -5.00000000
31.12141218 -10.12697553 -5.00000000
30.93414803 -9.88545751 -5.00000000
30.74836768 -9.59530766 -5.00000000
30.57301095 -9.25804006 -5.00000000
30.41657897 -8.87681717 -5.00000000
30.28683329 -8.45633850 -5.00000000
30.19052118 -8.00267497 -5.00000000
30.13313669 -7.52305461 -5.00000000
30.11872622 -7.02560743 -5.00000000
30.14974520 -6.51907836 -5.00000000
30.22697110 -6.01251838 -5.00000000
30.34947579 -5.51496491 -5.00000000
30.51465827 -5.03512262 -5.00000000
30.71833659 -4.58105600 -5.00000000
30.95489572 -4.15990466 -5.00000000
31.21748603 -3.77763126 -5.00000000
31.49826562 -3.43881115 -5.00000000
31.78867761 -3.14647104 -5.00000000
32.07975283 -2.90198253 -5.00000000
32.36242703 -2.70501409 -5.00000000
32.62786149 -2.55354341 -5.00000000
32.86775571 -2.44392953 -5.00000000
33.07464092 -2.37104217 -5.00000000
33.24214435 -2.32844385 -5.00000000
33.36521455 -2.30861825 -5.00000000
33.44030011 -2.30323662 -5.00000000
33.46547524 -2.30345311 -5.00000000
