34.48143870 -2.64409278 5.00000000
34.64638415 -2.58473948 5.00000000
34.92912902 -2.22619540 5.00000000
34.96047773 -1.66282796 5.00000000
34.71925780 -1.27512774 5.00000000
34.56191573 -1.19784068 5.00000000
34.52567249 -1.19329614 5.00000000
34.42010420 -1.16692197 5.00000000
34.25377286 -1.10108061 5.00000000
34.03975601 -0.98116187 5.00000000
33.79464263 -0.79670573 5.00000000
33.53725945 -0.54220665 5.00000000
33.28722547 -0.21753736 5.00000000
33.06344566 0.17204016 5.00000000
32.88265944 0.61627762 5.00000000
32.75815556 1.10072606 5.00000000
32.69875175 1.60784412 5.00000000
32.70811785 2.11834370 5.00000000
32.78449400 2.61266970 5.00000000
32.92082591 3.07250030 5.00000000
33.10530646 3.48215257 5.00000000
33.32228239 3.82978539 5.00000000
33.55345615 4.10830752 5.00000000
33.77929092 4.31592085 5.00000000
33.98051065 4.45625736 5.00000000
34.13958020 4.53809914 5.00000000
34.24205178 4.57470293 5.00000000
34.27767433 4.58278121 5.00000000
34.42667509 4.67513159 5.00000000
34.62869580 5.08462658 5.00000000
34.54222879 5.64220085 5.00000000
34.22567268 5.97127645 5.00000000
34.05570003 6.01416135 5.00000000
34.01930393 6.01107119 5.00000000
33.91055906 6.01492014 5.00000000
33.73417327 6.04474047 5.00000000
33.49990070 6.11754210 5.00000000
33.22179304 6.24700549 5.00000000
32.91712097 6.44243019 5.00000000
32.60504829 6.70801968 5.00000000
32.30516088 7.04255756 5.00000000
32.03596312 7.43949979 5.00000000
31.81345745 7.88747606 5.00000000
31.64991599 8.37116163 5.00000000
31.55293858 8.87245290 5.00000000
31.52486958 9.37185618 5.00000000
31.56261814 9.84998338 5.00000000
31.65789586 10.28903942 5.00000000
31.79785341 10.67418747 5.00000000
31.96606747 10.99468694 5.00000000
32.14380197 11.24471711 5.00000000
32.31144696 11.42382287 5.00000000
32.45002460 11.53694863 5.00000000
32.54264657 11.59405758 5.00000000
32.57581112 11.60936567 5.00000000
32.70235512 11.73067697 5.00000000
32.81482240 12.17322599 5.00000000
32.61431869 12.70063842 5.00000000
32.23626143 12.95670721 5.00000000
32.06108682 12.96331567 5.00000000
32.02612855 12.95272586 5.00000000
31.91895977 12.93388138 5.00000000
31.74022844 12.92637739 5.00000000
31.49593897 12.94888012 5.00000000
31.19699168 13.01769260 5.00000000
30.85834635 13.14550191 5.00000000
30.49787405 13.34040408 5.00000000
30.13498556 13.60528140 5.00000000
29.78914148 13.93758013 5.00000000
29.47835859 14.32950551 5.00000000
29.21782701 14.76861922 5.00000000
29.01874448 15.23879332 5.00000000
28.88745708 15.72144757 5.00000000
28.82497251 16.19697491 5.00000000
28.82688329 16.64624588 5.00000000
28.88370566 17.05207633 5.00000000
28.98160825 17.40054579 5.00000000
29.10347463 17.68206528 5.00000000
29.23021799 17.89211250 5.00000000
29.34224721 18.03157810 5.00000000
29.42097155 18.10669628 5.00000000
29.45022864 18.12856515 5.00000000
29.54878532 18.27353548 5.00000000
29.56678380 18.72979700 5.00000000
29.26100637 19.20399714 5.00000000
28.83797087 19.37586769 5.00000000
28.66525027 19.34591089 5.00000000
28.63325767 19.32828426 5.00000000
28.53234877 19.28756993 5.00000000
28.35908331 19.24306959 5.00000000
28.11545357 19.21428995 5.00000000
27.80873209 19.21944407 5.00000000
27.45091391 19.27405212 5.00000000
27.05779636 19.38974880 5.00000000
26.64776676 19.57338916 5.00000000
26.24039142 19.82652134 5.00000000
25.85491401 20.14526681 5.00000000
25.50877880 20.52061727 5.00000000
25.21629201 20.93912536 5.00000000
24.98752408 21.38393627 5.00000000
24.82753726 21.83608092 5.00000000
24.73599760 22.27593151 5.00000000
24.70720137 22.68470763 5.00000000
24.73051368 23.04591729 5.00000000
24.79118579 23.34662235 5.00000000
24.87148823 23.57843096 5.00000000
24.95207281 23.73814109 5.00000000
25.01345889 23.82798546 5.00000000
25.03752985 23.85545934 5.00000000
25.10379180 24.01775281 5.00000000
25.02653487 24.46778601 5.00000000
24.62884766 24.86804904 5.00000000
24.17932261 24.94820978 5.00000000
24.01660473 24.88299698 5.00000000
23.98897603 24.85910389 5.00000000
23.89873722 24.79829913 5.00000000
23.73851016 24.71874732 5.00000000
23.50618795 24.63994310 5.00000000
23.20509746 24.58121361 5.00000000
22.84374482 24.56023376 5.00000000
22.43516313 24.59166846 5.00000000
21.99591269 24.68604589 5.00000000
21.54481033 24.84894843 5.00000000
21.10148562 25.08058329 5.00000000
20.68487455 25.37576588 5.00000000
20.31176657 25.72431714 5.00000000
19.99551638 26.11184434 5.00000000
19.74501950 26.52084541 5.00000000
19.56403012 26.93205205 5.00000000
19.45087382 27.32590835 5.00000000
19.39857699 27.68407162 5.00000000
19.39540317 27.99081999 5.00000000
19.42575509 28.23425885 5.00000000
19.47137311 28.40723340 5.00000000
19.51273806 28.50787734 5.00000000
19.53057087 28.53975548 5.00000000
19.56164213 28.71227908 5.00000000
19.39250628 29.13641536 5.00000000
18.92029012 29.44524786 5.00000000
18.46392192 29.43019538 5.00000000
18.31831832 29.33257669 5.00000000
18.29626102 29.30346139 5.00000000
18.22063617 29.22522366 5.00000000
18.08045021 29.11409717 5.00000000
17.86958911 28.98871251 5.00000000
17.58728872 28.86866616 5.00000000
17.23819446 28.77301534 5.00000000
16.83200562 28.71881420 5.00000000
16.38273168 28.71980396 5.00000000
15.90761765 28.78535723 5.00000000
15.42582105 28.91975792 5.00000000
14.95694202 29.12187175 5.00000000
14.51951946 29.38523282 5.00000000
14.12960867 29.69853951 5.00000000
13.79954964 30.04652170 5.00000000
13.53702065 30.41111268 5.00000000
13.34444975 30.77283576 5.00000000
13.21882940 31.11229917 5.00000000
13.15194837 31.41168448 5.00000000
13.13102324 31.65611414 5.00000000
13.13968096 31.83479330 5.00000000
13.15921693 31.94183818 5.00000000
13.17003222 31.97672736 5.00000000
13.16455482 32.15194099 5.00000000
12.91093211 32.53164355 5.00000000
12.38482512 32.73554806 5.00000000
11.94155924 32.62594023 5.00000000
11.81943350 32.50018204 5.00000000
11.80391162 32.46711702 5.00000000
11.74620589 32.37486567 5.00000000
11.63218783 32.23702127 5.00000000
11.45200348 32.07053608 5.00000000
11.20083107 31.89441948 5.00000000
10.87925228 31.72827807 5.00000000
10.49320869 31.59080995 5.00000000
10.05354668 31.49836878 5.00000000
9.57518575 31.46370779 5.00000000
9.07597408 31.49500036 5.00000000
8.57531936 31.59521209 5.00000000
8.09269969 31.76187282 5.00000000
7.64616926 31.98726599 5.00000000
7.25097324 32.25902081 5.00000000
6.91837841 32.56106175 5.00000000
6.65480919 32.87484257 5.00000000
6.46135554 33.18076996 5.00000000
6.33369031 33.45970763 5.00000000
6.26240266 33.69444534 5.00000000
6.23372170 33.87101997 5.00000000
6.23057489 33.97978743 5.00000000
6.23389996 34.01616281 5.00000000
6.19211330 34.18640879 5.00000000
5.86508825 34.50508281 5.00000000
5.30808383 34.59514772 5.00000000
4.89729312 34.39577493 5.00000000
4.80398272 34.24737349 5.00000000
4.79567463 34.21180384 5.00000000
4.75841004 34.10957071 5.00000000
4.67554302 33.95103284 5.00000000
4.53391035 33.75072332 5.00000000
4.32484336 33.52623362 5.00000000
4.04483457 33.29686281 5.00000000
3.69580819 33.08213572 5.00000000
3.28497346 32.90030374 5.00000000
2.82427228 32.76694334 5.00000000
2.32946350 32.69376016 5.00000000
1.81891409 32.68769005 5.00000000
1.31219010 32.75036657 5.00000000
0.82855556 32.87799546 5.00000000
0.38549452 33.06164591 5.00000000
-0.00263016 33.28793618 5.00000000
-0.32567846 33.54006102 5.00000000
-0.57851057 33.79908188 5.00000000
-0.76138041 34.04538100 5.00000000
-0.87991496 34.26016759 5.00000000
-0.94468110 34.42692054 5.00000000
-0.97037318 34.53265690 5.00000000
-0.97468363 34.56892872 5.00000000
-1.05095329 34.72676648 5.00000000
-1.43708811 34.97048438 5.00000000
-2.00064619 34.94277343 5.00000000
-2.36100820 34.66234922 5.00000000
-2.42142516 34.49779038 5.00000000
-2.42215635 34.46127066 5.00000000
-2.43735115 34.35352383 5.00000000
-2.48544546 34.18122137 5.00000000
-2.58233642 33.95584201 5.00000000
-2.74016077 33.69279047 5.00000000
-2.96636181 33.41021486 5.00000000
-3.26311686 33.12761342 5.00000000
-3.62716887 32.86433755 5.00000000
-4.05007544 32.63810624 5.00000000
-4.51885582 32.46364575 5.00000000
-5.01698646 32.35155910 5.00000000
-5.52566849 32.30751215 5.00000000
-6.02527000 32.33179877 5.00000000
-6.49683217 32.41931844 5.00000000
-6.92352378 32.55996807 5.00000000
-7.29193240 32.73941786 5.00000000
-7.59309299 32.94021174 5.00000000
-7.82317515 33.14310786 5.00000000
-7.98377608 33.32855612 5.00000000
-8.08179681 33.47819948 5.00000000
-8.12891128 33.57628357 5.00000000
-8.14066888 33.61086657 5.00000000
-8.24808817 33.74939784 5.00000000
-8.67645682 33.90750797 5.00000000
-9.22193838 33.76323226 5.00000000
-9.51612214 33.41401251 5.00000000
-9.54100514 33.24048830 5.00000000
-9.53412747 33.20461459 5.00000000
-9.52658841 33.09606311 5.00000000
-9.53780804 32.91752651 5.00000000
-9.58572270 32.67692746 5.00000000
-9.68540671 32.38681070 5.00000000
-9.84791395 32.06338021 5.00000000
-10.07942804 31.72525544 5.00000000
-10.38078652 31.39204211 5.00000000
-10.74741543 31.08282728 5.00000000
-11.16967946 30.81471425 5.00000000
-11.63362062 30.60150977 5.00000000
-12.12202885 30.45266441 5.00000000
-12.61576234 30.37254732 5.00000000
-13.09521611 30.36011119 5.00000000
-13.54182619 30.40897311 5.00000000
-13.93949390 30.50790503 5.00000000
-14.27582081 30.64169628 5.00000000
-14.54305960 30.79232186 5.00000000
-14.73870787 30.94032682 5.00000000
-14.86569922 31.06632046 5.00000000
-14.93217696 31.15246552 5.00000000
-14.95086783 31.18384826 5.00000000
-15.08474202 31.29701856 5.00000000
-15.53662274 31.36261076 5.00000000
-16.04018761 31.10807582 5.00000000
-16.25533588 30.70532313 5.00000000
-16.24359741 30.53041736 5.00000000
-16.22941147 30.49675754 5.00000000
-16.19946803 30.39214562 5.00000000
-16.17332265 30.21517778 5.00000000
-16.17016690 29.96987438 5.00000000
-16.20735391 29.66537190 5.00000000
-16.29906500 29.31522198 5.00000000
-16.45521986 28.93635156 5.00000000
-16.68071398 28.54776379 5.00000000
-16.97504179 28.16907961 5.00000000
-17.33233450 27.81903187 5.00000000
-17.74180973 27.51402763 5.00000000
-18.18859838 27.26688912 5.00000000
-18.65488533 27.08586981 5.00000000
-19.12127627 26.97402140 5.00000000
-19.56828581 26.92896011 5.00000000
-19.97783264 26.94305036 5.00000000
-20.33462675 27.00399166 5.00000000
-20.62734255 27.09576364 5.00000000
-20.84948741 27.19985677 5.00000000
-20.99989924 27.29669416 5.00000000
-21.08283485 27.36713525 5.00000000
-21.10764211 27.39394615 5.00000000
-21.26212027 27.47680940 5.00000000
-21.71776369 27.44701697 5.00000000
-22.15740367 27.09334720 5.00000000
-22.28411344 26.65466378 5.00000000
-22.23626653 26.48602069 5.00000000
-22.21539232 26.45604583 5.00000000
-22.16435317 26.35994553 5.00000000
-22.10198544 26.19228079 5.00000000
-22.04789721 25.95299398 5.00000000
-22.02096197 25.64741399 5.00000000
-22.03786869 25.28584788 5.00000000
-22.11183960 24.88279027 5.00000000
-22.25161420 24.45581121 5.00000000
-22.46077737 24.02420800 5.00000000
-22.73748336 23.60752430 5.00000000
-23.07459663 23.22405045 5.00000000
-23.46023889 22.88941992 5.00000000
-23.87870032 22.61540981 5.00000000
-24.31164490 22.40903743 5.00000000
-24.73951745 22.27202233 5.00000000
-25.14304422 22.20065511 5.00000000
-25.50471194 22.18608302 5.00000000
-25.81011166 22.21499052 5.00000000
-26.04904430 22.27062246 5.00000000
-26.21630290 22.33407134 5.00000000
-26.31207168 22.38572984 5.00000000
-26.34191115 22.40679714 5.00000000
-26.51024182 22.45573181 5.00000000
-26.94973415 22.33185683 5.00000000
-27.30623486 21.89450930 5.00000000
-27.33896831 21.43906772 5.00000000
-27.25710410 21.28405782 5.00000000
-27.23045392 21.25907798 5.00000000
-27.16054972 21.17568933 5.00000000
-27.06468542 21.02465545 5.00000000
-26.96202862 20.80184320 5.00000000
-26.87214833 20.50854102 5.00000000
-26.81351177 20.15136090 5.00000000
-26.80206585 19.74173165 5.00000000
-26.85001210 19.29502233 5.00000000
-26.96486920 18.82936321 5.00000000
-27.14889509 18.36425464 5.00000000
-27.39891293 17.91907083 5.00000000
-27.70655438 17.51157325 5.00000000
-28.05890152 17.15654789 5.00000000
-28.43947799 16.86467100 5.00000000
-28.82951346 16.64169030 5.00000000
-29.20938412 16.48798469 5.00000000
-29.56011882 16.39853609 5.00000000
-29.86485504 16.36331572 5.00000000
-30.11013295 16.36805509 5.00000000
-30.28692831 16.39534243 5.00000000
-30.39134473 16.42596063 5.00000000
-30.42491227 16.44036357 5.00000000
-30.59973861 16.45323099 5.00000000
-31.00387191 16.24068738 5.00000000
-31.26165256 15.73877628 5.00000000
-31.19897908 15.28648153 5.00000000
-31.08667543 15.15187949 5.00000000
-31.05541401 15.13298640 5.00000000
-30.96969992 15.06595390 5.00000000
-30.84452877 14.93815178 5.00000000
-30.69779000 14.74155206 5.00000000
-30.54889285 14.47334640 5.00000000
-30.41727572 14.13616275 5.00000000
-30.32091321 13.73786462 5.00000000
-30.27493563 13.29094839 5.00000000
-30.29046686 12.81158490 5.00000000
-30.37376983 12.31837894 5.00000000
-30.52576526 11.83094183 5.00000000
-30.74196050 11.36838679 5.00000000
-31.01279408 10.94786250 5.00000000
-31.32436943 10.58323752 5.00000000
-31.65952139 10.28403656 5.00000000
-31.99913377 10.05471023 5.00000000
-32.32360667 9.89429445 5.00000000
-32.61436094 9.79648551 5.00000000
-32.85526431 9.75012516 5.00000000
-33.03386963 9.74005839 5.00000000
-33.14237018 9.74829811 5.00000000
-33.17819873 9.75540723 5.00000000
-33.35187998 9.73164503 5.00000000
-33.70299170 9.43972196 5.00000000
-33.85078604 8.89518322 5.00000000
-33.69544475 8.46580274 5.00000000
-33.55760987 8.35749132 5.00000000
-33.52310350 8.34551070 5.00000000
-33.42532562 8.29776398 5.00000000
-33.27631821 8.19877919 5.00000000
-33.09191065 8.03698436 5.00000000
-32.89050417 7.80559709 5.00000000
-32.69165877 7.50314645 5.00000000
-32.51459117 7.13358698 5.00000000
-32.37669920 6.70599622 5.00000000
-32.29222576 6.23387885 5.00000000
-32.27116508 5.73413096 5.00000000
-32.31849516 5.22574389 5.00000000
-32.43379542 4.72834728 5.00000000
-32.61127873 4.26070298 5.00000000
-32.84023561 3.83926578 5.00000000
-33.10585631 3.47692106 5.00000000
-33.39036772 3.18199668 5.00000000
-33.67439780 2.95762466 5.00000000
-33.93846277 2.80150187 5.00000000
-34.16446297 2.70606798 5.00000000
-34.33707233 2.65908706 5.00000000
-34.44491501 2.64458818 5.00000000
-34.48143870 2.64409278 5.00000000
-34.64638415 2.58473948 5.00000000
-34.92912902 2.22619540 5.00000000
-34.96047773 1.66282796 5.00000000
-34.71925780 1.27512774 5.00000000
-34.56191573 1.19784068 5.00000000
-34.52567249 1.19329614 5.00000000
-34.42010420 1.16692197 5.00000000
-34.25377286 1.10108061 5.00000000
-34.03975601 0.98116187 5.00000000
-33.79464263 0.79670573 5.00000000
-33.53725945 0.54220665 5.00000000
-33.28722547 0.21753736 5.00000000
-33.06344566 -0.17204016 5.00000000
-32.88265944 -0.61627762 5.00000000
-32.75815556 -1.10072606 5.00000000
-32.69875175 -1.60784412 5.00000000
-32.70811785 -2.11834370 5.00000000
-32.78449400 -2.61266970 5.00000000
-32.92082591 -3.07250030 5.00000000
-33.10530646 -3.48215257 5.00000000
-33.32228239 -3.82978539 5.00000000
-33.55345615 -4.10830752 5.00000000
-33.77929092 -4.31592085 5.00000000
-33.98051065 -4.45625736 5.00000000
-34.13958020 -4.53809914 5.00000000
-34.24205178 -4.57470293 5.00000000
-34.27767433 -4.58278121 5.00000000
-34.42667509 -4.67513159 5.00000000
-34.62869580 -5.08462658 5.00000000
-34.54222879 -5.64220085 5.00000000
-34.22567268 -5.97127645 5.00000000
-34.05570003 -6.01416135 5.00000000
-34.01930393 -6.01107119 5.00000000
-33.91055906 -6.01492014 5.00000000
-33.73417327 -6.04474047 5.00000000
-33.49990070 -6.11754210 5.00000000
-33.22179304 -6.24700549 5.00000000
-32.91712097 -6.44243019 5.00000000
-32.60504829 -6.70801968 5.00000000
-32.30516088 -7.04255756 5.00000000
-32.03596312 -7.43949979 5.00000000
-31.81345745 -7.88747606 5.00000000
-31.64991599 -8.37116163 5.00000000
-31.55293858 -8.87245290 5.00000000
-31.52486958 -9.37185618 5.00000000
-31.56261814 -9.84998338 5.00000000
-31.65789586 -10.28903942 5.00000000
-31.79785341 -10.67418747 5.00000000
-31.96606747 -10.99468694 5.00000000
-32.14380197 -11.24471711 5.00000000
-32.31144696 -11.42382287 5.00000000
-32.45002460 -11.53694863 5.00000000
-32.54264657 -11.59405758 5.00000000
-32.57581112 -11.60936567 5.00000000
-32.70235512 -11.73067697 5.00000000
-32.81482240 -12.17322599 5.00000000
-32.61431869 -12.70063842 5.00000000
-32.23626143 -12.95670721 5.00000000
-32.06108682 -12.96331567 5.00000000
-32.02612855 -12.95272586 5.00000000
-31.91895977 -12.93388138 5.00000000
-31.74022844 -12.92637739 5.00000000
-31.49593897 -12.94888012 5.00000000
-31.19699168 -13.01769260 5.00000000
-30.85834635 -13.14550191 5.00000000
-30.49787405 -13.34040408 5.00000000
-30.13498556 -13.60528140 5.00000000
-29.78914148 -13.93758013 5.00000000
-29.47835859 -14.32950551 5.00000000
-29.21782701 -14.76861922 5.00000000
-29.01874448 -15.23879332 5.00000000
-28.88745708 -15.72144757 5.00000000
-28.82497251 -16.19697491 5.00000000
-28.82688329 -16.64624588 5.00000000
-28.88370566 -17.05207633 5.00000000
-28.98160825 -17.40054579 5.00000000
-29.10347463 -17.68206528 5.00000000
-29.23021799 -17.89211250 5.00000000
-29.34224721 -18.03157810 5.00000000
-29.42097155 -18.10669628 5.00000000
-29.45022864 -18.12856515 5.00000000
-29.54878532 -18.27353548 5.00000000
-29.56678380 -18.72979700 5.00000000
-29.26100637 -19.20399714 5.00000000
-28.83797087 -19.37586769 5.00000000
-28.66525027 -19.34591089 5.00000000
-28.63325767 -19.32828426 5.00000000
-28.53234877 -19.28756993 5.00000000
-28.35908331 -19.24306959 5.00000000
-28.11545357 -19.21428995 5.00000000
-27.80873209 -19.21944407 5.00000000
-27.45091391 -19.27405212 5.00000000
-27.05779636 -19.38974880 5.00000000
-26.64776676 -19.57338916 5.00000000
-26.24039142 -19.82652134 5.00000000
-25.85491401 -20.14526681 5.00000000
-25.50877880 -20.52061727 5.00000000
-25.21629201 -20.93912536 5.00000000
-24.98752408 -21.38393627 5.00000000
-24.82753726 -21.83608092 5.00000000
-24.73599760 -22.27593151 5.00000000
-24.70720137 -22.68470763 5.00000000
-24.73051368 -23.04591729 5.00000000
-24.79118579 -23.34662235 5.00000000
-24.87148823 -23.57843096 5.00000000
-24.95207281 -23.73814109 5.00000000
-25.01345889 -23.82798546 5.00000000
-25.03752985 -23.85545934 5.00000000
-25.10379180 -24.01775281 5.00000000
-25.02653487 -24.46778601 5.00000000
-24.62884766 -24.86804904 5.00000000
-24.17932261 -24.94820978 5.00000000
-24.01660473 -24.88299698 5.00000000
-23.98897603 -24.85910389 5.00000000
-23.89873722 -24.79829913 5.00000000
-23.73851016 -24.71874732 5.00000000
-23.50618795 -24.63994310 5.00000000
-23.20509746 -24.58121361 5.00000000
-22.84374482 -24.56023376 5.00000000
-22.43516313 -24.59166846 5.00000000
-21.99591269 -24.68604589 5.00000000
-21.54481033 -24.84894843 5.00000000
-21.10148562 -25.08058329 5.00000000
-20.68487455 -25.37576588 5.00000000
-20.31176657 -25.72431714 5.00000000
-19.99551638 -26.11184434 5.00000000
-19.74501950 -26.52084541 5.00000000
-19.56403012 -26.93205205 5.00000000
-19.45087382 -27.32590835 5.00000000
-19.39857699 -27.68407162 5.00000000
-19.39540317 -27.99081999 5.00000000
-19.42575509 -28.23425885 5.00000000
-19.47137311 -28.40723340 5.00000000
-19.51273806 -28.50787734 5.00000000
-19.53057087 -28.53975548 5.00000000
-19.56164213 -28.71227908 5.00000000
-19.39250628 -29.13641536 5.00000000
-18.92029012 -29.44524786 5.00000000
-18.46392192 -29.43019538 5.00000000
-18.31831832 -29.33257669 5.00000000
-18.29626102 -29.30346139 5.00000000
-18.22063617 -29.22522366 5.00000000
-18.08045021 -29.11409717 5.00000000
-17.86958911 -28.98871251 5.00000000
-17.58728872 -28.86866616 5.00000000
-17.23819446 -28.77301534 5.00000000
-16.83200562 -28.71881420 5.00000000
-16.38273168 -28.71980396 5.00000000
-15.90761765 -28.78535723 5.00000000
-15.42582105 -28.91975792 5.00000000
-14.95694202 -29.12187175 5.00000000
-14.51951946 -29.38523282 5.00000000
-14.12960867 -29.69853951 5.00000000
-13.79954964 -30.04652170 5.00000000
-13.53702065 -30.41111268 5.00000000
-13.34444975 -30.77283576 5.00000000
-13.21882940 -31.11229917 5.00000000
-13.15194837 -31.41168448 5.00000000
-13.13102324 -31.65611414 5.00000000
-13.13968096 -31.83479330 5.00000000
-13.15921693 -31.94183818 5.00000000
-13.17003222 -31.97672736 5.00000000
-13.16455482 -32.15194099 5.00000000
-12.91093211 -32.53164355 5.00000000
-12.38482512 -32.73554806 5.00000000
-11.94155924 -32.62594023 5.00000000
-11.81943350 -32.50018204 5.00000000
-11.80391162 -32.46711702 5.00000000
-11.74620589 -32.37486567 5.00000000
-11.63218783 -32.23702127 5.00000000
-11.45200348 -32.07053608 5.00000000
-11.20083107 -31.89441948 5.00000000
-10.87925228 -31.72827807 5.00000000
-10.49320869 -31.59080995 5.00000000
-10.05354668 -31.49836878 5.00000000
-9.57518575 -31.46370779 5.00000000
-9.07597408 -31.49500036 5.00000000
-8.57531936 -31.59521209 5.00000000
-8.09269969 -31.76187282 5.00000000
-7.64616926 -31.98726599 5.00000000
-7.25097324 -32.25902081 5.00000000
-6.91837841 -32.56106175 5.00000000
-6.65480919 -32.87484257 5.00000000
-6.46135554 -33.18076996 5.00000000
-6.33369031 -33.45970763 5.00000000
-6.26240266 -33.69444534 5.00000000
-6.23372170 -33.87101997 5.00000000
-6.23057489 -33.97978743 5.00000000
-6.23389996 -34.01616281 5.00000000
-6.19211330 -34.18640879 5.00000000
-5.86508825 -34.50508281 5.00000000
-5.30808383 -34.59514772 5.00000000
-4.89729312 -34.39577493 5.00000000
-4.80398272 -34.24737349 5.00000000
-4.79567463 -34.21180384 5.00000000
-4.75841004 -34.10957071 5.00000000
-4.67554302 -33.95103284 5.00000000
-4.53391035 -33.75072332 5.00000000
-4.32484336 -33.52623362 5.00000000
-4.04483457 -33.29686281 5.00000000
-3.69580819 -33.08213572 5.00000000
-3.28497346 -32.90030374 5.00000000
-2.82427228 -32.76694334 5.00000000
-2.32946350 -32.69376016 5.00000000
-1.81891409 -32.68769005 5.00000000
-1.31219010 -32.75036657 5.00000000
-0.82855556 -32.87799546 5.00000000
-0.38549452 -33.06164591 5.00000000
0.00263016 -33.28793618 5.00000000
0.32567846 -33.54006102 5.00000000
0.57851057 -33.79908188 5.00000000
0.76138041 -34.04538100 5.00000000
0.87991496 -34.26016759 5.00000000
0.94468110 -34.42692054 5.00000000
0.97037318 -34.53265690 5.00000000
0.97468363 -34.56892872 5.00000000
1.05095329 -34.72676648 5.00000000
1.43708811 -34.97048438 5.00000000
2.00064619 -34.94277343 5.00000000
2.36100820 -34.66234922 5.00000000
2.42142516 -34.49779038 5.00000000
2.42215635 -34.46127066 5.00000000
2.43735115 -34.35352383 5.00000000
2.48544546 -34.18122137 5.00000000
2.58233642 -33.95584201 5.00000000
2.74016077 -33.69279047 5.00000000
2.96636181 -33.41021486 5.00000000
3.26311686 -33.12761342 5.00000000
3.62716887 -32.86433755 5.00000000
4.05007544 -32.63810624 5.00000000
4.51885582 -32.46364575 5.00000000
5.01698646 -32.35155910 5.00000000
5.52566849 -32.30751215 5.00000000
6.02527000 -32.33179877 5.00000000
6.49683217 -32.41931844 5.00000000
6.92352378 -32.55996807 5.00000000
7.29193240 -32.73941786 5.00000000
7.59309299 -32.94021174 5.00000000
7.82317515 -33.14310786 5.00000000
7.98377608 -33.32855612 5.00000000
8.08179681 -33.47819948 5.00000000
8.12891128 -33.57628357 5.00000000
8.14066888 -33.61086657 5.00000000
8.24808817 -33.74939784 5.00000000
8.67645682 -33.90750797 5.00000000
9.22193838 -33.76323226 5.00000000
9.51612214 -33.41401251 5.00000000
9.54100514 -33.24048830 5.00000000
9.53412747 -33.20461459 5.00000000
9.52658841 -33.09606311 5.00000000
9.53780804 -32.91752651 5.00000000
9.58572270 -32.67692746 5.00000000
9.68540671 -32.38681070 5.00000000
9.84791395 -32.06338021 5.00000000
10.07942804 -31.72525544 5.00000000
10.38078652 -31.39204211 5.00000000
10.74741543 -31.08282728 5.00000000
11.16967946 -30.81471425 5.00000000
11.63362062 -30.60150977 5.00000000
12.12202885 -30.45266441 5.00000000
12.61576234 -30.37254732 5.00000000
13.09521611 -30.36011119 5.00000000
13.54182619 -30.40897311 5.00000000
13.93949390 -30.50790503 5.00000000
14.27582081 -30.64169628 5.00000000
14.54305960 -30.79232186 5.00000000
14.73870787 -30.94032682 5.00000000
14.86569922 -31.06632046 5.00000000
14.93217696 -31.15246552 5.00000000
14.95086783 -31.18384826 5.00000000
15.08474202 -31.29701856 5.00000000
15.53662274 -31.36261076 5.00000000
16.04018761 -31.10807582 5.00000000
16.25533588 -30.70532313 5.00000000
16.24359741 -30.53041736 5.00000000
16.22941147 -30.49675754 5.00000000
16.19946803 -30.39214562 5.00000000
16.17332265 -30.21517778 5.00000000
16.17016690 -29.96987438 5.00000000
16.20735391 -29.66537190 5.00000000
16.29906500 -29.31522198 5.00000000
16.45521986 -28.93635156 5.00000000
16.68071398 -28.54776379 5.00000000
16.97504179 -28.16907961 5.00000000
17.33233450 -27.81903187 5.00000000
17.74180973 -27.51402763 5.00000000
18.18859838 -27.26688912 5.00000000
18.65488533 -27.08586981 5.00000000
19.12127627 -26.97402140 5.00000000
19.56828581 -26.92896011 5.00000000
19.97783264 -26.94305036 5.00000000
20.33462675 -27.00399166 5.00000000
20.62734255 -27.09576364 5.00000000
20.84948741 -27.19985677 5.00000000
20.99989924 -27.29669416 5.00000000
21.08283485 -27.36713525 5.00000000
21.10764211 -27.39394615 5.00000000
21.26212027 -27.47680940 5.00000000
21.71776369 -27.44701697 5.00000000
22.15740367 -27.09334720 5.00000000
22.28411344 -26.65466378 5.00000000
22.23626653 -26.48602069 5.00000000
22.21539232 -26.45604583 5.00000000
22.16435317 -26.35994553 5.00000000
22.10198544 -26.19228079 5.00000000
22.04789721 -25.95299398 5.00000000
22.02096197 -25.64741399 5.00000000
22.03786869 -25.28584788 5.00000000
22.11183960 -24.88279027 5.00000000
22.25161420 -24.45581121 5.00000000
22.46077737 -24.02420800 5.00000000
22.73748336 -23.60752430 5.00000000
23.07459663 -23.22405045 5.00000000
23.46023889 -22.88941992 5.00000000
23.87870032 -22.61540981 5.00000000
24.31164490 -22.40903743 5.00000000
24.73951745 -22.27202233 5.00000000
25.14304422 -22.20065511 5.00000000
25.50471194 -22.18608302 5.00000000
25.81011166 -22.21499052 5.00000000
26.04904430 -22.27062246 5.00000000
26.21630290 -22.33407134 5.00000000
26.31207168 -22.38572984 5.00000000
26.34191115 -22.40679714 5.00000000
26.51024182 -22.45573181 5.00000000
26.94973415 -22.33185683 5.00000000
27.30623486 -21.89450930 5.00000000
27.33896831 -21.43906772 5.00000000
27.25710410 -21.28405782 5.00000000
27.23045392 -21.25907798 5.00000000
27.16054972 -21.17568933 5.00000000
27.06468542 -21.02465545 5.00000000
26.96202862 -20.80184320 5.00000000
26.87214833 -20.50854102 5.00000000
26.81351177 -20.15136090 5.00000000
26.80206585 -19.74173165 5.00000000
26.85001210 -19.29502233 5.00000000
26.96486920 -18.82936321 5.00000000
27.14889509 -18.36425464 5.00000000
27.39891293 -17.91907083 5.00000000
27.70655438 -17.51157325 5.00000000
28.05890152 -17.15654789 5.00000000
28.43947799 -16.86467100 5.00000000
28.82951346 -16.64169030 5.00000000
29.20938412 -16.48798469 5.00000000
29.56011882 -16.39853609 5.00000000
29.86485504 -16.36331572 5.00000000
30.11013295 -16.36805509 5.00000000
30.28692831 -16.39534243 5.00000000
30.39134473 -16.42596063 5.00000000
30.42491227 -16.44036357 5.00000000
30.59973861 -16.45323099 5.00000000
31.00387191 -16.24068738 5.00000000
31.26165256 -15.73877628 5.00000000
31.19897908 -15.28648153 5.00000000
31.08667543 -15.15187949 5.00000000
31.05541401 -15.13298640 5.00000000
30.96969992 -15.06595390 5.00000000
30.84452877 -14.93815178 5.00000000
30.69779000 -14.74155206 5.00000000
30.54889285 -14.47334640 5.00000000
30.41727572 -14.13616275 5.00000000
30.32091321 -13.73786462 5.00000000
30.27493563 -13.29094839 5.00000000
30.29046686 -12.81158490 5.00000000
30.37376983 -12.31837894 5.00000000
30.52576526 -11.83094183 5.00000000
30.74196050 -11.36838679 5.00000000
31.01279408 -10.94786250 5.00000000
31.32436943 -10.58323752 5.00000000
31.65952139 -10.28403656 5.00000000
31.99913377 -10.05471023 5.00000000
32.32360667 -9.89429445 5.00000000
32.61436094 -9.79648551 5.00000000
32.85526431 -9.75012516 5.00000000
33.03386963 -9.74005839 5.00000000
33.14237018 -9.74829811 5.00000000
33.17819873 -9.75540723 5.00000000
33.35187998 -9.73164503 5.00000000
33.70299170 -9.43972196 5.00000000
33.85078604 -8.89518322 5.00000000
33.69544475 -8.46580274 5.00000000
33.55760987 -8.35749132 5.00000000
33.52310350 -8.34551070 5.00000000
33.42532562 -8.29776398 5.00000000
33.27631821 -8.19877919 5.00000000
33.09191065 -8.03698436 5.00000000
32.89050417 -7.80559709 5.00000000
32.69165877 -7.50314645 5.00000000
32.51459117 -7.13358698 5.00000000
32.37669920 -6.70599622 5.00000000
32.29222576 -6.23387885 5.00000000
32.27116508 -5.73413096 5.00000000
32.31849516 -5.22574389 5.00000000
32.43379542 -4.72834728 5.00000000
32.61127873 -4.26070298 5.00000000
32.84023561 -3.83926578 5.00000000
33.10585631 -3.47692106 5.00000000
33.39036772 -3.18199668 5.00000000
33.67439780 -2.95762466 5.00000000
33.93846277 -2.80150187 5.00000000
34.16446297 -2.70606798 5.00000000
34.33707233 -2.65908706 5.00000000
34.44491501 -2.64458818 5.00000000
34.48143870 -2.64409278 5.00000000
