34.51058515 -2.23167061 5.00000000
34.67480924 -2.17034959 5.00000000
34.95324742 -1.80845086 5.00000000
34.97785871 -1.24474890 5.00000000
34.73202098 -0.85996023 5.00000000
34.57376617 -0.78455975 5.00000000
34.53747119 -0.78044883 5.00000000
34.43159514 -0.75533863 5.00000000
34.26448854 -0.69149051 5.00000000
34.04905333 -0.57413896 5.00000000
33.80175225 -0.39262639 5.00000000
33.54134487 -0.14122256 5.00000000
33.28744727 0.18043431 5.00000000
33.05902596 0.56730865 5.00000000
32.87294171 1.00935302 5.00000000
32.74265503 1.49227837 5.00000000
32.67719277 1.99865000 5.00000000
32.68045506 2.50922508 5.00000000
32.75091598 3.00442884 5.00000000
32.88174076 3.46585646 5.00000000
33.06131065 3.87768495 5.00000000
33.27411504 4.22788693 5.00000000
33.50194249 4.50915288 5.00000000
33.72527906 4.71945128 5.00000000
33.92480665 4.86218339 5.00000000
34.08288640 4.94592103 5.00000000
34.18491305 4.98374728 5.00000000
34.22043648 4.99225085 5.00000000
34.36832251 5.08637597 5.00000000
34.56543318 5.49825690 5.00000000
34.47230643 6.05475759 5.00000000
34.15183877 6.38002517 5.00000000
33.98136557 6.42087495 5.00000000
33.94500902 6.41734988 5.00000000
33.83622591 6.41989849 5.00000000
33.65949621 6.44760796 5.00000000
33.42437002 6.51760360 5.00000000
33.14473448 6.64373290 5.00000000
32.83774783 6.83550121 5.00000000
32.52252228 7.09734083 5.00000000
32.21865682 7.42826958 5.00000000
31.94473277 7.82196513 5.00000000
31.71688734 8.26724927 5.00000000
31.54757500 8.74894511 5.00000000
31.44461148 9.24904116 5.00000000
31.41057401 9.74807318 5.00000000
31.44260376 10.22661750 5.00000000
31.53262565 10.66678123 5.00000000
31.66796867 11.05357497 5.00000000
31.83233907 11.37606258 5.00000000
32.00707170 11.62819974 5.00000000
32.17256346 11.80929693 5.00000000
32.30977875 11.92407133 5.00000000
32.40171135 11.98228352 5.00000000
32.43469052 11.99798700 5.00000000
32.55977518 12.12080250 5.00000000
32.66694365 12.56466445 5.00000000
32.46014894 13.08964213 5.00000000
32.07905734 13.34117286 5.00000000
31.90381624 13.34568660 5.00000000
31.86898707 13.33467961 5.00000000
31.76205124 13.31455524 5.00000000
31.58342239 13.30491503 5.00000000
31.33888136 13.32449561 5.00000000
31.03913277 13.38972919 5.00000000
30.69898364 13.51348079 5.00000000
30.33620701 13.70405950 5.00000000
29.97017778 13.96457948 5.00000000
29.62038572 14.29271982 5.00000000
29.30493948 14.68090172 5.00000000
29.03917683 15.11686932 5.00000000
28.83448749 15.58462975 5.00000000
28.69743923 16.06567994 5.00000000
28.62927409 16.54042628 5.00000000
28.62581360 16.98968798 5.00000000
28.67778012 17.39616875 5.00000000
28.77150968 17.74578376 5.00000000
28.89000172 18.02874007 5.00000000
29.01422487 18.24028753 5.00000000
29.12457874 18.38108249 5.00000000
29.20239939 18.45713647 5.00000000
29.23139295 18.47935355 5.00000000
29.32820943 18.62549179 5.00000000
29.34075192 19.08193587 5.00000000
29.02932717 19.55244649 5.00000000
28.60426716 19.71924727 5.00000000
28.43191704 19.68722770 5.00000000
28.40013745 19.66921985 5.00000000
28.29972252 19.62730204 5.00000000
28.12700145 19.58073346 5.00000000
27.88373320 19.54904322 5.00000000
27.57697201 19.55053005 5.00000000
27.21852656 19.60085640 5.00000000
26.82405392 19.71184501 5.00000000
26.41185816 19.89057025 5.00000000
26.00148568 20.13881408 5.00000000
25.61222515 20.45292831 5.00000000
25.26162728 20.82411381 5.00000000
24.96415803 21.23909525 5.00000000
24.73008864 21.68113940 5.00000000
24.56470777 22.13133906 5.00000000
24.46791614 22.57006385 5.00000000
24.43423496 22.97846648 5.00000000
24.45322726 23.33992903 5.00000000
24.51030004 23.64133795 5.00000000
24.58782542 23.87409003 5.00000000
24.66649487 24.03475215 5.00000000
24.72680245 24.12532398 5.00000000
24.75054324 24.15308367 5.00000000
24.81486020 24.31615772 5.00000000
24.73222854 24.76523513 5.00000000
24.32978452 25.16071512 5.00000000
23.87933325 25.23549596 5.00000000
23.71740664 25.16834249 5.00000000
23.69006555 25.14412080 5.00000000
23.60056013 25.08224156 5.00000000
23.44129559 25.00077989 5.00000000
23.20993209 24.91920384 5.00000000
22.90956525 24.85687894 5.00000000
22.54848925 24.83158054 5.00000000
22.13956095 24.85812831 5.00000000
21.69921360 24.94724766 5.00000000
21.24619595 25.10474553 5.00000000
20.80013367 25.33106379 5.00000000
20.38002340 25.62124461 5.00000000
20.00277508 25.96531037 5.00000000
19.68191452 26.34902903 5.00000000
19.42654584 26.75500613 5.00000000
19.24065333 27.16401961 5.00000000
19.12279648 27.55649496 5.00000000
19.06622146 27.91400741 5.00000000
19.05938063 28.22069592 5.00000000
19.08682002 28.46448024 5.00000000
19.13036682 28.63798780 5.00000000
19.17052559 28.73911908 5.00000000
19.18797602 28.77120813 5.00000000
19.21698250 28.94409087 5.00000000
19.04278810 29.36617478 5.00000000
18.56691353 29.66933976 5.00000000
18.11075789 29.64883238 5.00000000
17.96633176 29.54947994 5.00000000
17.94462411 29.52010302 5.00000000
17.86994001 29.44096676 5.00000000
17.73109262 29.32817226 5.00000000
17.52174559 29.20027568 5.00000000
17.24090055 29.07686295 5.00000000
16.89297476 28.97704545 5.00000000
16.48746294 28.91799212 5.00000000
16.03820928 28.91361063 5.00000000
15.56234550 28.97347913 5.00000000
15.07897654 29.10211023 5.00000000
14.60771471 29.29860406 5.00000000
14.16717487 29.55671683 5.00000000
13.77354629 29.86533965 5.00000000
13.43935064 30.20935105 5.00000000
13.17248165 30.57077738 5.00000000
12.97560004 30.93017238 5.00000000
12.84593030 31.26810972 5.00000000
12.77547483 31.56667405 5.00000000
12.75162899 31.81083607 5.00000000
12.75814994 31.98960597 5.00000000
12.77640477 32.09687676 5.00000000
12.78680218 32.13189274 5.00000000
12.77923045 32.30702837 5.00000000
12.52108644 32.68367168 5.00000000
11.99257933 32.88127189 5.00000000
11.55065551 32.76637255 5.00000000
11.43004196 32.63916331 5.00000000
11.41491649 32.60591508 5.00000000
11.35831777 32.51298045 5.00000000
11.24595582 32.37378278 5.00000000
11.06777472 32.20515534 5.00000000
10.81872577 32.02604851 5.00000000
10.49915622 31.85607443 5.00000000
10.11478368 31.71400090 5.00000000
9.67625825 31.61631008 5.00000000
9.19834588 31.57593266 5.00000000
8.69879578 31.60125480 5.00000000
8.19697878 31.69547393 5.00000000
7.71240114 31.85635293 5.00000000
7.26320799 32.07639163 5.00000000
6.86479133 32.34340236 5.00000000
6.52860930 32.64144548 5.00000000
6.26130761 32.95205284 5.00000000
6.06421034 33.25564559 5.00000000
5.93321948 33.53303706 5.00000000
5.85913059 33.76690573 5.00000000
5.82834069 33.94312486 5.00000000
5.82389376 34.05184692 5.00000000
5.82678372 34.08825946 5.00000000
5.78296471 34.25799369 5.00000000
5.45215322 34.57273529 5.00000000
4.89411186 34.65613465 5.00000000
4.48573406 34.45186501 5.00000000
4.39420449 34.30235864 5.00000000
4.38632224 34.26669220 5.00000000
4.35028254 34.16402087 5.00000000
4.26931679 34.00450364 5.00000000
4.13008899 33.80251519 5.00000000
3.92372076 33.57554208 5.00000000
3.64647417 33.34284010 5.00000000
3.30003984 33.12395567 5.00000000
2.89140831 32.93722506 5.00000000
2.43233440 32.79836641 5.00000000
1.93843591 32.71927291 5.00000000
1.42799555 32.70709950 5.00000000
0.92055847 32.76371355 5.00000000
0.43543265 32.88555136 5.00000000
-0.00979230 33.06389179 5.00000000
-0.40059459 33.28552578 5.00000000
-0.72663401 33.53377048 5.00000000
-0.98254471 33.78975017 5.00000000
-1.16834604 34.03384544 5.00000000
-1.28943994 34.24719957 5.00000000
-1.35619502 34.41316631 5.00000000
-1.38314936 34.51858796 5.00000000
-1.38789314 34.55480565 5.00000000
-1.46604433 34.71172031 5.00000000
-1.85506526 34.95080447 5.00000000
-2.41825178 34.91635803 5.00000000
-2.77523550 34.63164566 5.00000000
-2.83368080 34.46637629 5.00000000
-2.83397534 34.42985043 5.00000000
-2.84788092 34.32192964 5.00000000
-2.89391188 34.14906452 5.00000000
-2.98810145 33.92254291 5.00000000
-3.14276968 33.65762335 5.00000000
-3.36557630 33.37236365 5.00000000
-3.65893158 33.08623463 5.00000000
-4.01981006 32.81862525 5.00000000
-4.43998176 32.58735417 5.00000000
-4.90664292 32.40730178 5.00000000
-5.40339793 32.28926787 5.00000000
-5.91151702 32.23914266 5.00000000
-6.41137318 32.25745470 5.00000000
-6.88394796 32.33933050 5.00000000
-7.31229058 32.47486888 5.00000000
-7.68281823 32.64990143 5.00000000
-7.98635784 32.84708053 5.00000000
-8.21884922 33.04721146 5.00000000
-8.38165575 33.23072645 5.00000000
-8.48145850 33.37918726 5.00000000
-8.52974222 33.47670107 5.00000000
-8.54191242 33.51114103 5.00000000
-8.65098021 33.64837818 5.00000000
-9.08120849 33.80135578 5.00000000
-9.62492621 33.65056902 5.00000000
-9.91491395 33.29785720 5.00000000
-9.93772065 33.12404790 5.00000000
-9.93041459 33.08825899 5.00000000
-9.92157831 32.97980540 5.00000000
-9.93066270 32.80114742 5.00000000
-9.97569752 32.55999273 5.00000000
-10.07190600 32.26870496 5.00000000
-10.23053494 31.94335478 5.00000000
-10.45799013 31.60248637 5.00000000
-10.75534343 31.26569405 5.00000000
-11.11824941 30.95211819 5.00000000
-11.53727791 30.67897605 5.00000000
-11.99863700 30.46024030 5.00000000
-12.48523086 30.30556655 5.00000000
-12.97797124 30.21955249 5.00000000
-13.45724207 30.20138527 5.00000000
-13.90440439 30.24490438 5.00000000
-14.30322643 30.33907502 5.00000000
-14.64112881 30.46883585 5.00000000
-14.91014926 30.61625576 5.00000000
-15.10755298 30.76191113 5.00000000
-15.23604154 30.88637755 5.00000000
-15.30354441 30.97172171 5.00000000
-15.32260913 31.00287875 5.00000000
-15.45782674 31.11444047 5.00000000
-15.91045932 31.17462565 5.00000000
-16.41094518 30.91408867 5.00000000
-16.62126308 30.50879261 5.00000000
-16.60743441 30.33403968 5.00000000
-16.59284708 30.30055185 5.00000000
-16.56165512 30.19630540 5.00000000
-16.53339592 30.01966278 5.00000000
-16.52730774 29.77441463 5.00000000
-16.56085170 29.46948933 5.00000000
-16.64837011 29.11826802 5.00000000
-16.79998433 28.73755781 5.00000000
-17.02081668 28.34630198 5.00000000
-17.31059621 27.96412611 5.00000000
-17.66367849 27.60983186 5.00000000
-18.06947806 27.29995406 5.00000000
-18.51328019 27.04749175 5.00000000
-18.97736969 26.86091081 5.00000000
-19.44239012 26.74349459 5.00000000
-19.88882900 26.69309243 5.00000000
-20.29851501 26.70228545 5.00000000
-20.65601219 26.75895683 5.00000000
-20.94980423 26.84722277 5.00000000
-21.17317766 26.94865268 5.00000000
-21.32473646 27.04368494 5.00000000
-21.40850827 27.11312948 5.00000000
-21.43363430 27.13964189 5.00000000
-21.58909206 27.22065240 5.00000000
-22.04434674 27.18541478 5.00000000
-22.47972710 26.82651430 5.00000000
-22.60118326 26.38634738 5.00000000
-22.55132361 26.21828837 5.00000000
-22.53009253 26.18856520 5.00000000
-22.47790813 26.09308196 5.00000000
-22.41354039 25.92617482 5.00000000
-22.35659530 25.68755174 5.00000000
-22.32600871 25.38231561 5.00000000
-22.33859162 25.02057322 5.00000000
-22.40773860 24.61666007 5.00000000
-22.54239857 24.18804050 5.00000000
-22.74638689 23.75396753 5.00000000
-23.01809156 23.33400553 5.00000000
-23.35059622 22.94652883 5.00000000
-23.73221034 22.60731177 5.00000000
-24.14736601 22.32831845 5.00000000
-24.57781243 22.11678487 5.00000000
-25.00401635 21.97466425 5.00000000
-25.40666107 21.89847787 5.00000000
-25.76812873 21.87958301 5.00000000
-26.07385222 21.90483732 5.00000000
-26.31343287 21.95760880 5.00000000
-26.48143806 22.01905353 5.00000000
-26.57781760 22.06956340 5.00000000
-26.60790680 22.09027245 5.00000000
-26.77681047 22.13719120 5.00000000
-27.21479043 22.00807084 5.00000000
-27.56603708 21.56649253 5.00000000
-27.59332328 21.11069215 5.00000000
-27.50961174 20.95667204 5.00000000
-27.48266483 20.93201259 5.00000000
-27.41176870 20.84946563 5.00000000
-27.31410560 20.69958862 5.00000000
-27.20879237 20.47801957 5.00000000
-27.11541201 20.18581289 5.00000000
-27.05250948 19.82935931 5.00000000
-27.03616717 19.41989617 5.00000000
-27.07876948 18.97264557 5.00000000
-27.18805132 18.50564659 5.00000000
-27.36650358 18.03837119 5.00000000
-27.61118127 17.59023018 5.00000000
-27.91392902 17.17908379 5.00000000
-28.26200657 16.81987142 5.00000000
-28.63906639 16.52346551 5.00000000
-29.02640820 16.29583779 5.00000000
-29.40441413 16.13760173 5.00000000
-29.75405439 16.04396641 5.00000000
-30.05834776 16.00510537 5.00000000
-30.30366480 16.00691204 5.00000000
-30.48077376 16.03208381 5.00000000
-30.58554876 16.06145149 5.00000000
-30.61928609 16.07545211 5.00000000
-30.79425376 16.08622852 5.00000000
-31.19581718 15.86886859 5.00000000
-31.44757895 15.36391154 5.00000000
-31.37950266 14.91239838 5.00000000
-31.26559784 14.77914858 5.00000000
-31.23411279 14.76063058 5.00000000
-31.14760344 14.69462760 5.00000000
-31.02091333 14.56833106 5.00000000
-30.87183465 14.37349969 5.00000000
-30.71974169 14.10709329 5.00000000
-30.58410286 13.77150725 5.00000000
-30.48298549 13.37438962 5.00000000
-30.43166822 12.92805500 5.00000000
-30.44146744 12.44854009 5.00000000
-30.51886807 11.95437347 5.00000000
-30.66502521 11.46515406 5.00000000
-30.87567506 11.00004741 5.00000000
-31.14146183 10.57631530 5.00000000
-31.44865573 10.20799143 5.00000000
-31.78020673 9.90480503 5.00000000
-32.11705319 9.67143495 5.00000000
-32.43958509 9.50715149 5.00000000
-32.72914926 9.40587351 5.00000000
-32.96948117 9.35663642 5.00000000
-33.14795337 9.34443511 5.00000000
-33.25654467 9.35137709 5.00000000
-33.29245565 9.35805737 5.00000000
-33.46584041 9.33222046 5.00000000
-33.81343703 9.03612064 5.00000000
-33.95471073 8.48985390 5.00000000
-33.79424720 8.06236124 5.00000000
-33.65512728 7.95570542 5.00000000
-33.62048015 7.94413819 5.00000000
-33.52213844 7.89756383 5.00000000
-33.37195829 7.80036753 5.00000000
-33.18562962 7.64078889 5.00000000
-32.98147125 7.41182602 5.00000000
-32.77902419 7.11177424 5.00000000
-32.59755108 6.74435806 5.00000000
-32.45455703 6.31844639 5.00000000
-32.36444535 5.84737266 5.00000000
-32.33741158 5.34791227 5.00000000
-32.37866041 4.83899569 5.00000000
-32.48800593 4.34025618 5.00000000
-32.65988577 3.87052346 5.00000000
-32.88378791 3.44637914 5.00000000
-33.14505772 3.08088476 5.00000000
-33.42602291 2.78258006 5.00000000
-33.70735027 2.55482844 5.00000000
-33.96952989 2.39555985 5.00000000
-34.19437300 2.29743089 5.00000000
-34.36640836 2.24838975 5.00000000
-34.47407000 2.23260263 5.00000000
-34.51058515 2.23167061 5.00000000
-34.67480924 2.17034959 5.00000000
-34.95324742 1.80845086 5.00000000
-34.97785871 1.24474890 5.00000000
-34.73202098 0.85996023 5.00000000
-34.57376617 0.78455975 5.00000000
-34.53747119 0.78044883 5.00000000
-34.43159514 0.75533863 5.00000000
-34.26448854 0.69149051 5.00000000
-34.04905333 0.57413896 5.00000000
-33.80175225 0.39262639 5.00000000
-33.54134487 0.14122256 5.00000000
-33.28744727 -0.18043431 5.00000000
-33.05902596 -0.56730865 5.00000000
-32.87294171 -1.00935302 5.00000000
-32.74265503 -1.49227837 5.00000000
-32.67719277 -1.99865000 5.00000000
-32.68045506 -2.50922508 5.00000000
-32.75091598 -3.00442884 5.00000000
-32.88174076 -3.46585646 5.00000000
-33.06131065 -3.87768495 5.00000000
-33.27411504 -4.22788693 5.00000000
-33.50194249 -4.50915288 5.00000000
-33.72527906 -4.71945128 5.00000000
-33.92480665 -4.86218339 5.00000000
-34.08288640 -4.94592103 5.00000000
-34.18491305 -4.98374728 5.00000000
-34.22043648 -4.99225085 5.00000000
-34.36832251 -5.08637597 5.00000000
-34.56543318 -5.49825690 5.00000000
-34.47230643 -6.05475759 5.00000000
-34.15183877 -6.38002517 5.00000000
-33.98136557 -6.42087495 5.00000000
-33.94500902 -6.41734988 5.00000000
-33.83622591 -6.41989849 5.00000000
-33.65949621 -6.44760796 5.00000000
-33.42437002 -6.51760360 5.00000000
-33.14473448 -6.64373290 5.00000000
-32.83774783 -6.83550121 5.00000000
-32.52252228 -7.09734083 5.00000000
-32.21865682 -7.42826958 5.00000000
-31.94473277 -7.82196513 5.00000000
-31.71688734 -8.26724927 5.00000000
-31.54757500 -8.74894511 5.00000000
-31.44461148 -9.24904116 5.00000000
-31.41057401 -9.74807318 5.00000000
-31.44260376 -10.22661750 5.00000000
-31.53262565 -10.66678123 5.00000000
-31.66796867 -11.05357497 5.00000000
-31.83233907 -11.37606258 5.00000000
-32.00707170 -11.62819974 5.00000000
-32.17256346 -11.80929693 5.00000000
-32.30977875 -11.92407133 5.00000000
-32.40171135 -11.98228352 5.00000000
-32.43469052 -11.99798700 5.00000000
-32.55977518 -12.12080250 5.00000000
-32.66694365 -12.56466445 5.00000000
-32.46014894 -13.08964213 5.00000000
-32.07905734 -13.34117286 5.00000000
-31.90381624 -13.34568660 5.00000000
-31.86898707 -13.33467961 5.00000000
-31.76205124 -13.31455524 5.00000000
-31.58342239 -13.30491503 5.00000000
-31.33888136 -13.32449561 5.00000000
-31.03913277 -13.38972919 5.00000000
-30.69898364 -13.51348079 5.00000000
-30.33620701 -13.70405950 5.00000000
-29.97017778 -13.96457948 5.00000000
-29.62038572 -14.29271982 5.00000000
-29.30493948 -14.68090172 5.00000000
-29.03917683 -15.11686932 5.00000000
-28.83448749 -15.58462975 5.00000000
-28.69743923 -16.06567994 5.00000000
-28.62927409 -16.54042628 5.00000000
-28.62581360 -16.98968798 5.00000000
-28.67778012 -17.39616875 5.00000000
-28.77150968 -17.74578376 5.00000000
-28.89000172 -18.02874007 5.00000000
-29.01422487 -18.24028753 5.00000000
-29.12457874 -18.38108249 5.00000000
-29.20239939 -18.45713647 5.00000000
-29.23139295 -18.47935355 5.00000000
-29.32820943 -18.62549179 5.00000000
-29.34075192 -19.08193587 5.00000000
-29.02932717 -19.55244649 5.00000000
-28.60426716 -19.71924727 5.00000000
-28.43191704 -19.68722770 5.00000000
-28.40013745 -19.66921985 5.00000000
-28.29972252 -19.62730204 5.00000000
-28.12700145 -19.58073346 5.00000000
-27.88373320 -19.54904322 5.00000000
-27.57697201 -19.55053005 5.00000000
-27.21852656 -19.60085640 5.00000000
-26.82405392 -19.71184501 5.00000000
-26.41185816 -19.89057025 5.00000000
-26.00148568 -20.13881408 5.00000000
-25.61222515 -20.45292831 5.00000000
-25.26162728 -20.82411381 5.00000000
-24.96415803 -21.23909525 5.00000000
-24.73008864 -21.68113940 5.00000000
-24.56470777 -22.13133906 5.00000000
-24.46791614 -22.57006385 5.00000000
-24.43423496 -22.97846648 5.00000000
-24.45322726 -23.33992903 5.00000000
-24.51030004 -23.64133795 5.00000000
-24.58782542 -23.87409003 5.00000000
-24.66649487 -24.03475215 5.00000000
-24.72680245 -24.12532398 5.00000000
-24.75054324 -24.15308367 5.00000000
-24.81486020 -24.31615772 5.00000000
-24.73222854 -24.76523513 5.00000000
-24.32978452 -25.16071512 5.00000000
-23.87933325 -25.23549596 5.00000000
-23.71740664 -25.16834249 5.00000000
-23.69006555 -25.14412080 5.00000000
-23.60056013 -25.08224156 5.00000000
-23.44129559 -25.00077989 5.00000000
-23.20993209 -24.91920384 5.00000000
-22.90956525 -24.85687894 5.00000000
-22.54848925 -24.83158054 5.00000000
-22.13956095 -24.85812831 5.00000000
-21.69921360 -24.94724766 5.00000000
-21.24619595 -25.10474553 5.00000000
-20.80013367 -25.33106379 5.00000000
-20.38002340 -25.62124461 5.00000000
-20.00277508 -25.96531037 5.00000000
-19.68191452 -26.34902903 5.00000000
-19.42654584 -26.75500613 5.00000000
-19.24065333 -27.16401961 5.00000000
-19.12279648 -27.55649496 5.00000000
-19.06622146 -27.91400741 5.00000000
-19.05938063 -28.22069592 5.00000000
-19.08682002 -28.46448024 5.00000000
-19.13036682 -28.63798780 5.00000000
-19.17052559 -28.73911908 5.00000000
-19.18797602 -28.77120813 5.00000000
-19.21698250 -28.94409087 5.00000000
-19.04278810 -29.36617478 5.00000000
-18.56691353 -29.66933976 5.00000000
-18.11075789 -29.64883238 5.00000000
-17.96633176 -29.54947994 5.00000000
-17.94462411 -29.52010302 5.00000000
-17.86994001 -29.44096676 5.00000000
-17.73109262 -29.32817226 5.00000000
-17.52174559 -29.20027568 5.00000000
-17.24090055 -29.07686295 5.00000000
-16.89297476 -28.97704545 5.00000000
-16.48746294 -28.91799212 5.00000000
-16.03820928 -28.91361063 5.00000000
-15.56234550 -28.97347913 5.00000000
-15.07897654 -29.10211023 5.00000000
-14.60771471 -29.29860406 5.00000000
-14.16717487 -29.55671683 5.00000000
-13.77354629 -29.86533965 5.00000000
-13.43935064 -30.20935105 5.00000000
-13.17248165 -30.57077738 5.00000000
-12.97560004 -30.93017238 5.00000000
-12.84593030 -31.26810972 5.00000000
-12.77547483 -31.56667405 5.00000000
-12.75162899 -31.81083607 5.00000000
-12.75814994 -31.98960597 5.00000000
-12.77640477 -32.09687676 5.00000000
-12.78680218 -32.13189274 5.00000000
-12.77923045 -32.30702837 5.00000000
-12.52108644 -32.68367168 5.00000000
-11.99257933 -32.88127189 5.00000000
-11.55065551 -32.76637255 5.00000000
-11.43004196 -32.63916331 5.00000000
-11.41491649 -32.60591508 5.00000000
-11.35831777 -32.51298045 5.00000000
-11.24595582 -32.37378278 5.00000000
-11.06777472 -32.20515534 5.00000000
-10.81872577 -32.02604851 5.00000000
-10.49915622 -31.85607443 5.00000000
-10.11478368 -31.71400090 5.00000000
-9.67625825 -31.61631008 5.00000000
-9.19834588 -31.57593266 5.00000000
-8.69879578 -31.60125480 5.00000000
-8.19697878 -31.69547393 5.00000000
-7.71240114 -31.85635293 5.00000000
-7.26320799 -32.07639163 5.00000000
-6.86479133 -32.34340236 5.00000000
-6.52860930 -32.64144548 5.00000000
-6.26130761 -32.95205284 5.00000000
-6.06421034 -33.25564559 5.00000000
-5.93321948 -33.53303706 5.00000000
-5.85913059 -33.76690573 5.00000000
-5.82834069 -33.94312486 5.00000000
-5.82389376 -34.05184692 5.00000000
-5.82678372 -34.08825946 5.00000000
-5.78296471 -34.25799369 5.00000000
-5.45215322 -34.57273529 5.00000000
-4.89411186 -34.65613465 5.00000000
-4.48573406 -34.45186501 5.00000000
-4.39420449 -34.30235864 5.00000000
-4.38632224 -34.26669220 5.00000000
-4.35028254 -34.16402087 5.00000000
-4.26931679 -34.00450364 5.00000000
-4.13008899 -33.80251519 5.00000000
-3.92372076 -33.57554208 5.00000000
-3.64647417 -33.34284010 5.00000000
-3.30003984 -33.12395567 5.00000000
-2.89140831 -32.93722506 5.00000000
-2.43233440 -32.79836641 5.00000000
-1.93843591 -32.71927291 5.00000000
-1.42799555 -32.70709950 5.00000000
-0.92055847 -32.76371355 5.00000000
-0.43543265 -32.88555136 5.00000000
0.00979230 -33.06389179 5.00000000
0.40059459 -33.28552578 5.00000000
0.72663401 -33.53377048 5.00000000
0.98254471 -33.78975017 5.00000000
1.16834604 -34.03384544 5.00000000
1.28943994 -34.24719957 5.00000000
1.35619502 -34.41316631 5.00000000
1.38314936 -34.51858796 5.00000000
1.38789314 -34.55480565 5.00000000
1.46604433 -34.71172031 5.00000000
1.85506526 -34.95080447 5.00000000
2.41825178 -34.91635803 5.00000000
2.77523550 -34.63164566 5.00000000
2.83368080 -34.46637629 5.00000000
2.83397534 -34.42985043 5.00000000
2.84788092 -34.32192964 5.00000000
2.89391188 -34.14906452 5.00000000
2.98810145 -33.92254291 5.00000000
3.14276968 -33.65762335 5.00000000
3.36557630 -33.37236365 5.00000000
3.65893158 -33.08623463 5.00000000
4.01981006 -32.81862525 5.00000000
4.43998176 -32.58735417 5.00000000
4.90664292 -32.40730178 5.00000000
5.40339793 -32.28926787 5.00000000
5.91151702 -32.23914266 5.00000000
6.41137318 -32.25745470 5.00000000
6.88394796 -32.33933050 5.00000000
7.31229058 -32.47486888 5.00000000
7.68281823 -32.64990143 5.00000000
7.98635784 -32.84708053 5.00000000
8.21884922 -33.04721146 5.00000000
8.38165575 -33.23072645 5.00000000
8.48145850 -33.37918726 5.00000000
8.52974222 -33.47670107 5.00000000
8.54191242 -33.51114103 5.00000000
8.65098021 -33.64837818 5.00000000
9.08120849 -33.80135578 5.00000000
9.62492621 -33.65056902 5.00000000
9.91491395 -33.29785720 5.00000000
9.93772065 -33.12404790 5.00000000
9.93041459 -33.08825899 5.00000000
9.92157831 -32.97980540 5.00000000
9.93066270 -32.80114742 5.00000000
9.97569752 -32.55999273 5.00000000
10.07190600 -32.26870496 5.00000000
10.23053494 -31.94335478 5.00000000
10.45799013 -31.60248637 5.00000000
10.75534343 -31.26569405 5.00000000
11.11824941 -30.95211819 5.00000000
11.53727791 -30.67897605 5.00000000
11.99863700 -30.46024030 5.00000000
12.48523086 -30.30556655 5.00000000
12.97797124 -30.21955249 5.00000000
13.45724207 -30.20138527 5.00000000
13.90440439 -30.24490438 5.00000000
14.30322643 -30.33907502 5.00000000
14.64112881 -30.46883585 5.00000000
14.91014926 -30.61625576 5.00000000
15.10755298 -30.76191113 5.00000000
15.23604154 -30.88637755 5.00000000
15.30354441 -30.97172171 5.00000000
15.32260913 -31.00287875 5.00000000
15.45782674 -31.11444047 5.00000000
15.91045932 -31.17462565 5.00000000
16.41094518 -30.91408867 5.00000000
16.62126308 -30.50879261 5.00000000
16.60743441 -30.33403968 5.00000000
16.59284708 -30.30055185 5.00000000
16.56165512 -30.19630540 5.00000000
16.53339592 -30.01966278 5.00000000
16.52730774 -29.77441463 5.00000000
16.56085170 -29.46948933 5.00000000
16.64837011 -29.11826802 5.00000000
16.79998433 -28.73755781 5.00000000
17.02081668 -28.34630198 5.00000000
17.31059621 -27.96412611 5.00000000
17.66367849 -27.60983186 5.00000000
18.06947806 -27.29995406 5.00000000
18.51328019 -27.04749175 5.00000000
18.97736969 -26.86091081 5.00000000
19.44239012 -26.74349459 5.00000000
19.88882900 -26.69309243 5.00000000
20.29851501 -26.70228545 5.00000000
20.65601219 -26.75895683 5.00000000
20.94980423 -26.84722277 5.00000000
21.17317766 -26.94865268 5.00000000
21.32473646 -27.04368494 5.00000000
21.40850827 -27.11312948 5.00000000
21.43363430 -27.13964189 5.00000000
21.58909206 -27.22065240 5.00000000
22.04434674 -27.18541478 5.00000000
22.47972710 -26.82651430 5.00000000
22.60118326 -26.38634738 5.00000000
22.55132361 -26.21828837 5.00000000
22.53009253 -26.18856520 5.00000000
22.47790813 -26.09308196 5.00000000
22.41354039 -25.92617482 5.00000000
22.35659530 -25.68755174 5.00000000
22.32600871 -25.38231561 5.00000000
22.33859162 -25.02057322 5.00000000
22.40773860 -24.61666007 5.00000000
22.54239857 -24.18804050 5.00000000
22.74638689 -23.75396753 5.00000000
23.01809156 -23.33400553 5.00000000
23.35059622 -22.94652883 5.00000000
23.73221034 -22.60731177 5.00000000
24.14736601 -22.32831845 5.00000000
24.57781243 -22.11678487 5.00000000
25.00401635 -21.97466425 5.00000000
25.40666107 -21.89847787 5.00000000
25.76812873 -21.87958301 5.00000000
26.07385222 -21.90483732 5.00000000
26.31343287 -21.95760880 5.00000000
26.48143806 -22.01905353 5.00000000
26.57781760 -22.06956340 5.00000000
26.60790680 -22.09027245 5.00000000
26.77681047 -22.13719120 5.00000000
27.21479043 -22.00807084 5.00000000
27.56603708 -21.56649253 5.00000000
27.59332328 -21.11069215 5.00000000
27.50961174 -20.95667204 5.00000000
27.48266483 -20.93201259 5.00000000
27.41176870 -20.84946563 5.00000000
27.31410560 -20.69958862 5.00000000
27.20879237 -20.47801957 5.00000000
27.11541201 -20.18581289 5.00000000
27.05250948 -19.82935931 5.00000000
27.03616717 -19.41989617 5.00000000
27.07876948 -18.97264557 5.00000000
27.18805132 -18.50564659 5.00000000
27.36650358 -18.03837119 5.00000000
27.61118127 -17.59023018 5.00000000
27.91392902 -17.17908379 5.00000000
28.26200657 -16.81987142 5.00000000
28.63906639 -16.52346551 5.00000000
29.02640820 -16.29583779 5.00000000
29.40441413 -16.13760173 5.00000000
29.75405439 -16.04396641 5.00000000
30.05834776 -16.00510537 5.00000000
30.30366480 -16.00691204 5.00000000
30.48077376 -16.03208381 5.00000000
30.58554876 -16.06145149 5.00000000
30.61928609 -16.07545211 5.00000000
30.79425376 -16.08622852 5.00000000
31.19581718 -15.86886859 5.00000000
31.44757895 -15.36391154 5.00000000
31.37950266 -14.91239838 5.00000000
31.26559784 -14.77914858 5.00000000
31.23411279 -14.76063058 5.00000000
31.14760344 -14.69462760 5.00000000
31.02091333 -14.56833106 5.00000000
30.87183465 -14.37349969 5.00000000
30.71974169 -14.10709329 5.00000000
30.58410286 -13.77150725 5.00000000
30.48298549 -13.37438962 5.00000000
30.43166822 -12.92805500 5.00000000
30.44146744 -12.44854009 5.00000000
30.51886807 -11.95437347 5.00000000
30.66502521 -11.46515406 5.00000000
30.87567506 -11.00004741 5.00000000
31.14146183 -10.57631530 5.00000000
31.44865573 -10.20799143 5.00000000
31.78020673 -9.90480503 5.00000000
32.11705319 -9.67143495 5.00000000
32.43958509 -9.50715149 5.00000000
32.72914926 -9.40587351 5.00000000
32.96948117 -9.35663642 5.00000000
33.14795337 -9.34443511 5.00000000
33.25654467 -9.35137709 5.00000000
33.29245565 -9.35805737 5.00000000
33.46584041 -9.33222046 5.00000000
33.81343703 -9.03612064 5.00000000
33.95471073 -8.48985390 5.00000000
33.79424720 -8.06236124 5.00000000
33.65512728 -7.95570542 5.00000000
33.62048015 -7.94413819 5.00000000
33.52213844 -7.89756383 5.00000000
33.37195829 -7.80036753 5.00000000
33.18562962 -7.64078889 5.00000000
32.98147125 -7.41182602 5.00000000
32.77902419 -7.11177424 5.00000000
32.59755108 -6.74435806 5.00000000
32.45455703 -6.31844639 5.00000000
32.36444535 -5.84737266 5.00000000
32.33741158 -5.34791227 5.00000000
32.37866041 -4.83899569 5.00000000
32.48800593 -4.34025618 5.00000000
32.65988577 -3.87052346 5.00000000
32.88378791 -3.44637914 5.00000000
33.14505772 -3.08088476 5.00000000
33.42602291 -2.78258006 5.00000000
33.70735027 -2.55482844 5.00000000
33.96952989 -2.39555985 5.00000000
34.19437300 -2.29743089 5.00000000
34.36640836 -2.24838975 5.00000000
34.47407000 -2.23260263 5.00000000
34.51058515 -2.23167061 5.00000000
