34.48600099 -2.58390732 5.00000000
34.65084260 -2.52426622 5.00000000
34.93296126 -2.16522921 5.00000000
34.96332666 -1.60180792 5.00000000
34.72143043 -1.21452930 5.00000000
34.56395371 -1.13751696 5.00000000
34.52770260 -1.13303569 5.00000000
34.42208844 -1.10684581 5.00000000
34.25564244 -1.04129485 5.00000000
34.04141662 -0.92174982 5.00000000
33.79598167 -0.73772177 5.00000000
33.53815470 -0.48367229 5.00000000
33.28755445 -0.15943989 5.00000000
33.06309503 0.22974647 5.00000000
32.88153375 0.67366771 5.00000000
32.75618453 1.15789812 5.00000000
32.69589573 1.66491173 5.00000000
32.70437083 2.17542688 5.00000000
32.77988410 2.66988543 5.00000000
32.91541324 3.12995327 5.00000000
33.09917854 3.53992690 5.00000000
33.31554740 3.88793789 5.00000000
33.54623470 4.16686306 5.00000000
33.77170677 4.37487023 5.00000000
33.97268126 4.51555773 5.00000000
34.13160773 4.59767701 5.00000000
34.23401527 4.63445959 5.00000000
34.26962367 4.64260003 5.00000000
34.41846301 4.73521032 5.00000000
34.61976871 5.14505728 5.00000000
34.53232868 5.70247979 5.00000000
34.21519871 6.03100239 5.00000000
34.04515147 6.07359057 5.00000000
34.00876083 6.07043689 5.00000000
33.90000940 6.07409604 5.00000000
33.72357183 6.10360847 5.00000000
33.48917255 6.17600111 5.00000000
33.21083937 6.30497891 5.00000000
32.90582668 6.49987156 5.00000000
32.59329094 6.76491598 5.00000000
32.29282010 7.09892995 5.00000000
32.02292995 7.49540174 5.00000000
31.79964276 7.94298898 5.00000000
31.63525735 8.42638838 5.00000000
31.53740518 8.92750962 5.00000000
31.50846460 9.42686315 5.00000000
31.54537861 9.90505551 5.00000000
31.63988989 10.34427717 5.00000000
31.77917502 10.72966890 5.00000000
31.94682945 11.05046148 5.00000000
32.12412729 11.30080147 5.00000000
32.29145943 11.48019956 5.00000000
32.42983941 11.59356701 5.00000000
32.52236157 11.65083753 5.00000000
32.55549935 11.66620348 5.00000000
32.68183143 11.78773546 5.00000000
32.79352614 12.23048008 5.00000000
32.59210223 12.75754177 5.00000000
32.21359863 13.01295034 5.00000000
32.03841274 13.01925305 5.00000000
32.00347301 13.00860224 5.00000000
31.89633728 12.98957074 5.00000000
31.71761932 12.98175483 5.00000000
31.47329095 13.00383116 5.00000000
31.17422402 13.07212176 5.00000000
30.83535613 13.19933983 5.00000000
30.47454421 13.39361256 5.00000000
30.11119397 13.65785613 5.00000000
29.76477045 13.98955074 5.00000000
29.45330400 14.38093310 5.00000000
29.19200642 14.81959142 5.00000000
28.99210359 15.28941735 5.00000000
28.85997399 15.77184173 5.00000000
28.79665957 16.24725928 5.00000000
28.79778622 16.69653290 5.00000000
28.85390019 17.10246191 5.00000000
28.95119444 17.45110171 5.00000000
29.07256929 17.73283347 5.00000000
29.19894586 17.94310158 5.00000000
29.31073149 18.08276250 5.00000000
29.38932461 18.15801796 5.00000000
29.41854348 18.17993786 5.00000000
29.51684699 18.32507999 5.00000000
29.53404912 18.78137222 5.00000000
29.22744452 19.25503796 5.00000000
28.80410970 19.42616991 5.00000000
28.63144164 19.39591170 5.00000000
28.59947985 19.37822926 5.00000000
28.49864217 19.33733887 5.00000000
28.32545464 19.29253620 5.00000000
28.08187551 19.26333138 5.00000000
27.77514549 19.26795016 5.00000000
27.41723255 19.32193362 5.00000000
27.02391367 19.43694401 5.00000000
26.61356418 19.61986845 5.00000000
26.20574766 19.87228924 5.00000000
25.81971452 20.19036144 5.00000000
25.47292473 20.56510721 5.00000000
25.17970795 20.98310417 5.00000000
24.95016403 21.42751513 5.00000000
24.78938832 21.87937987 5.00000000
24.69708111 22.31907002 5.00000000
24.66757147 22.72779526 5.00000000
24.69025332 23.08904506 5.00000000
24.75040051 23.38985555 5.00000000
24.83029825 23.62180397 5.00000000
24.91060396 23.78165449 5.00000000
24.97183314 23.87160587 5.00000000
24.99585611 23.89912171 5.00000000
25.06183470 24.06153059 5.00000000
24.98379244 24.51142826 5.00000000
24.58540724 24.91099659 5.00000000
24.13574296 24.99037264 5.00000000
23.97313915 24.92487594 5.00000000
23.94555219 24.90093467 5.00000000
23.85541964 24.83997250 5.00000000
23.69533168 24.76014116 5.00000000
23.46314735 24.68093159 5.00000000
23.16215982 24.62167669 5.00000000
22.80084435 24.60006619 5.00000000
22.39220842 24.63078773 5.00000000
21.95279393 24.72439838 5.00000000
21.50140794 24.88651335 5.00000000
21.05767963 25.11737411 5.00000000
20.64055400 25.41182913 5.00000000
20.26683825 25.75972866 5.00000000
19.94991219 26.14670331 5.00000000
19.69870184 26.55526656 5.00000000
19.51699505 26.96615669 5.00000000
19.40315151 27.35981489 5.00000000
19.35022965 27.71788634 5.00000000
19.34652046 28.02462870 5.00000000
19.37644745 28.26812017 5.00000000
19.42176350 28.44117407 5.00000000
19.46295273 28.54189006 5.00000000
19.48072988 28.57379927 5.00000000
19.51149998 28.74637684 5.00000000
19.34162413 29.17021728 5.00000000
18.86886968 29.47822513 5.00000000
18.41252844 29.46237616 5.00000000
18.26709544 29.36450349 5.00000000
18.24508899 29.33534974 5.00000000
18.16960080 29.25698014 5.00000000
18.02960902 29.14560915 5.00000000
17.81896707 29.01985666 5.00000000
17.53687663 28.89931779 5.00000000
17.18794984 28.80305782 5.00000000
16.78185622 28.74814784 5.00000000
16.33258124 28.74835346 5.00000000
15.85735352 28.81307740 5.00000000
15.37532308 28.94663700 5.00000000
14.90609201 29.14793217 5.00000000
14.46821047 29.41052939 5.00000000
14.07775345 29.72315508 5.00000000
13.74708757 30.07056068 5.00000000
13.48392265 30.43469291 5.00000000
13.29072072 30.79607933 5.00000000
13.16450809 31.13532298 5.00000000
13.09710463 31.43459111 5.00000000
13.07575293 31.67898387 5.00000000
13.08409878 31.85767787 5.00000000
13.10344789 31.96475669 5.00000000
13.11420227 31.99966469 5.00000000
13.10841907 32.17486849 5.00000000
12.85413404 32.55412782 5.00000000
12.32767198 32.75711379 5.00000000
11.88459807 32.64673248 5.00000000
11.76269201 32.52076134 5.00000000
11.74722786 32.48766927 5.00000000
11.68968323 32.39531735 5.00000000
11.57590592 32.25727415 5.00000000
11.39601242 32.09047474 5.00000000
11.14514777 31.91392003 5.00000000
10.82385945 31.74721762 5.00000000
10.43805637 31.60907593 5.00000000
9.99855638 31.51586754 5.00000000
9.52025666 31.48037171 5.00000000
9.02099114 31.51079295 5.00000000
8.52016228 31.61013071 5.00000000
8.03725246 31.77594886 5.00000000
7.59032933 32.00056235 5.00000000
7.19465961 32.27162701 5.00000000
6.86153813 32.57308700 5.00000000
6.59742166 32.88640733 5.00000000
6.40343435 33.19199661 5.00000000
6.27528248 33.47071104 5.00000000
6.20358525 33.70532397 5.00000000
6.17459616 33.88184827 5.00000000
6.17125951 33.99061007 5.00000000
6.17452109 34.02699120 5.00000000
6.13243736 34.19716399 5.00000000
5.80485662 34.51526676 5.00000000
5.24769585 34.60435938 5.00000000
4.83725374 34.40426993 5.00000000
4.74420249 34.25570586 5.00000000
4.73595650 34.22012176 5.00000000
4.69887040 34.11782375 5.00000000
4.61628019 33.95914149 5.00000000
4.47499735 33.75858508 5.00000000
4.26632248 33.53373083 5.00000000
3.98671445 33.30387166 5.00000000
3.63806338 33.08853574 5.00000000
3.22754662 32.90598698 5.00000000
2.76707890 32.77182272 5.00000000
2.27239860 32.69777604 5.00000000
1.76186057 32.69081486 5.00000000
1.25502796 32.75260689 5.00000000
0.77117140 32.87939149 5.00000000
0.32779050 33.06226837 5.00000000
-0.06072854 33.28788089 5.00000000
-0.38421638 33.53944152 5.00000000
-0.63750019 33.79802071 5.00000000
-0.82079962 34.04400029 5.00000000
-0.93970886 34.25857967 5.00000000
-1.00476595 34.42521932 5.00000000
-1.03064253 34.53091069 5.00000000
-1.03501628 34.56717493 5.00000000
-1.11156130 34.72487933 5.00000000
-1.49812090 34.96792293 5.00000000
-2.06162976 34.93922842 5.00000000
-2.42150179 34.65817569 5.00000000
-2.48163144 34.49351166 5.00000000
-2.48229889 34.45699071 5.00000000
-2.49730562 34.34921753 5.00000000
-2.54509913 34.17683139 5.00000000
-2.64159658 33.95128327 5.00000000
-2.79896158 33.68795667 5.00000000
-3.02466909 33.40498670 5.00000000
-3.32093045 33.12186775 5.00000000
-3.68452241 32.85795689 5.00000000
-4.10703349 32.63098782 5.00000000
-4.57550866 32.45570942 5.00000000
-5.07344291 32.34275353 5.00000000
-5.58204729 32.29781883 5.00000000
-6.08169043 32.32123345 5.00000000
-6.55340463 32.40792996 5.00000000
-6.98034107 32.54783466 5.00000000
-7.34906233 32.72664117 5.00000000
-7.65057291 32.92690913 5.00000000
-7.88100884 33.12940337 5.00000000
-8.04193319 33.31457105 5.00000000
-8.14021496 33.46404310 5.00000000
-8.18750054 33.56204481 5.00000000
-8.19931848 33.59660724 5.00000000
-8.30697939 33.73495081 5.00000000
-8.73562334 33.89231306 5.00000000
-9.28085226 33.74708552 5.00000000
-9.57442607 33.39735286 5.00000000
-9.59900617 33.22378548 5.00000000
-9.59206590 33.18792384 5.00000000
-9.58433739 33.07938568 5.00000000
-9.59524541 32.90082977 5.00000000
-9.64274007 32.66014746 5.00000000
-9.74191758 32.36985716 5.00000000
-9.90386008 32.04614353 5.00000000
-10.13478368 31.70761521 5.00000000
-10.43556013 31.37387642 5.00000000
-10.80164880 31.06402217 5.00000000
-11.22344424 30.79517255 5.00000000
-11.68701258 30.58115868 5.00000000
-12.17516029 30.43146111 5.00000000
-12.66875320 30.35048241 5.00000000
-13.14818453 30.33720950 5.00000000
-13.59487921 30.38529186 5.00000000
-13.99271898 30.48352957 5.00000000
-14.32927889 30.61673361 5.00000000
-14.59678016 30.76689254 5.00000000
-14.79268645 30.91455581 5.00000000
-14.91989751 31.04032761 5.00000000
-14.98652550 31.12635652 5.00000000
-15.00527111 31.15770659 5.00000000
-15.13934262 31.27064307 5.00000000
-15.59133713 31.33544649 5.00000000
-16.09445698 31.08003305 5.00000000
-16.30890199 30.67690546 5.00000000
-16.29685827 30.50202045 5.00000000
-16.28261361 30.46838543 5.00000000
-16.25248763 30.36382594 5.00000000
-16.22603342 30.18690400 5.00000000
-16.22244954 29.94160648 5.00000000
-16.25910504 29.63703956 5.00000000
-16.35020486 29.28673011 5.00000000
-16.50569823 28.90758773 5.00000000
-16.73051379 28.51860699 5.00000000
-17.02418023 28.13940969 5.00000000
-17.38086145 27.78873888 5.00000000
-17.78980372 27.48302044 5.00000000
-18.23616036 27.23510251 5.00000000
-18.70213066 27.05326965 5.00000000
-19.16832567 26.94060741 5.00000000
-19.61525589 26.89476601 5.00000000
-20.02482668 26.90814145 5.00000000
-20.38172662 26.96845992 5.00000000
-20.67460214 27.05972088 5.00000000
-20.89692833 27.16342614 5.00000000
-21.04750895 27.26000086 5.00000000
-21.13056737 27.33029710 5.00000000
-21.15542140 27.35706466 5.00000000
-21.31004394 27.43965817 5.00000000
-21.76563467 27.40907054 5.00000000
-22.20465671 27.05463399 5.00000000
-22.33060064 26.61573009 5.00000000
-22.28245946 26.44717076 5.00000000
-22.26153297 26.41723238 5.00000000
-22.21032618 26.32122131 5.00000000
-22.14766591 26.15366568 5.00000000
-22.09316013 25.91447363 5.00000000
-22.06569159 25.60894112 5.00000000
-22.08196723 25.24734605 5.00000000
-22.15523456 24.84415995 5.00000000
-22.29426373 24.41693759 5.00000000
-22.50267329 23.98496997 5.00000000
-22.77865161 23.56780397 5.00000000
-23.11509508 23.18374233 5.00000000
-23.50015271 22.84843924 5.00000000
-23.91813527 22.57369920 5.00000000
-24.35071900 22.36657150 5.00000000
-24.77835176 22.22880983 5.00000000
-25.18175335 22.15673842 5.00000000
-25.54339509 22.14153513 5.00000000
-25.84884480 22.16990957 5.00000000
-26.08787417 22.22512441 5.00000000
-26.25524325 22.28828127 5.00000000
-26.35110206 22.33977254 5.00000000
-26.38097825 22.36078773 5.00000000
-26.54939407 22.40942853 5.00000000
-26.98866953 22.28478668 5.00000000
-27.34440638 21.84681761 5.00000000
-27.37634488 21.39131959 5.00000000
-27.29421025 21.23645281 5.00000000
-27.26751651 21.21151951 5.00000000
-27.19746689 21.12825300 5.00000000
-27.10133913 20.97738667 5.00000000
-26.99829360 20.75475393 5.00000000
-26.90790154 20.46160906 5.00000000
-26.84864167 20.10453182 5.00000000
-26.83648083 19.69492317 5.00000000
-26.88364735 19.24813086 5.00000000
-26.99769155 18.78227198 5.00000000
-27.18090540 18.31684294 5.00000000
-27.43014586 17.87122344 5.00000000
-27.73707563 17.46318954 5.00000000
-28.08880259 17.10754976 5.00000000
-28.46886907 16.81500909 5.00000000
-28.85851476 16.59134799 5.00000000
-29.23811657 16.43697961 5.00000000
-29.58869463 16.34691900 5.00000000
-29.89336891 16.31116682 5.00000000
-30.13865472 16.31547809 5.00000000
-30.31549744 16.34245683 5.00000000
-30.41996714 16.37289273 5.00000000
-30.45355977 16.38723707 5.00000000
-30.62840829 16.39979934 5.00000000
-31.03217002 16.18655071 5.00000000
-31.28907428 15.68419046 5.00000000
-31.22561149 15.23200578 5.00000000
-31.11307308 15.09759996 5.00000000
-31.08177874 15.07876146 5.00000000
-30.99594779 15.01187866 5.00000000
-30.87055377 14.88429520 5.00000000
-30.72347209 14.68795188 5.00000000
-30.57410707 14.42000651 5.00000000
-30.44190164 14.08305308 5.00000000
-30.34484412 13.68492374 5.00000000
-30.29808659 13.23808844 5.00000000
-30.31278114 12.75869858 5.00000000
-30.39522318 12.26534797 5.00000000
-30.54636764 11.77764632 5.00000000
-30.76175524 11.31471466 5.00000000
-31.03185446 10.89371832 5.00000000
-31.34279294 10.52855009 5.00000000
-31.67742219 10.22876463 5.00000000
-32.01663380 9.99884592 5.00000000
-32.34082623 9.83786407 5.00000000
-32.63140935 9.73954782 5.00000000
-32.87223144 9.69276708 5.00000000
-33.05081892 9.68238861 5.00000000
-33.15933368 9.69043894 5.00000000
-33.19517459 9.69748552 5.00000000
-33.36881409 9.67342022 5.00000000
-33.71941578 9.38088480 5.00000000
-33.86625950 8.83608893 5.00000000
-33.71016903 8.40698023 5.00000000
-33.57214532 8.29890954 5.00000000
-33.53761809 8.28698917 5.00000000
-33.43975704 8.23941318 5.00000000
-33.29057709 8.14068860 5.00000000
-33.10588742 7.97921586 5.00000000
-32.90407741 7.74818047 5.00000000
-32.70470443 7.44607734 5.00000000
-32.52699210 7.07682748 5.00000000
-32.38835405 6.64947803 5.00000000
-32.30305674 6.17750882 5.00000000
-32.28112387 5.67779845 5.00000000
-32.32756658 5.16932955 5.00000000
-32.44199854 4.67173245 5.00000000
-32.61866538 4.20377910 5.00000000
-32.84688637 3.78194294 5.00000000
-33.11187426 3.41913518 5.00000000
-33.39587050 3.12371468 5.00000000
-33.67950853 2.89884727 5.00000000
-33.94330062 2.74226384 5.00000000
-34.16913391 2.64643565 5.00000000
-34.34166101 2.59915354 5.00000000
-34.44947823 2.58446647 5.00000000
-34.48600099 2.58390732 5.00000000
-34.65084260 2.52426622 5.00000000
-34.93296126 2.16522921 5.00000000
-34.96332666 1.60180792 5.00000000
-34.72143043 1.21452930 5.00000000
-34.56395371 1.13751696 5.00000000
-34.52770260 1.13303569 5.00000000
-34.42208844 1.10684581 5.00000000
-34.25564244 1.04129485 5.00000000
-34.04141662 0.92174982 5.00000000
-33.79598167 0.73772177 5.00000000
-33.53815470 0.48367229 5.00000000
-33.28755445 0.15943989 5.00000000
-33.06309503 -0.22974647 5.00000000
-32.88153375 -0.67366771 5.00000000
-32.75618453 -1.15789812 5.00000000
-32.69589573 -1.66491173 5.00000000
-32.70437083 -2.17542688 5.00000000
-32.77988410 -2.66988543 5.00000000
-32.91541324 -3.12995327 5.00000000
-33.09917854 -3.53992690 5.00000000
-33.31554740 -3.88793789 5.00000000
-33.54623470 -4.16686306 5.00000000
-33.77170677 -4.37487023 5.00000000
-33.97268126 -4.51555773 5.00000000
-34.13160773 -4.59767701 5.00000000
-34.23401527 -4.63445959 5.00000000
-34.26962367 -4.64260003 5.00000000
-34.41846301 -4.73521032 5.00000000
-34.61976871 -5.14505728 5.00000000
-34.53232868 -5.70247979 5.00000000
-34.21519871 -6.03100239 5.00000000
-34.04515147 -6.07359057 5.00000000
-34.00876083 -6.07043689 5.00000000
-33.90000940 -6.07409604 5.00000000
-33.72357183 -6.10360847 5.00000000
-33.48917255 -6.17600111 5.00000000
-33.21083937 -6.30497891 5.00000000
-32.90582668 -6.49987156 5.00000000
-32.59329094 -6.76491598 5.00000000
-32.29282010 -7.09892995 5.00000000
-32.02292995 -7.49540174 5.00000000
-31.79964276 -7.94298898 5.00000000
-31.63525735 -8.42638838 5.00000000
-31.53740518 -8.92750962 5.00000000
-31.50846460 -9.42686315 5.00000000
-31.54537861 -9.90505551 5.00000000
-31.63988989 -10.34427717 5.00000000
-31.77917502 -10.72966890 5.00000000
-31.94682945 -11.05046148 5.00000000
-32.12412729 -11.30080147 5.00000000
-32.29145943 -11.48019956 5.00000000
-32.42983941 -11.59356701 5.00000000
-32.52236157 -11.65083753 5.00000000
-32.55549935 -11.66620348 5.00000000
-32.68183143 -11.78773546 5.00000000
-32.79352614 -12.23048008 5.00000000
-32.59210223 -12.75754177 5.00000000
-32.21359863 -13.01295034 5.00000000
-32.03841274 -13.01925305 5.00000000
-32.00347301 -13.00860224 5.00000000
-31.89633728 -12.98957074 5.00000000
-31.71761932 -12.98175483 5.00000000
-31.47329095 -13.00383116 5.00000000
-31.17422402 -13.07212176 5.00000000
-30.83535613 -13.19933983 5.00000000
-30.47454421 -13.39361256 5.00000000
-30.11119397 -13.65785613 5.00000000
-29.76477045 -13.98955074 5.00000000
-29.45330400 -14.38093310 5.00000000
-29.19200642 -14.81959142 5.00000000
-28.99210359 -15.28941735 5.00000000
-28.85997399 -15.77184173 5.00000000
-28.79665957 -16.24725928 5.00000000
-28.79778622 -16.69653290 5.00000000
-28.85390019 -17.10246191 5.00000000
-28.95119444 -17.45110171 5.00000000
-29.07256929 -17.73283347 5.00000000
-29.19894586 -17.94310158 5.00000000
-29.31073149 -18.08276250 5.00000000
-29.38932461 -18.15801796 5.00000000
-29.41854348 -18.17993786 5.00000000
-29.51684699 -18.32507999 5.00000000
-29.53404912 -18.78137222 5.00000000
-29.22744452 -19.25503796 5.00000000
-28.80410970 -19.42616991 5.00000000
-28.63144164 -19.39591170 5.00000000
-28.59947985 -19.37822926 5.00000000
-28.49864217 -19.33733887 5.00000000
-28.32545464 -19.29253620 5.00000000
-28.08187551 -19.26333138 5.00000000
-27.77514549 -19.26795016 5.00000000
-27.41723255 -19.32193362 5.00000000
-27.02391367 -19.43694401 5.00000000
-26.61356418 -19.61986845 5.00000000
-26.20574766 -19.87228924 5.00000000
-25.81971452 -20.19036144 5.00000000
-25.47292473 -20.56510721 5.00000000
-25.17970795 -20.98310417 5.00000000
-24.95016403 -21.42751513 5.00000000
-24.78938832 -21.87937987 5.00000000
-24.69708111 -22.31907002 5.00000000
-24.66757147 -22.72779526 5.00000000
-24.69025332 -23.08904506 5.00000000
-24.75040051 -23.38985555 5.00000000
-24.83029825 -23.62180397 5.00000000
-24.91060396 -23.78165449 5.00000000
-24.97183314 -23.87160587 5.00000000
-24.99585611 -23.89912171 5.00000000
-25.06183470 -24.06153059 5.00000000
-24.98379244 -24.51142826 5.00000000
-24.58540724 -24.91099659 5.00000000
-24.13574296 -24.99037264 5.00000000
-23.97313915 -24.92487594 5.00000000
-23.94555219 -24.90093467 5.00000000
-23.85541964 -24.83997250 5.00000000
-23.69533168 -24.76014116 5.00000000
-23.46314735 -24.68093159 5.00000000
-23.16215982 -24.62167669 5.00000000
-22.80084435 -24.60006619 5.00000000
-22.39220842 -24.63078773 5.00000000
-21.95279393 -24.72439838 5.00000000
-21.50140794 -24.88651335 5.00000000
-21.05767963 -25.11737411 5.00000000
-20.64055400 -25.41182913 5.00000000
-20.26683825 -25.75972866 5.00000000
-19.94991219 -26.14670331 5.00000000
-19.69870184 -26.55526656 5.00000000
-19.51699505 -26.96615669 5.00000000
-19.40315151 -27.35981489 5.00000000
-19.35022965 -27.71788634 5.00000000
-19.34652046 -28.02462870 5.00000000
-19.37644745 -28.26812017 5.00000000
-19.42176350 -28.44117407 5.00000000
-19.46295273 -28.54189006 5.00000000
-19.48072988 -28.57379927 5.00000000
-19.51149998 -28.74637684 5.00000000
-19.34162413 -29.17021728 5.00000000
-18.86886968 -29.47822513 5.00000000
-18.41252844 -29.46237616 5.00000000
-18.26709544 -29.36450349 5.00000000
-18.24508899 -29.33534974 5.00000000
-18.16960080 -29.25698014 5.00000000
-18.02960902 -29.14560915 5.00000000
-17.81896707 -29.01985666 5.00000000
-17.53687663 -28.89931779 5.00000000
-17.18794984 -28.80305782 5.00000000
-16.78185622 -28.74814784 5.00000000
-16.33258124 -28.74835346 5.00000000
-15.85735352 -28.81307740 5.00000000
-15.37532308 -28.94663700 5.00000000
-14.90609201 -29.14793217 5.00000000
-14.46821047 -29.41052939 5.00000000
-14.07775345 -29.72315508 5.00000000
-13.74708757 -30.07056068 5.00000000
-13.48392265 -30.43469291 5.00000000
-13.29072072 -30.79607933 5.00000000
-13.16450809 -31.13532298 5.00000000
-13.09710463 -31.43459111 5.00000000
-13.07575293 -31.67898387 5.00000000
-13.08409878 -31.85767787 5.00000000
-13.10344789 -31.96475669 5.00000000
-13.11420227 -31.99966469 5.00000000
-13.10841907 -32.17486849 5.00000000
-12.85413404 -32.55412782 5.00000000
-12.32767198 -32.75711379 5.00000000
-11.88459807 -32.64673248 5.00000000
-11.76269201 -32.52076134 5.00000000
-11.74722786 -32.48766927 5.00000000
-11.68968323 -32.39531735 5.00000000
-11.57590592 -32.25727415 5.00000000
-11.39601242 -32.09047474 5.00000000
-11.14514777 -31.91392003 5.00000000
-10.82385945 -31.74721762 5.00000000
-10.43805637 -31.60907593 5.00000000
-9.99855638 -31.51586754 5.00000000
-9.52025666 -31.48037171 5.00000000
-9.02099114 -31.51079295 5.00000000
-8.52016228 -31.61013071 5.00000000
-8.03725246 -31.77594886 5.00000000
-7.59032933 -32.00056235 5.00000000
-7.19465961 -32.27162701 5.00000000
-6.86153813 -32.57308700 5.00000000
-6.59742166 -32.88640733 5.00000000
-6.40343435 -33.19199661 5.00000000
-6.27528248 -33.47071104 5.00000000
-6.20358525 -33.70532397 5.00000000
-6.17459616 -33.88184827 5.00000000
-6.17125951 -33.99061007 5.00000000
-6.17452109 -34.02699120 5.00000000
-6.13243736 -34.19716399 5.00000000
-5.80485662 -34.51526676 5.00000000
-5.24769585 -34.60435938 5.00000000
-4.83725374 -34.40426993 5.00000000
-4.74420249 -34.25570586 5.00000000
-4.73595650 -34.22012176 5.00000000
-4.69887040 -34.11782375 5.00000000
-4.61628019 -33.95914149 5.00000000
-4.47499735 -33.75858508 5.00000000
-4.26632248 -33.53373083 5.00000000
-3.98671445 -33.30387166 5.00000000
-3.63806338 -33.08853574 5.00000000
-3.22754662 -32.90598698 5.00000000
-2.76707890 -32.77182272 5.00000000
-2.27239860 -32.69777604 5.00000000
-1.76186057 -32.69081486 5.00000000
-1.25502796 -32.75260689 5.00000000
-0.77117140 -32.87939149 5.00000000
-0.32779050 -33.06226837 5.00000000
0.06072854 -33.28788089 5.00000000
0.38421638 -33.53944152 5.00000000
0.63750019 -33.79802071 5.00000000
0.82079962 -34.04400029 5.00000000
0.93970886 -34.25857967 5.00000000
1.00476595 -34.42521932 5.00000000
1.03064253 -34.53091069 5.00000000
1.03501628 -34.56717493 5.00000000
1.11156130 -34.72487933 5.00000000
1.49812090 -34.96792293 5.00000000
2.06162976 -34.93922842 5.00000000
2.42150179 -34.65817569 5.00000000
2.48163144 -34.49351166 5.00000000
2.48229889 -34.45699071 5.00000000
2.49730562 -34.34921753 5.00000000
2.54509913 -34.17683139 5.00000000
2.64159658 -33.95128327 5.00000000
2.79896158 -33.68795667 5.00000000
3.02466909 -33.40498670 5.00000000
3.32093045 -33.12186775 5.00000000
3.68452241 -32.85795689 5.00000000
4.10703349 -32.63098782 5.00000000
4.57550866 -32.45570942 5.00000000
5.07344291 -32.34275353 5.00000000
5.58204729 -32.29781883 5.00000000
6.08169043 -32.32123345 5.00000000
6.55340463 -32.40792996 5.00000000
6.98034107 -32.54783466 5.00000000
7.34906233 -32.72664117 5.00000000
7.65057291 -32.92690913 5.00000000
7.88100884 -33.12940337 5.00000000
8.04193319 -33.31457105 5.00000000
8.14021496 -33.46404310 5.00000000
8.18750054 -33.56204481 5.00000000
8.19931848 -33.59660724 5.00000000
8.30697939 -33.73495081 5.00000000
8.73562334 -33.89231306 5.00000000
9.28085226 -33.74708552 5.00000000
9.57442607 -33.39735286 5.00000000
9.59900617 -33.22378548 5.00000000
9.59206590 -33.18792384 5.00000000
9.58433739 -33.07938568 5.00000000
9.59524541 -32.90082977 5.00000000
9.64274007 -32.66014746 5.00000000
9.74191758 -32.36985716 5.00000000
9.90386008 -32.04614353 5.00000000
10.13478368 -31.70761521 5.00000000
10.43556013 -31.37387642 5.00000000
10.80164880 -31.06402217 5.00000000
11.22344424 -30.79517255 5.00000000
11.68701258 -30.58115868 5.00000000
12.17516029 -30.43146111 5.00000000
12.66875320 -30.35048241 5.00000000
13.14818453 -30.33720950 5.00000000
13.59487921 -30.38529186 5.00000000
13.99271898 -30.48352957 5.00000000
14.32927889 -30.61673361 5.00000000
14.59678016 -30.76689254 5.00000000
14.79268645 -30.91455581 5.00000000
14.91989751 -31.04032761 5.00000000
14.98652550 -31.12635652 5.00000000
15.00527111 -31.15770659 5.00000000
15.13934262 -31.27064307 5.00000000
15.59133713 -31.33544649 5.00000000
16.09445698 -31.08003305 5.00000000
16.30890199 -30.67690546 5.00000000
16.29685827 -30.50202045 5.00000000
16.28261361 -30.46838543 5.00000000
16.25248763 -30.36382594 5.00000000
16.22603342 -30.18690400 5.00000000
16.22244954 -29.94160648 5.00000000
16.25910504 -29.63703956 5.00000000
16.35020486 -29.28673011 5.00000000
16.50569823 -28.90758773 5.00000000
16.73051379 -28.51860699 5.00000000
17.02418023 -28.13940969 5.00000000
17.38086145 -27.78873888 5.00000000
17.78980372 -27.48302044 5.00000000
18.23616036 -27.23510251 5.00000000
18.70213066 -27.05326965 5.00000000
19.16832567 -26.94060741 5.00000000
19.61525589 -26.89476601 5.00000000
20.02482668 -26.90814145 5.00000000
20.38172662 -26.96845992 5.00000000
20.67460214 -27.05972088 5.00000000
20.89692833 -27.16342614 5.00000000
21.04750895 -27.26000086 5.00000000
21.13056737 -27.33029710 5.00000000
21.15542140 -27.35706466 5.00000000
21.31004394 -27.43965817 5.00000000
21.76563467 -27.40907054 5.00000000
22.20465671 -27.05463399 5.00000000
22.33060064 -26.61573009 5.00000000
22.28245946 -26.44717076 5.00000000
22.26153297 -26.41723238 5.00000000
22.21032618 -26.32122131 5.00000000
22.14766591 -26.15366568 5.00000000
22.09316013 -25.91447363 5.00000000
22.06569159 -25.60894112 5.00000000
22.08196723 -25.24734605 5.00000000
22.15523456 -24.84415995 5.00000000
22.29426373 -24.41693759 5.00000000
22.50267329 -23.98496997 5.00000000
22.77865161 -23.56780397 5.00000000
23.11509508 -23.18374233 5.00000000
23.50015271 -22.84843924 5.00000000
23.91813527 -22.57369920 5.00000000
24.35071900 -22.36657150 5.00000000
24.77835176 -22.22880983 5.00000000
25.18175335 -22.15673842 5.00000000
25.54339509 -22.14153513 5.00000000
25.84884480 -22.16990957 5.00000000
26.08787417 -22.22512441 5.00000000
26.25524325 -22.28828127 5.00000000
26.35110206 -22.33977254 5.00000000
26.38097825 -22.36078773 5.00000000
26.54939407 -22.40942853 5.00000000
26.98866953 -22.28478668 5.00000000
27.34440638 -21.84681761 5.00000000
27.37634488 -21.39131959 5.00000000
27.29421025 -21.23645281 5.00000000
27.26751651 -21.21151951 5.00000000
27.19746689 -21.12825300 5.00000000
27.10133913 -20.97738667 5.00000000
26.99829360 -20.75475393 5.00000000
26.90790154 -20.46160906 5.00000000
26.84864167 -20.10453182 5.00000000
26.83648083 -19.69492317 5.00000000
26.88364735 -19.24813086 5.00000000
26.99769155 -18.78227198 5.00000000
27.18090540 -18.31684294 5.00000000
27.43014586 -17.87122344 5.00000000
27.73707563 -17.46318954 5.00000000
28.08880259 -17.10754976 5.00000000
28.46886907 -16.81500909 5.00000000
28.85851476 -16.59134799 5.00000000
29.23811657 -16.43697961 5.00000000
29.58869463 -16.34691900 5.00000000
29.89336891 -16.31116682 5.00000000
30.13865472 -16.31547809 5.00000000
30.31549744 -16.34245683 5.00000000
30.41996714 -16.37289273 5.00000000
30.45355977 -16.38723707 5.00000000
30.62840829 -16.39979934 5.00000000
31.03217002 -16.18655071 5.00000000
31.28907428 -15.68419046 5.00000000
31.22561149 -15.23200578 5.00000000
31.11307308 -15.09759996 5.00000000
31.08177874 -15.07876146 5.00000000
30.99594779 -15.01187866 5.00000000
30.87055377 -14.88429520 5.00000000
30.72347209 -14.68795188 5.00000000
30.57410707 -14.42000651 5.00000000
30.44190164 -14.08305308 5.00000000
30.34484412 -13.68492374 5.00000000
30.29808659 -13.23808844 5.00000000
30.31278114 -12.75869858 5.00000000
30.39522318 -12.26534797 5.00000000
30.54636764 -11.77764632 5.00000000
30.76175524 -11.31471466 5.00000000
31.03185446 -10.89371832 5.00000000
31.34279294 -10.52855009 5.00000000
31.67742219 -10.22876463 5.00000000
32.01663380 -9.99884592 5.00000000
32.34082623 -9.83786407 5.00000000
32.63140935 -9.73954782 5.00000000
32.87223144 -9.69276708 5.00000000
33.05081892 -9.68238861 5.00000000
33.15933368 -9.69043894 5.00000000
33.19517459 -9.69748552 5.00000000
33.36881409 -9.67342022 5.00000000
33.71941578 -9.38088480 5.00000000
33.86625950 -8.83608893 5.00000000
33.71016903 -8.40698023 5.00000000
33.57214532 -8.29890954 5.00000000
33.53761809 -8.28698917 5.00000000
33.43975704 -8.23941318 5.00000000
33.29057709 -8.14068860 5.00000000
33.10588742 -7.97921586 5.00000000
32.90407741 -7.74818047 5.00000000
32.70470443 -7.44607734 5.00000000
32.52699210 -7.07682748 5.00000000
32.38835405 -6.64947803 5.00000000
32.30305674 -6.17750882 5.00000000
32.28112387 -5.67779845 5.00000000
32.32756658 -5.16932955 5.00000000
32.44199854 -4.67173245 5.00000000
32.61866538 -4.20377910 5.00000000
32.84688637 -3.78194294 5.00000000
33.11187426 -3.41913518 5.00000000
33.39587050 -3.12371468 5.00000000
33.67950853 -2.89884727 5.00000000
33.94330062 -2.74226384 5.00000000
34.16913391 -2.64643565 5.00000000
34.34166101 -2.59915354 5.00000000
34.44947823 -2.58446647 5.00000000
34.48600099 -2.58390732 5.00000000
