34.46499211 -2.85046659 -5.00000000
34.63028993 -2.79210179 -5.00000000
34.91517613 -2.43525677 -5.00000000
34.94989685 -1.87208709 -5.00000000
34.71100219 -1.48294977 -5.00000000
34.55412561 -1.40472217 -5.00000000
34.51791023 -1.39996075 -5.00000000
34.41250172 -1.37295507 -5.00000000
34.24656751 -1.30611916 -5.00000000
34.03327239 -1.18492137 -5.00000000
33.78926763 -0.99900118 -5.00000000
33.53341261 -0.74296584 -5.00000000
33.28532673 -0.41680556 -5.00000000
33.06388310 -0.02589537 -5.00000000
32.88575953 0.41941639 -5.00000000
32.76415800 0.90460148 -5.00000000
32.70779110 1.41206608 -5.00000000
32.72021310 1.92250044 -5.00000000
32.79954714 2.41636036 -5.00000000
32.93862935 2.87536658 -5.00000000
33.12555896 3.28390712 -5.00000000
33.34461208 3.63023480 -5.00000000
33.57744906 3.90736803 -5.00000000
33.80452265 4.11362569 -5.00000000
34.00657889 4.25275510 -5.00000000
34.16613553 4.33364315 -5.00000000
34.26882440 4.36963285 -5.00000000
34.30449467 4.37749773 -5.00000000
34.45404561 4.46895447 -5.00000000
34.65851412 4.87723274 -5.00000000
34.57538654 5.43531465 -5.00000000
34.26080610 5.76627939 -5.00000000
34.09109322 5.81018106 -5.00000000
34.05467928 5.80730883 -5.00000000
33.94595940 5.81180871 -5.00000000
33.76975529 5.84268443 -5.00000000
33.53592273 5.91688721 -5.00000000
33.25859509 6.04801316 -5.00000000
32.95509837 6.24525826 -5.00000000
32.64462123 6.51271120 -5.00000000
32.34674188 6.84903834 -5.00000000
32.07992521 7.24758500 -5.00000000
31.86010531 7.69688526 -5.00000000
31.69946234 8.18154120 -5.00000000
31.60548762 8.68340402 -5.00000000
31.58040877 9.18296639 -5.00000000
31.62101894 9.66085904 -5.00000000
31.71892334 10.09933685 -5.00000000
31.86118405 10.48364014 -5.00000000
32.03131375 10.80312687 -5.00000000
32.21054185 11.05208856 -5.00000000
32.37925605 11.23018752 -5.00000000
32.51850842 11.34248166 -5.00000000
32.61147061 11.39903511 -5.00000000
32.64472621 11.41414439 -5.00000000
32.77199417 11.53469597 -5.00000000
32.88710872 11.97656377 -5.00000000
32.68976593 12.50516706 -5.00000000
32.31324839 12.76349448 -5.00000000
32.13811648 12.77115150 -5.00000000
32.10309544 12.76077115 -5.00000000
31.99581577 12.74256856 -5.00000000
31.81704271 12.73613468 -5.00000000
31.57289234 12.76009943 -5.00000000
31.27436235 12.83070030 -5.00000000
30.93648820 12.96053461 -5.00000000
30.57718913 13.15759123 -5.00000000
30.21589282 13.42463622 -5.00000000
29.87204423 13.75899937 -5.00000000
29.56361314 14.15277821 -5.00000000
29.30571497 14.59344370 -5.00000000
29.10945067 15.06480118 -5.00000000
28.98105500 15.54823273 -5.00000000
28.92141827 16.02412561 -5.00000000
28.92601856 16.47337709 -5.00000000
28.98526939 16.87886010 -5.00000000
29.08525632 17.22673723 -5.00000000
29.20880581 17.50752213 -5.00000000
29.33680434 17.71680685 -5.00000000
29.44966645 17.85559929 -5.00000000
29.52883907 17.93024484 -5.00000000
29.55822655 17.95193817 -5.00000000
29.65764932 18.09631591 -5.00000000
29.67837887 18.55246150 -5.00000000
29.37544569 19.02848366 -5.00000000
28.95344667 19.20288361 -5.00000000
28.78054982 19.17396133 -5.00000000
28.74845227 19.15652654 -5.00000000
28.64730145 19.11641702 -5.00000000
28.47377270 19.07295473 -5.00000000
28.22997504 19.04563407 -5.00000000
27.92328990 19.05262427 -5.00000000
27.56580505 19.10937340 -5.00000000
27.17338715 19.22742139 -5.00000000
26.76446425 19.41351307 -5.00000000
26.35861157 19.66907945 -5.00000000
25.97504922 19.99012685 -5.00000000
25.63116723 20.36754270 -5.00000000
25.34119105 20.78779424 -5.00000000
25.11509006 21.23396669 -5.00000000
24.95781285 21.68706099 -5.00000000
24.86890797 22.12745170 -5.00000000
24.84255936 22.53639288 -5.00000000
24.86803362 22.89745651 -5.00000000
24.93050480 23.19779297 -5.00000000
25.01219351 23.42911670 -5.00000000
25.09373274 23.58834155 -5.00000000
25.15565557 23.67781683 -5.00000000
25.17989057 23.70514611 -5.00000000
25.24712289 23.86704000 -5.00000000
25.17256145 24.31752763 -5.00000000
24.77727751 24.72016422 -5.00000000
24.32824039 24.80301458 -5.00000000
24.16513504 24.73877705 -5.00000000
24.13736379 24.71504979 -5.00000000
24.04676260 24.65478633 -5.00000000
23.88606218 24.57619513 -5.00000000
23.65327237 24.49878311 -5.00000000
23.35183570 24.44185714 -5.00000000
22.99036393 24.42304088 -5.00000000
22.58197775 24.45692096 -5.00000000
22.14330016 24.55392625 -5.00000000
21.69318110 24.71952637 -5.00000000
21.25125100 24.95381102 -5.00000000
20.83641449 25.25148234 -5.00000000
20.46539978 25.60226094 -5.00000000
20.15147517 25.99167441 -5.00000000
19.90343124 26.40216774 -5.00000000
19.72490677 26.81445050 -5.00000000
19.61411029 27.20897714 -5.00000000
19.56395852 27.56744706 -5.00000000
19.56262109 27.87420894 -5.00000000
19.59442980 28.11746173 -5.00000000
19.64108250 28.29016010 -5.00000000
19.68304921 28.39055461 -5.00000000
19.70107254 28.42232542 -5.00000000
19.73317604 28.59465992 -5.00000000
19.56658230 29.01980112 -5.00000000
19.09622341 29.33145499 -5.00000000
18.63977327 29.31913480 -5.00000000
18.49358789 29.22238950 -5.00000000
18.47135669 29.19340677 -5.00000000
18.39526483 29.11562316 -5.00000000
18.25441613 29.00533788 -5.00000000
18.04280820 28.88121778 -5.00000000
17.75979421 28.76286356 -5.00000000
17.41013360 28.66930428 -5.00000000
17.00362757 28.61753574 -5.00000000
16.55436760 28.62121503 -5.00000000
16.07965452 28.68961137 -5.00000000
15.59867114 28.82689390 -5.00000000
15.13101045 29.03181103 -5.00000000
14.69517233 29.29778598 -5.00000000
14.30714411 29.61342124 -5.00000000
13.97917417 29.96337307 -5.00000000
13.71883249 30.32952913 -5.00000000
13.52843048 30.69239854 -5.00000000
13.40484456 31.03260790 -5.00000000
13.33975697 31.33238822 -5.00000000
13.32029549 31.57693877 -5.00000000
13.33002270 31.75556290 -5.00000000
13.35019915 31.86248891 -5.00000000
13.36122310 31.89731272 -5.00000000
13.35679471 32.07255599 -5.00000000
13.10544961 32.45377005 -5.00000000
12.58057271 32.66082042 -5.00000000
12.13665861 32.55386814 -5.00000000
12.01378221 32.42884331 -5.00000000
11.99806267 32.39587179 -5.00000000
11.93980571 32.30396755 -5.00000000
11.82496450 32.16680818 -5.00000000
11.64378673 32.00140463 -5.00000000
11.39156451 31.82679482 -5.00000000
11.06899688 31.66258151 -5.00000000
10.68213727 31.52742688 -5.00000000
10.24192974 31.43761937 -5.00000000
9.76336988 31.40582269 -5.00000000
9.26435449 31.44010320 -5.00000000
8.76430865 31.54331027 -5.00000000
8.28269533 31.71285719 -5.00000000
7.83752221 31.94091946 -5.00000000
7.44396012 32.21503522 -5.00000000
7.11317940 32.51906181 -5.00000000
6.85149334 32.83441485 -5.00000000
6.65987456 33.14149486 -5.00000000
6.53388147 33.42119179 -5.00000000
6.46400034 33.65635205 -5.00000000
6.43637695 33.83309522 -5.00000000
6.43388132 33.94187956 -5.00000000
6.43742410 33.97823439 -5.00000000
6.39665735 34.14872747 -5.00000000
6.07154589 34.46935350 -5.00000000
5.51509061 34.56275127 -5.00000000
5.10311374 34.36584122 -5.00000000
5.00891661 34.21800105 -5.00000000
5.00039573 34.18248176 -5.00000000
4.96251980 34.08047355 -5.00000000
4.87870518 33.92243460 -5.00000000
4.73587591 33.72297655 -5.00000000
4.52546876 33.49974243 -5.00000000
4.24409189 33.27205199 -5.00000000
3.89378631 33.05941818 -5.00000000
3.48187041 32.88004889 -5.00000000
3.02037913 32.74944885 -5.00000000
2.52514111 32.67922912 -5.00000000
2.01456451 32.67621549 -5.00000000
1.50822481 32.74192437 -5.00000000
1.02536297 32.87244623 -5.00000000
0.58340929 33.05874574 -5.00000000
0.19664624 33.28735545 -5.00000000
-0.12488694 33.54140967 -5.00000000
-0.37616391 33.80193946 -5.00000000
-0.55755602 34.04932891 -5.00000000
-0.67480263 34.26482125 -5.00000000
-0.73856936 34.43195893 -5.00000000
-0.76362799 34.53784720 -5.00000000
-0.76772123 34.57414417 -5.00000000
-0.84304463 34.73243569 -5.00000000
-1.22771353 34.97846079 -5.00000000
-1.79142740 34.95412405 -5.00000000
-2.15346170 34.67586215 -5.00000000
-2.21486269 34.51166795 -5.00000000
-2.21581249 34.47515325 -5.00000000
-2.23165204 34.36749932 -5.00000000
-2.28077697 34.19548786 -5.00000000
-2.37901542 33.97069257 -5.00000000
-2.53841168 33.70859055 -5.00000000
-2.76630029 33.42737415 -5.00000000
-3.06474180 33.14655427 -5.00000000
-3.43036337 32.88546250 -5.00000000
-3.85461669 32.66176695 -5.00000000
-4.32443307 32.49011591 -5.00000000
-4.82322577 32.38101330 -5.00000000
-5.33216238 32.34001233 -5.00000000
-5.83160954 32.36728936 -5.00000000
-6.30263933 32.45763044 -5.00000000
-6.72848131 32.60083192 -5.00000000
-7.09580906 32.78248394 -5.00000000
-7.39576221 32.98507711 -5.00000000
-7.62462562 33.18934697 -5.00000000
-7.78411350 33.37575334 -5.00000000
-7.88123665 33.52598081 -5.00000000
-7.92776310 33.62434519 -5.00000000
-7.93931345 33.65899795 -5.00000000
-8.04590151 33.79816980 -5.00000000
-8.47331597 33.95884151 -5.00000000
-9.01965145 33.81783387 -5.00000000
-9.31592052 33.47038150 -5.00000000
-9.34184187 33.29700935 -5.00000000
-9.33517908 33.26109512 -5.00000000
-9.32828999 33.15250045 -5.00000000
-9.34057822 32.97403421 -5.00000000
-9.38993235 32.73372631 -5.00000000
-9.49135135 32.44421150 -5.00000000
-9.65579187 32.12175965 -5.00000000
-9.88932598 31.78502688 -5.00000000
-10.19267381 31.45362359 -5.00000000
-10.56114726 31.14660910 -5.00000000
-10.98500876 30.88102874 -5.00000000
-11.45021794 30.67060544 -5.00000000
-11.93950848 30.52468658 -5.00000000
-12.43371274 30.44752662 -5.00000000
-12.91323236 30.43796094 -5.00000000
-13.35954193 30.48949559 -5.00000000
-13.75661027 30.59080636 -5.00000000
-14.09213022 30.72660861 -5.00000000
-14.35846250 30.87883130 -5.00000000
-14.55322125 31.02800485 -5.00000000
-14.67945607 31.15475645 -5.00000000
-14.74541691 31.24129794 -5.00000000
-14.76391958 31.27279201 -5.00000000
-14.89711389 31.38676171 -5.00000000
-15.34859384 31.45505790 -5.00000000
-15.85367344 31.20354208 -5.00000000
-16.07122892 30.80208457 -5.00000000
-16.06053772 30.62711167 -5.00000000
-16.04655354 30.59336752 -5.00000000
-16.01723689 30.48857823 -5.00000000
-15.99215138 30.31145704 -5.00000000
-15.99046419 30.06613914 -5.00000000
-16.02947342 29.76186473 -5.00000000
-16.12327901 29.41227012 -5.00000000
-16.28169916 29.03434130 -5.00000000
-16.50951550 28.64711040 -5.00000000
-16.80610501 28.27019498 -5.00000000
-17.16548686 27.92229242 -5.00000000
-17.57678064 27.61974495 -5.00000000
-18.02504077 27.37528554 -5.00000000
-18.49240303 27.19706088 -5.00000000
-18.95945518 27.08800649 -5.00000000
-19.40672647 27.04562201 -5.00000000
-19.81618160 27.06216374 -5.00000000
-20.17260451 27.12523987 -5.00000000
-20.46476568 27.21876253 -5.00000000
-20.68628340 27.32418366 -5.00000000
-20.83611283 27.42191974 -5.00000000
-20.91862525 27.49285606 -5.00000000
-20.94327158 27.51981499 -5.00000000
-21.09725090 27.60360153 -5.00000000
-21.55306451 27.57653731 -5.00000000
-21.99481384 27.22550577 -5.00000000
-22.12414749 26.78758874 -5.00000000
-22.07731101 26.61866225 -5.00000000
-22.05661662 26.58856296 -5.00000000
-22.00615369 26.49215884 -5.00000000
-21.94479079 26.32412374 -5.00000000
-21.89213600 26.08451742 -5.00000000
-21.86703059 25.77878166 -5.00000000
-21.88610149 25.41732325 -5.00000000
-21.96248396 25.01471568 -5.00000000
-22.10481214 24.58858103 -5.00000000
-22.31655533 24.15823769 -5.00000000
-22.59575082 23.74321794 -5.00000000
-22.93515369 23.36176907 -5.00000000
-23.32279229 23.02945317 -5.00000000
-23.74288656 22.75795306 -5.00000000
-24.17705883 22.55417618 -5.00000000
-24.60574394 22.41972497 -5.00000000
-25.00969071 22.35077471 -5.00000000
-25.37143919 22.33836799 -5.00000000
-25.67666038 22.36910323 -5.00000000
-25.91525570 22.42616453 -5.00000000
-26.08213147 22.49061356 -5.00000000
-26.17758929 22.54284445 -5.00000000
-26.20730211 22.56409000 -5.00000000
-26.37533682 22.61403150 -5.00000000
-26.81556284 22.49278973 -5.00000000
-27.17467532 22.05758421 -5.00000000
-27.21013465 21.60234675 -5.00000000
-27.12919987 21.44684955 -5.00000000
-27.10269970 21.42171061 -5.00000000
-27.03329597 21.33790499 -5.00000000
-26.93833754 21.18629992 -5.00000000
-26.83701643 20.96287712 -5.00000000
-26.74889358 20.66904213 -5.00000000
-26.69239632 20.31151738 -5.00000000
-26.68340282 19.90182695 -5.00000000
-26.73402241 19.45541267 -5.00000000
-26.85166510 18.99044948 -5.00000000
-27.03847204 18.52645090 -5.00000000
-27.29115046 18.08277179 -5.00000000
-27.60122586 17.67712318 -5.00000000
-27.95569203 17.32421350 -5.00000000
-28.33800899 17.03462014 -5.00000000
-28.72937232 16.81397836 -5.00000000
-29.11015633 16.66254957 -5.00000000
-29.46142022 16.57520223 -5.00000000
-29.76636183 16.54180678 -5.00000000
-30.01160697 16.54801440 -5.00000000
-30.18823581 16.57635963 -5.00000000
-30.29246706 16.60760236 -5.00000000
-30.32594778 16.62220600 -5.00000000
-30.50069395 16.63611978 -5.00000000
-30.90609240 16.42599929 -5.00000000
-31.16687309 15.92564038 -5.00000000
-31.10690837 15.47297854 -5.00000000
-30.99541252 15.33770661 -5.00000000
-30.96426476 15.31862672 -5.00000000
-30.87895350 15.25108230 -5.00000000
-30.75454967 15.12253313 -5.00000000
-30.60899046 14.92505850 -5.00000000
-30.46170158 14.65596628 -5.00000000
-30.33210534 14.31800075 -5.00000000
-30.23812894 13.91913288 -5.00000000
-30.19482762 13.47194942 -5.00000000
-30.21322825 12.99268750 -5.00000000
-30.29948228 12.49998906 -5.00000000
-30.45439300 12.01347060 -5.00000000
-30.67335343 11.55221809 -5.00000000
-30.94669960 11.13332267 -5.00000000
-31.26045217 10.77056945 -5.00000000
-31.59738928 10.47338022 -5.00000000
-31.93836842 10.24609107 -5.00000000
-32.26379583 10.08762060 -5.00000000
-32.55513042 9.99155400 -5.00000000
-32.79630701 9.94663663 -5.00000000
-32.97496939 9.93763926 -5.00000000
-33.08341866 9.94652836 -5.00000000
-33.11920402 9.95385184 -5.00000000
-33.29302440 9.93112980 -5.00000000
-33.64587741 9.64131387 -5.00000000
-33.79692896 9.09766965 -5.00000000
-33.64416091 8.66736692 -5.00000000
-33.50697690 8.55823230 -5.00000000
-33.47254287 8.54604533 -5.00000000
-33.37505258 8.49771412 -5.00000000
-33.22664040 8.39783908 -5.00000000
-33.04320472 8.23494320 -5.00000000
-32.84318704 8.00235437 -5.00000000
-32.64615581 7.69871877 -5.00000000
-32.47130373 7.32810592 -5.00000000
-32.33597398 6.89969734 -5.00000000
-32.25432835 6.42708274 -5.00000000
-32.23625976 5.92721772 -5.00000000
-32.28663243 5.41912310 -5.00000000
-32.40490826 4.92242564 -5.00000000
-32.58518791 4.45585222 -5.00000000
-32.81666360 4.03579320 -5.00000000
-33.08444870 3.67504510 -5.00000000
-33.37072056 3.38182921 -5.00000000
-33.65608873 3.15916154 -5.00000000
-33.92108360 3.00462236 -5.00000000
-34.14765105 2.91054312 -5.00000000
-34.32053857 2.86459635 -5.00000000
-34.42846612 2.85074333 -5.00000000
-34.46499211 2.85046659 -5.00000000
-34.63028993 2.79210179 -5.00000000
-34.91517613 2.43525677 -5.00000000
-34.94989685 1.87208709 -5.00000000
-34.71100219 1.48294977 -5.00000000
-34.55412561 1.40472217 -5.00000000
-34.51791023 1.39996075 -5.00000000
-34.41250172 1.37295507 -5.00000000
-34.24656751 1.30611916 -5.00000000
-34.03327239 1.18492137 -5.00000000
-33.78926763 0.99900118 -5.00000000
-33.53341261 0.74296584 -5.00000000
-33.28532673 0.41680556 -5.00000000
-33.06388310 0.02589537 -5.00000000
-32.88575953 -0.41941639 -5.00000000
-32.76415800 -0.90460148 -5.00000000
-32.70779110 -1.41206608 -5.00000000
-32.72021310 -1.92250044 -5.00000000
-32.79954714 -2.41636036 -5.00000000
-32.93862935 -2.87536658 -5.00000000
-33.12555896 -3.28390712 -5.00000000
-33.34461208 -3.63023480 -5.00000000
-33.57744906 -3.90736803 -5.00000000
-33.80452265 -4.11362569 -5.00000000
-34.00657889 -4.25275510 -5.00000000
-34.16613553 -4.33364315 -5.00000000
-34.26882440 -4.36963285 -5.00000000
-34.30449467 -4.37749773 -5.00000000
-34.45404561 -4.46895447 -5.00000000
-34.65851412 -4.87723274 -5.00000000
-34.57538654 -5.43531465 -5.00000000
-34.26080610 -5.76627939 -5.00000000
-34.09109322 -5.81018106 -5.00000000
-34.05467928 -5.80730883 -5.00000000
-33.94595940 -5.81180871 -5.00000000
-33.76975529 -5.84268443 -5.00000000
-33.53592273 -5.91688721 -5.00000000
-33.25859509 -6.04801316 -5.00000000
-32.95509837 -6.24525826 -5.00000000
-32.64462123 -6.51271120 -5.00000000
-32.34674188 -6.84903834 -5.00000000
-32.07992521 -7.24758500 -5.00000000
-31.86010531 -7.69688526 -5.00000000
-31.69946234 -8.18154120 -5.00000000
-31.60548762 -8.68340402 -5.00000000
-31.58040877 -9.18296639 -5.00000000
-31.62101894 -9.66085904 -5.00000000
-31.71892334 -10.09933685 -5.00000000
-31.86118405 -10.48364014 -5.00000000
-32.03131375 -10.80312687 -5.00000000
-32.21054185 -11.05208856 -5.00000000
-32.37925605 -11.23018752 -5.00000000
-32.51850842 -11.34248166 -5.00000000
-32.61147061 -11.39903511 -5.00000000
-32.64472621 -11.41414439 -5.00000000
-32.77199417 -11.53469597 -5.00000000
-32.88710872 -11.97656377 -5.00000000
-32.68976593 -12.50516706 -5.00000000
-32.31324839 -12.76349448 -5.00000000
-32.13811648 -12.77115150 -5.00000000
-32.10309544 -12.76077115 -5.00000000
-31.99581577 -12.74256856 -5.00000000
-31.81704271 -12.73613468 -5.00000000
-31.57289234 -12.76009943 -5.00000000
-31.27436235 -12.83070030 -5.00000000
-30.93648820 -12.96053461 -5.00000000
-30.57718913 -13.15759123 -5.00000000
-30.21589282 -13.42463622 -5.00000000
-29.87204423 -13.75899937 -5.00000000
-29.56361314 -14.15277821 -5.00000000
-29.30571497 -14.59344370 -5.00000000
-29.10945067 -15.06480118 -5.00000000
-28.98105500 -15.54823273 -5.00000000
-28.92141827 -16.02412561 -5.00000000
-28.92601856 -16.47337709 -5.00000000
-28.98526939 -16.87886010 -5.00000000
-29.08525632 -17.22673723 -5.00000000
-29.20880581 -17.50752213 -5.00000000
-29.33680434 -17.71680685 -5.00000000
-29.44966645 -17.85559929 -5.00000000
-29.52883907 -17.93024484 -5.00000000
-29.55822655 -17.95193817 -5.00000000
-29.65764932 -18.09631591 -5.00000000
-29.67837887 -18.55246150 -5.00000000
-29.37544569 -19.02848366 -5.00000000
-28.95344667 -19.20288361 -5.00000000
-28.78054982 -19.17396133 -5.00000000
-28.74845227 -19.15652654 -5.00000000
-28.64730145 -19.11641702 -5.00000000
-28.47377270 -19.07295473 -5.00000000
-28.22997504 -19.04563407 -5.00000000
-27.92328990 -19.05262427 -5.00000000
-27.56580505 -19.10937340 -5.00000000
-27.17338715 -19.22742139 -5.00000000
-26.76446425 -19.41351307 -5.00000000
-26.35861157 -19.66907945 -5.00000000
-25.97504922 -19.99012685 -5.00000000
-25.63116723 -20.36754270 -5.00000000
-25.34119105 -20.78779424 -5.00000000
-25.11509006 -21.23396669 -5.00000000
-24.95781285 -21.68706099 -5.00000000
-24.86890797 -22.12745170 -5.00000000
-24.84255936 -22.53639288 -5.00000000
-24.86803362 -22.89745651 -5.00000000
-24.93050480 -23.19779297 -5.00000000
-25.01219351 -23.42911670 -5.00000000
-25.09373274 -23.58834155 -5.00000000
-25.15565557 -23.67781683 -5.00000000
-25.17989057 -23.70514611 -5.00000000
-25.24712289 -23.86704000 -5.00000000
-25.17256145 -24.31752763 -5.00000000
-24.77727751 -24.72016422 -5.00000000
-24.32824039 -24.80301458 -5.00000000
-24.16513504 -24.73877705 -5.00000000
-24.13736379 -24.71504979 -5.00000000
-24.04676260 -24.65478633 -5.00000000
-23.88606218 -24.57619513 -5.00000000
-23.65327237 -24.49878311 -5.00000000
-23.35183570 -24.44185714 -5.00000000
-22.99036393 -24.42304088 -5.00000000
-22.58197775 -24.45692096 -5.00000000
-22.14330016 -24.55392625 -5.00000000
-21.69318110 -24.71952637 -5.00000000
-21.25125100 -24.95381102 -5.00000000
-20.83641449 -25.25148234 -5.00000000
-20.46539978 -25.60226094 -5.00000000
-20.15147517 -25.99167441 -5.00000000
-19.90343124 -26.40216774 -5.00000000
-19.72490677 -26.81445050 -5.00000000
-19.61411029 -27.20897714 -5.00000000
-19.56395852 -27.56744706 -5.00000000
-19.56262109 -27.87420894 -5.00000000
-19.59442980 -28.11746173 -5.00000000
-19.64108250 -28.29016010 -5.00000000
-19.68304921 -28.39055461 -5.00000000
-19.70107254 -28.42232542 -5.00000000
-19.73317604 -28.59465992 -5.00000000
-19.56658230 -29.01980112 -5.00000000
-19.09622341 -29.33145499 -5.00000000
-18.63977327 -29.31913480 -5.00000000
-18.49358789 -29.22238950 -5.00000000
-18.47135669 -29.19340677 -5.00000000
-18.39526483 -29.11562316 -5.00000000
-18.25441613 -29.00533788 -5.00000000
-18.04280820 -28.88121778 -5.00000000
-17.75979421 -28.76286356 -5.00000000
-17.41013360 -28.66930428 -5.00000000
-17.00362757 -28.61753574 -5.00000000
-16.55436760 -28.62121503 -5.00000000
-16.07965452 -28.68961137 -5.00000000
-15.59867114 -28.82689390 -5.00000000
-15.13101045 -29.03181103 -5.00000000
-14.69517233 -29.29778598 -5.00000000
-14.30714411 -29.61342124 -5.00000000
-13.97917417 -29.96337307 -5.00000000
-13.71883249 -30.32952913 -5.00000000
-13.52843048 -30.69239854 -5.00000000
-13.40484456 -31.03260790 -5.00000000
-13.33975697 -31.33238822 -5.00000000
-13.32029549 -31.57693877 -5.00000000
-13.33002270 -31.75556290 -5.00000000
-13.35019915 -31.86248891 -5.00000000
-13.36122310 -31.89731272 -5.00000000
-13.35679471 -32.07255599 -5.00000000
-13.10544961 -32.45377005 -5.00000000
-12.58057271 -32.66082042 -5.00000000
-12.13665861 -32.55386814 -5.00000000
-12.01378221 -32.42884331 -5.00000000
-11.99806267 -32.39587179 -5.00000000
-11.93980571 -32.30396755 -5.00000000
-11.82496450 -32.16680818 -5.00000000
-11.64378673 -32.00140463 -5.00000000
-11.39156451 -31.82679482 -5.00000000
-11.06899688 -31.66258151 -5.00000000
-10.68213727 -31.52742688 -5.00000000
-10.24192974 -31.43761937 -5.00000000
-9.76336988 -31.40582269 -5.00000000
-9.26435449 -31.44010320 -5.00000000
-8.76430865 -31.54331027 -5.00000000
-8.28269533 -31.71285719 -5.00000000
-7.83752221 -31.94091946 -5.00000000
-7.44396012 -32.21503522 -5.00000000
-7.11317940 -32.51906181 -5.00000000
-6.85149334 -32.83441485 -5.00000000
-6.65987456 -33.14149486 -5.00000000
-6.53388147 -33.42119179 -5.00000000
-6.46400034 -33.65635205 -5.00000000
-6.43637695 -33.83309522 -5.00000000
-6.43388132 -33.94187956 -5.00000000
-6.43742410 -33.97823439 -5.00000000
-6.39665735 -34.14872747 -5.00000000
-6.07154589 -34.46935350 -5.00000000
-5.51509061 -34.56275127 -5.00000000
-5.10311374 -34.36584122 -5.00000000
-5.00891661 -34.21800105 -5.00000000
-5.00039573 -34.18248176 -5.00000000
-4.96251980 -34.08047355 -5.00000000
-4.87870518 -33.92243460 -5.00000000
-4.73587591 -33.72297655 -5.00000000
-4.52546876 -33.49974243 -5.00000000
-4.24409189 -33.27205199 -5.00000000
-3.89378631 -33.05941818 -5.00000000
-3.48187041 -32.88004889 -5.00000000
-3.02037913 -32.74944885 -5.00000000
-2.52514111 -32.67922912 -5.00000000
-2.01456451 -32.67621549 -5.00000000
-1.50822481 -32.74192437 -5.00000000
-1.02536297 -32.87244623 -5.00000000
-0.58340929 -33.05874574 -5.00000000
-0.19664624 -33.28735545 -5.00000000
0.12488694 -33.54140967 -5.00000000
0.37616391 -33.80193946 -5.00000000
0.55755602 -34.04932891 -5.00000000
0.67480263 -34.26482125 -5.00000000
0.73856936 -34.43195893 -5.00000000
0.76362799 -34.53784720 -5.00000000
0.76772123 -34.57414417 -5.00000000
0.84304463 -34.73243569 -5.00000000
1.22771353 -34.97846079 -5.00000000
1.79142740 -34.95412405 -5.00000000
2.15346170 -34.67586215 -5.00000000
2.21486269 -34.51166795 -5.00000000
2.21581249 -34.47515325 -5.00000000
2.23165204 -34.36749932 -5.00000000
2.28077697 -34.19548786 -5.00000000
2.37901542 -33.97069257 -5.00000000
2.53841168 -33.70859055 -5.00000000
2.76630029 -33.42737415 -5.00000000
3.06474180 -33.14655427 -5.00000000
3.43036337 -32.88546250 -5.00000000
3.85461669 -32.66176695 -5.00000000
4.32443307 -32.49011591 -5.00000000
4.82322577 -32.38101330 -5.00000000
5.33216238 -32.34001233 -5.00000000
5.83160954 -32.36728936 -5.00000000
6.30263933 -32.45763044 -5.00000000
6.72848131 -32.60083192 -5.00000000
7.09580906 -32.78248394 -5.00000000
7.39576221 -32.98507711 -5.00000000
7.62462562 -33.18934697 -5.00000000
7.78411350 -33.37575334 -5.00000000
7.88123665 -33.52598081 -5.00000000
7.92776310 -33.62434519 -5.00000000
7.93931345 -33.65899795 -5.00000000
8.04590151 -33.79816980 -5.00000000
8.47331597 -33.95884151 -5.00000000
9.01965145 -33.81783387 -5.00000000
9.31592052 -33.47038150 -5.00000000
9.34184187 -33.29700935 -5.00000000
9.33517908 -33.26109512 -5.00000000
9.32828999 -33.15250045 -5.00000000
9.34057822 -32.97403421 -5.00000000
9.38993235 -32.73372631 -5.00000000
9.49135135 -32.44421150 -5.00000000
9.65579187 -32.12175965 -5.00000000
9.88932598 -31.78502688 -5.00000000
10.19267381 -31.45362359 -5.00000000
10.56114726 -31.14660910 -5.00000000
10.98500876 -30.88102874 -5.00000000
11.45021794 -30.67060544 -5.00000000
11.93950848 -30.52468658 -5.00000000
12.43371274 -30.44752662 -5.00000000
12.91323236 -30.43796094 -5.00000000
13.35954193 -30.48949559 -5.00000000
13.75661027 -30.59080636 -5.00000000
14.09213022 -30.72660861 -5.00000000
14.35846250 -30.87883130 -5.00000000
14.55322125 -31.02800485 -5.00000000
14.67945607 -31.15475645 -5.00000000
14.74541691 -31.24129794 -5.00000000
14.76391958 -31.27279201 -5.00000000
14.89711389 -31.38676171 -5.00000000
15.34859384 -31.45505790 -5.00000000
15.85367344 -31.20354208 -5.00000000
16.07122892 -30.80208457 -5.00000000
16.06053772 -30.62711167 -5.00000000
16.04655354 -30.59336752 -5.00000000
16.01723689 -30.48857823 -5.00000000
15.99215138 -30.31145704 -5.00000000
15.99046419 -30.06613914 -5.00000000
16.02947342 -29.76186473 -5.00000000
16.12327901 -29.41227012 -5.00000000
16.28169916 -29.03434130 -5.00000000
16.50951550 -28.64711040 -5.00000000
16.80610501 -28.27019498 -5.00000000
17.16548686 -27.92229242 -5.00000000
17.57678064 -27.61974495 -5.00000000
18.02504077 -27.37528554 -5.00000000
18.49240303 -27.19706088 -5.00000000
18.95945518 -27.08800649 -5.00000000
19.40672647 -27.04562201 -5.00000000
19.81618160 -27.06216374 -5.00000000
20.17260451 -27.12523987 -5.00000000
20.46476568 -27.21876253 -5.00000000
20.68628340 -27.32418366 -5.00000000
20.83611283 -27.42191974 -5.00000000
20.91862525 -27.49285606 -5.00000000
20.94327158 -27.51981499 -5.00000000
21.09725090 -27.60360153 -5.00000000
21.55306451 -27.57653731 -5.00000000
21.99481384 -27.22550577 -5.00000000
22.12414749 -26.78758874 -5.00000000
22.07731101 -26.61866225 -5.00000000
22.05661662 -26.58856296 -5.00000000
22.00615369 -26.49215884 -5.00000000
21.94479079 -26.32412374 -5.00000000
21.89213600 -26.08451742 -5.00000000
21.86703059 -25.77878166 -5.00000000
21.88610149 -25.41732325 -5.00000000
21.96248396 -25.01471568 -5.00000000
22.10481214 -24.58858103 -5.00000000
22.31655533 -24.15823769 -5.00000000
22.59575082 -23.74321794 -5.00000000
22.93515369 -23.36176907 -5.00000000
23.32279229 -23.02945317 -5.00000000
23.74288656 -22.75795306 -5.00000000
24.17705883 -22.55417618 -5.00000000
24.60574394 -22.41972497 -5.00000000
25.00969071 -22.35077471 -5.00000000
25.37143919 -22.33836799 -5.00000000
25.67666038 -22.36910323 -5.00000000
25.91525570 -22.42616453 -5.00000000
26.08213147 -22.49061356 -5.00000000
26.17758929 -22.54284445 -5.00000000
26.20730211 -22.56409000 -5.00000000
26.37533682 -22.61403150 -5.00000000
26.81556284 -22.49278973 -5.00000000
27.17467532 -22.05758421 -5.00000000
27.21013465 -21.60234675 -5.00000000
27.12919987 -21.44684955 -5.00000000
27.10269970 -21.42171061 -5.00000000
27.03329597 -21.33790499 -5.00000000
26.93833754 -21.18629992 -5.00000000
26.83701643 -20.96287712 -5.00000000
26.74889358 -20.66904213 -5.00000000
26.69239632 -20.31151738 -5.00000000
26.68340282 -19.90182695 -5.00000000
26.73402241 -19.45541267 -5.00000000
26.85166510 -18.99044948 -5.00000000
27.03847204 -18.52645090 -5.00000000
27.29115046 -18.08277179 -5.00000000
27.60122586 -17.67712318 -5.00000000
27.95569203 -17.32421350 -5.00000000
28.33800899 -17.03462014 -5.00000000
28.72937232 -16.81397836 -5.00000000
29.11015633 -16.66254957 -5.00000000
29.46142022 -16.57520223 -5.00000000
29.76636183 -16.54180678 -5.00000000
30.01160697 -16.54801440 -5.00000000
30.18823581 -16.57635963 -5.00000000
30.29246706 -16.60760236 -5.00000000
30.32594778 -16.62220600 -5.00000000
30.50069395 -16.63611978 -5.00000000
30.90609240 -16.42599929 -5.00000000
31.16687309 -15.92564038 -5.00000000
31.10690837 -15.47297854 -5.00000000
30.99541252 -15.33770661 -5.00000000
30.96426476 -15.31862672 -5.00000000
30.87895350 -15.25108230 -5.00000000
30.75454967 -15.12253313 -5.00000000
30.60899046 -14.92505850 -5.00000000
30.46170158 -14.65596628 -5.00000000
30.33210534 -14.31800075 -5.00000000
30.23812894 -13.91913288 -5.00000000
30.19482762 -13.47194942 -5.00000000
30.21322825 -12.99268750 -5.00000000
30.29948228 -12.49998906 -5.00000000
30.45439300 -12.01347060 -5.00000000
30.67335343 -11.55221809 -5.00000000
30.94669960 -11.13332267 -5.00000000
31.26045217 -10.77056945 -5.00000000
31.59738928 -10.47338022 -5.00000000
31.93836842 -10.24609107 -5.00000000
32.26379583 -10.08762060 -5.00000000
32.55513042 -9.99155400 -5.00000000
32.79630701 -9.94663663 -5.00000000
32.97496939 -9.93763926 -5.00000000
33.08341866 -9.94652836 -5.00000000
33.11920402 -9.95385184 -5.00000000
33.29302440 -9.93112980 -5.00000000
33.64587741 -9.64131387 -5.00000000
33.79692896 -9.09766965 -5.00000000
33.64416091 -8.66736692 -5.00000000
33.50697690 -8.55823230 -5.00000000
33.47254287 -8.54604533 -5.00000000
33.37505258 -8.49771412 -5.00000000
33.22664040 -8.39783908 -5.00000000
33.04320472 -8.23494320 -5.00000000
32.84318704 -8.00235437 -5.00000000
32.64615581 -7.69871877 -5.00000000
32.47130373 -7.32810592 -5.00000000
32.33597398 -6.89969734 -5.00000000
32.25432835 -6.42708274 -5.00000000
32.23625976 -5.92721772 -5.00000000
32.28663243 -5.41912310 -5.00000000
32.40490826 -4.92242564 -5.00000000
32.58518791 -4.45585222 -5.00000000
32.81666360 -4.03579320 -5.00000000
33.08444870 -3.67504510 -5.00000000
33.37072056 -3.38182921 -5.00000000
33.65608873 -3.15916154 -5.00000000
33.92108360 -3.00462236 -5.00000000
34.14765105 -2.91054312 -5.00000000
34.32053857 -2.86459635 -5.00000000
34.42846612 -2.85074333 -5.00000000
34.46499211 -2.85046659 -5.00000000
