8.07130740 2.27634411 5.00000000
8.09983415 2.28713378 5.00000000
8.18083228 2.32901333 5.00000000
8.30508265 2.41481228 5.00000000
8.46064641 2.55491412 5.00000000
8.63348986 2.75670259 5.00000000
8.80821853 3.02416369 5.00000000
8.96888238 3.35766425 5.00000000
9.09981011 3.75391835 5.00000000
9.18642968 4.20614353 5.00000000
9.21603210 4.70439864 5.00000000
9.17843908 5.23608573 5.00000000
9.06653986 5.78659011 5.00000000
8.87666926 6.34002529 5.00000000
8.60880748 6.88004418 5.00000000
8.26659118 7.39067453 5.00000000
7.85713524 7.85713524 5.00000000
7.39067453 8.26659118 5.00000000
6.88004418 8.60880748 5.00000000
6.34002529 8.87666926 5.00000000
5.78659011 9.06653986 5.00000000
5.23608573 9.17843908 5.00000000
4.70439864 9.21603210 5.00000000
4.20614353 9.18642968 5.00000000
3.75391835 9.09981011 5.00000000
3.35766425 8.96888238 5.00000000
3.02416369 8.80821853 5.00000000
2.75670259 8.63348986 5.00000000
2.55491412 8.46064641 5.00000000
2.41481228 8.30508265 5.00000000
2.32901333 8.18083228 5.00000000
2.28713378 8.09983415 5.00000000
2.27634411 8.07130740 5.00000000
2.25958897 8.02892491 5.00000000
2.19340397 7.91111081 5.00000000
2.05832777 7.73733922 5.00000000
1.84247459 7.53251534 5.00000000
1.54290170 7.32416386 5.00000000
1.16596953 7.13932304 5.00000000
0.72665365 7.00149463 5.00000000
0.24688622 6.92799314 5.00000000
-0.24688622 6.92799314 5.00000000
-0.72665365 7.00149463 5.00000000
-1.16596953 7.13932304 5.00000000
-1.54290170 7.32416386 5.00000000
-1.84247459 7.53251534 5.00000000
-2.05832777 7.73733922 5.00000000
-2.19340397 7.91111081 5.00000000
-2.25958897 8.02892491 5.00000000
-2.27634411 8.07130740 5.00000000
-2.28713378 8.09983415 5.00000000
-2.32901333 8.18083228 5.00000000
-2.41481228 8.30508265 5.00000000
-2.55491412 8.46064641 5.00000000
-2.75670259 8.63348986 5.00000000
-3.02416369 8.80821853 5.00000000
-3.35766425 8.96888238 5.00000000
-3.75391835 9.09981011 5.00000000
-4.20614353 9.18642968 5.00000000
-4.70439864 9.21603210 5.00000000
-5.23608573 9.17843908 5.00000000
-5.78659011 9.06653986 5.00000000
-6.34002529 8.87666926 5.00000000
-6.88004418 8.60880748 5.00000000
-7.39067453 8.26659118 5.00000000
-7.85713524 7.85713524 5.00000000
-8.26659118 7.39067453 5.00000000
-8.60880748 6.88004418 5.00000000
-8.87666926 6.34002529 5.00000000
-9.06653986 5.78659011 5.00000000
-9.17843908 5.23608573 5.00000000
-9.21603210 4.70439864 5.00000000
-9.18642968 4.20614353 5.00000000
-9.09981011 3.75391835 5.00000000
-8.96888238 3.35766425 5.00000000
-8.80821853 3.02416369 5.00000000
-8.63348986 2.75670259 5.00000000
-8.46064641 2.55491412 5.00000000
-8.30508265 2.41481228 5.00000000
-8.18083228 2.32901333 5.00000000
-8.09983415 2.28713378 5.00000000
-8.07130740 2.27634411 5.00000000
-8.02892491 2.25958897 5.00000000
-7.91111081 2.19340397 5.00000000
-7.73733922 2.05832777 5.00000000
-7.53251534 1.84247459 5.00000000
-7.32416386 1.54290170 5.00000000
-7.13932304 1.16596953 5.00000000
-7.00149463 0.72665365 5.00000000
-6.92799314 0.24688622 5.00000000
-6.92799314 -0.24688622 5.00000000
-7.00149463 -0.72665365 5.00000000
-7.13932304 -1.16596953 5.00000000
-7.32416386 -1.54290170 5.00000000
-7.53251534 -1.84247459 5.00000000
-7.73733922 -2.05832777 5.00000000
-7.91111081 -2.19340397 5.00000000
-8.02892491 -2.25958897 5.00000000
-8.07130740 -2.27634411 5.00000000
-8.09983415 -2.28713378 5.00000000
-8.18083228 -2.32901333 5.00000000
-8.30508265 -2.41481228 5.00000000
-8.46064641 -2.55491412 5.00000000
-8.63348986 -2.75670259 5.00000000
-8.80821853 -3.02416369 5.00000000
-8.96888238 -3.35766425 5.00000000
-9.09981011 -3.75391835 5.00000000
-9.18642968 -4.20614353 5.00000000
-9.21603210 -4.70439864 5.00000000
-9.17843908 -5.23608573 5.00000000
-9.06653986 -5.78659011 5.00000000
-8.87666926 -6.34002529 5.00000000
-8.60880748 -6.88004418 5.00000000
-8.26659118 -7.39067453 5.00000000
-7.85713524 -7.85713524 5.00000000
-7.39067453 -8.26659118 5.00000000
-6.88004418 -8.60880748 5.00000000
-6.34002529 -8.87666926 5.00000000
-5.78659011 -9.06653986 5.00000000
-5.23608573 -9.17843908 5.00000000
-4.70439864 -9.21603210 5.00000000
-4.20614353 -9.18642968 5.00000000
-3.75391835 -9.09981011 5.00000000
-3.35766425 -8.96888238 5.00000000
-3.02416369 -8.80821853 5.00000000
-2.75670259 -8.63348986 5.00000000
-2.55491412 -8.46064641 5.00000000
-2.41481228 -8.30508265 5.00000000
-2.32901333 -8.18083228 5.00000000
-2.28713378 -8.09983415 5.00000000
-2.27634411 -8.07130740 5.00000000
-2.25958897 -8.02892491 5.00000000
-2.19340397 -7.91111081 5.00000000
-2.05832777 -7.73733922 5.00000000
-1.84247459 -7.53251534 5.00000000
-1.54290170 -7.32416386 5.00000000
-1.16596953 -7.13932304 5.00000000
-0.72665365 -7.00149463 5.00000000
-0.24688622 -6.92799314 5.00000000
0.24688622 -6.92799314 5.00000000
0.72665365 -7.00149463 5.00000000
1.16596953 -7.13932304 5.00000000
1.54290170 -7.32416386 5.00000000
1.84247459 -7.53251534 5.00000000
2.05832777 -7.73733922 5.00000000
2.19340397 -7.91111081 5.00000000
2.25958897 -8.02892491 5.00000000
2.27634411 -8.07130740 5.00000000
2.28713378 -8.09983415 5.00000000
2.32901333 -8.18083228 5.00000000
2.41481228 -8.30508265 5.00000000
2.55491412 -8.46064641 5.00000000
2.75670259 -8.63348986 5.00000000
3.02416369 -8.80821853 5.00000000
3.35766425 -8.96888238 5.00000000
3.75391835 -9.09981011 5.00000000
4.20614353 -9.18642968 5.00000000
4.70439864 -9.21603210 5.00000000
5.23608573 -9.17843908 5.00000000
5.78659011 -9.06653986 5.00000000
6.34002529 -8.87666926 5.00000000
6.88004418 -8.60880748 5.00000000
7.39067453 -8.26659118 5.00000000
7.85713524 -7.85713524 5.00000000
8.26659118 -7.39067453 5.00000000
8.60880748 -6.88004418 5.00000000
8.87666926 -6.34002529 5.00000000
9.06653986 -5.78659011 5.00000000
9.17843908 -5.23608573 5.00000000
9.21603210 -4.70439864 5.00000000
9.18642968 -4.20614353 5.00000000
9.09981011 -3.75391835 5.00000000
8.96888238 -3.35766425 5.00000000
8.80821853 -3.02416369 5.00000000
8.63348986 -2.75670259 5.00000000
8.46064641 -2.55491412 5.00000000
8.30508265 -2.41481228 5.00000000
8.18083228 -2.32901333 5.00000000
8.09983415 -2.28713378 5.00000000
8.07130740 -2.27634411 5.00000000
8.02892491 -2.25958897 5.00000000
7.91111081 -2.19340397 5.00000000
7.73733922 -2.05832777 5.00000000
7.53251534 -1.84247459 5.00000000
7.32416386 -1.54290170 5.00000000
7.13932304 -1.16596953 5.00000000
7.00149463 -0.72665365 5.00000000
6.92799314 -0.24688622 5.00000000
6.92799314 0.24688622 5.00000000
7.00149463 0.72665365 5.00000000
7.13932304 1.16596953 5.00000000
7.32416386 1.54290170 5.00000000
7.53251534 1.84247459 5.00000000
7.73733922 2.05832777 5.00000000
7.91111081 2.19340397 5.00000000
8.02892491 2.25958897 5.00000000
8.07130740 2.27634411 5.00000000
