12.66514587 -1.55508437 0.00000000
12.74817099 -1.54819486 0.00000000
12.97586865 -1.46362215 0.00000000
13.27930486 -1.23014107 0.00000000
13.56142219 -0.82726845 0.00000000
13.73022287 -0.29231634 0.00000000
13.73022287 0.29231634 0.00000000
13.56142219 0.82726845 0.00000000
13.27930486 1.23014107 0.00000000
12.97586865 1.46362215 0.00000000
12.74817099 1.54819486 0.00000000
12.66514587 1.55508437 0.00000000
12.62698992 1.55367673 0.00000000
12.51365527 1.56239895 0.00000000
12.33082185 1.59981761 0.00000000
12.08907576 1.68223296 0.00000000
11.80310028 1.82242198 0.00000000
11.49055351 2.02865119 0.00000000
11.17071840 2.30403493 0.00000000
10.86302852 2.64628801 0.00000000
10.58558257 3.04789197 0.00000000
10.35376120 3.49666196 0.00000000
10.17905222 3.97667095 0.00000000
10.06817390 4.46946060 0.00000000
10.02256378 4.95544591 0.00000000
10.03827186 5.41540623 0.00000000
10.10626652 5.83194845 0.00000000
10.21312965 6.19083039 0.00000000
10.34208781 6.48204290 0.00000000
10.47430050 6.70056812 0.00000000
10.59030676 6.84675553 0.00000000
10.67151962 6.92628724 0.00000000
10.70165359 6.94973510 0.00000000
10.76082602 7.00838029 0.00000000
10.88089026 7.21952798 0.00000000
10.96325713 7.59342989 0.00000000
10.92041002 8.08338975 0.00000000
10.70585825 8.60168983 0.00000000
10.33006361 9.04954444 0.00000000
9.85689420 9.35083855 0.00000000
9.38181825 9.47811536 0.00000000
8.99929389 9.46192721 0.00000000
8.77050507 9.38035243 0.00000000
8.70247565 9.33226259 0.00000000
8.67415131 9.30665810 0.00000000
8.58172540 9.24048959 0.00000000
8.41761463 9.15163089 0.00000000
8.17945081 9.05937332 0.00000000
7.87026911 8.98294284 0.00000000
7.49828281 8.94002240 0.00000000
7.07626165 8.94539253 0.00000000
6.62056149 9.00979436 0.00000000
6.14987951 9.13910203 0.00000000
5.68383025 9.33386788 0.00000000
5.24145157 9.58927533 0.00000000
4.83975477 9.89550289 0.00000000
4.49243006 10.23847162 0.00000000
4.20880635 10.60091862 0.00000000
3.99314510 10.96371460 0.00000000
3.84432215 11.30732441 0.00000000
3.75592204 11.61329885 0.00000000
3.71673753 11.86568355 0.00000000
3.71163603 12.05223700 0.00000000
3.72272668 12.16536444 0.00000000
3.73073865 12.20269628 0.00000000
3.73837096 12.28565641 0.00000000
3.69462239 12.52458073 0.00000000
3.51737955 12.86395062 0.00000000
3.16961663 13.21174005 0.00000000
2.67210358 13.47086973 0.00000000
2.09635278 13.57239013 0.00000000
1.54021587 13.49904737 0.00000000
1.09447462 13.29117413 0.00000000
0.81184950 13.03289137 0.00000000
0.68902236 12.82333884 0.00000000
0.66782035 12.74277142 0.00000000
0.66258090 12.70495071 0.00000000
0.63431084 12.59485246 0.00000000
0.56571196 12.42129438 0.00000000
0.44256991 12.19753222 0.00000000
0.25485156 11.94024492 0.00000000
-0.00251775 11.66825777 0.00000000
-0.32925657 11.40110155 0.00000000
-0.71973984 11.15751780 0.00000000
-1.16342052 10.95402467 0.00000000
-1.64562804 10.80365328 0.00000000
-2.14868252 10.71495121 0.00000000
-2.65323941 10.69132940 0.00000000
-3.13976162 10.73080266 0.00000000
-3.59000642 10.82614337 0.00000000
-3.98841329 10.96543684 0.00000000
-4.32328641 11.13299567 0.00000000
-4.58768140 11.31056320 0.00000000
-4.77992824 11.47871378 0.00000000
-4.90375045 11.61834283 0.00000000
-4.96797144 11.71213241 0.00000000
-4.98583036 11.74588026 0.00000000
-5.03330942 11.81433736 0.00000000
-5.22040036 11.96924297 0.00000000
-5.57431901 12.11528589 0.00000000
-6.06427560 12.15817035 0.00000000
-6.61195806 12.03687997 0.00000000
-7.11826481 11.74456363 0.00000000
-7.49714659 11.33090190 0.00000000
-7.70498585 10.88514481 0.00000000
-7.75546829 10.50562081 0.00000000
-7.71486157 10.26614250 0.00000000
-7.67931551 10.19079588 0.00000000
-7.65901848 10.15845568 0.00000000
-7.60990481 10.05594388 0.00000000
-7.55089362 9.87889617 0.00000000
-7.50139436 9.62833024 0.00000000
-7.47981387 9.31057370 0.00000000
-7.50214023 8.93678565 0.00000000
-7.58071198 8.52210845 0.00000000
-7.72326690 8.08451465 0.00000000
-7.93234316 7.64343743 0.00000000
-8.20507869 7.21828925 0.00000000
-8.53342418 6.82698233 0.00000000
-8.90475337 6.48456406 0.00000000
-9.30282393 6.20207189 0.00000000
-9.70901529 5.98569533 0.00000000
-10.10374877 5.83630932 0.00000000
-10.46798121 5.74941453 0.00000000
-10.78465773 5.71548932 0.00000000
-11.04001246 5.72072626 0.00000000
-11.22461760 5.74809693 0.00000000
-11.33410051 5.77866346 0.00000000
-11.36947394 5.79303632 0.00000000
-11.44984838 5.81495855 0.00000000
-11.69273976 5.81336339 0.00000000
-12.05773176 5.69774424 0.00000000
-12.46062588 5.41565762 0.00000000
-12.80221103 4.97070030 0.00000000
-13.00216718 4.42132529 0.00000000
-13.02651083 3.86090150 0.00000000
-12.89919781 3.38583526 0.00000000
-12.69391628 3.06265352 0.00000000
-12.50887603 2.90530398 0.00000000
-12.43321430 2.87043370 0.00000000
-12.39687799 2.85870634 0.00000000
-12.29336143 2.81174741 0.00000000
-12.13435215 2.71405266 0.00000000
-11.93537284 2.55392553 0.00000000
-11.71459126 2.32438156 0.00000000
-11.49142792 2.02369220 0.00000000
-11.28506800 1.65552609 0.00000000
-11.11299154 1.22867726 0.00000000
-10.98963427 0.75640087 0.00000000
-10.92528183 0.25540745 0.00000000
-10.92528183 -0.25540745 0.00000000
-10.98963427 -0.75640087 0.00000000
-11.11299154 -1.22867726 0.00000000
-11.28506800 -1.65552609 0.00000000
-11.49142792 -2.02369220 0.00000000
-11.71459126 -2.32438156 0.00000000
-11.93537284 -2.55392553 0.00000000
-12.13435215 -2.71405266 0.00000000
-12.29336143 -2.81174741 0.00000000
-12.39687799 -2.85870634 0.00000000
-12.43321430 -2.87043370 0.00000000
-12.50887603 -2.90530398 0.00000000
-12.69391628 -3.06265352 0.00000000
-12.89919781 -3.38583526 0.00000000
-13.02651083 -3.86090150 0.00000000
-13.00216718 -4.42132529 0.00000000
-12.80221103 -4.97070030 0.00000000
-12.46062588 -5.41565762 0.00000000
-12.05773176 -5.69774424 0.00000000
-11.69273976 -5.81336339 0.00000000
-11.44984838 -5.81495855 0.00000000
-11.36947394 -5.79303632 0.00000000
-11.33410051 -5.77866346 0.00000000
-11.22461760 -5.74809693 0.00000000
-11.04001246 -5.72072626 0.00000000
-10.78465773 -5.71548932 0.00000000
-10.46798121 -5.74941453 0.00000000
-10.10374877 -5.83630932 0.00000000
-9.70901529 -5.98569533 0.00000000
-9.30282393 -6.20207189 0.00000000
-8.90475337 -6.48456406 0.00000000
-8.53342418 -6.82698233 0.00000000
-8.20507869 -7.21828925 0.00000000
-7.93234316 -7.64343743 0.00000000
-7.72326690 -8.08451465 0.00000000
-7.58071198 -8.52210845 0.00000000
-7.50214023 -8.93678565 0.00000000
-7.47981387 -9.31057370 0.00000000
-7.50139436 -9.62833024 0.00000000
-7.55089362 -9.87889617 0.00000000
-7.60990481 -10.05594388 0.00000000
-7.65901848 -10.15845568 0.00000000
-7.67931551 -10.19079588 0.00000000
-7.71486157 -10.26614250 0.00000000
-7.75546829 -10.50562081 0.00000000
-7.70498585 -10.88514481 0.00000000
-7.49714659 -11.33090190 0.00000000
-7.11826481 -11.74456363 0.00000000
-6.61195806 -12.03687997 0.00000000
-6.06427560 -12.15817035 0.00000000
-5.57431901 -12.11528589 0.00000000
-5.22040036 -11.96924297 0.00000000
-5.03330942 -11.81433736 0.00000000
-4.98583036 -11.74588026 0.00000000
-4.96797144 -11.71213241 0.00000000
-4.90375045 -11.61834283 0.00000000
-4.77992824 -11.47871378 0.00000000
-4.58768140 -11.31056320 0.00000000
-4.32328641 -11.13299567 0.00000000
-3.98841329 -10.96543684 0.00000000
-3.59000642 -10.82614337 0.00000000
-3.13976162 -10.73080266 0.00000000
-2.65323941 -10.69132940 0.00000000
-2.14868252 -10.71495121 0.00000000
-1.64562804 -10.80365328 0.00000000
-1.16342052 -10.95402467 0.00000000
-0.71973984 -11.15751780 0.00000000
-0.32925657 -11.40110155 0.00000000
-0.00251775 -11.66825777 0.00000000
0.25485156 -11.94024492 0.00000000
0.44256991 -12.19753222 0.00000000
0.56571196 -12.42129438 0.00000000
0.63431084 -12.59485246 0.00000000
0.66258090 -12.70495071 0.00000000
0.66782035 -12.74277142 0.00000000
0.68902236 -12.82333884 0.00000000
0.81184950 -13.03289137 0.00000000
1.09447462 -13.29117413 0.00000000
1.54021587 -13.49904737 0.00000000
2.09635278 -13.57239013 0.00000000
2.67210358 -13.47086973 0.00000000
3.16961663 -13.21174005 0.00000000
3.51737955 -12.86395062 0.00000000
3.69462239 -12.52458073 0.00000000
3.73837096 -12.28565641 0.00000000
3.73073865 -12.20269628 0.00000000
3.72272668 -12.16536444 0.00000000
3.71163603 -12.05223700 0.00000000
3.71673753 -11.86568355 0.00000000
3.75592204 -11.61329885 0.00000000
3.84432215 -11.30732441 0.00000000
3.99314510 -10.96371460 0.00000000
4.20880635 -10.60091862 0.00000000
4.49243006 -10.23847162 0.00000000
4.83975477 -9.89550289 0.00000000
5.24145157 -9.58927533 0.00000000
5.68383025 -9.33386788 0.00000000
6.14987951 -9.13910203 0.00000000
6.62056149 -9.00979436 0.00000000
7.07626165 -8.94539253 0.00000000
7.49828281 -8.94002240 0.00000000
7.87026911 -8.98294284 0.00000000
8.17945081 -9.05937332 0.00000000
8.41761463 -9.15163089 0.00000000
8.58172540 -9.24048959 0.00000000
8.67415131 -9.30665810 0.00000000
8.70247565 -9.33226259 0.00000000
8.77050507 -9.38035243 0.00000000
8.99929389 -9.46192721 0.00000000
9.38181825 -9.47811536 0.00000000
9.85689420 -9.35083855 0.00000000
10.33006361 -9.04954444 0.00000000
10.70585825 -8.60168983 0.00000000
10.92041002 -8.08338975 0.00000000
10.96325713 -7.59342989 0.00000000
10.88089026 -7.21952798 0.00000000
10.76082602 -7.00838029 0.00000000
10.70165359 -6.94973510 0.00000000
10.67151962 -6.92628724 0.00000000
10.59030676 -6.84675553 0.00000000
10.47430050 -6.70056812 0.00000000
10.34208781 -6.48204290 0.00000000
10.21312965 -6.19083039 0.00000000
10.10626652 -5.83194845 0.00000000
10.03827186 -5.41540623 0.00000000
10.02256378 -4.95544591 0.00000000
10.06817390 -4.46946060 0.00000000
10.17905222 -3.97667095 0.00000000
10.35376120 -3.49666196 0.00000000
10.58558257 -3.04789197 0.00000000
10.86302852 -2.64628801 0.00000000
11.17071840 -2.30403493 0.00000000
11.49055351 -2.02865119 0.00000000
11.80310028 -1.82242198 0.00000000
12.08907576 -1.68223296 0.00000000
12.33082185 -1.59981761 0.00000000
12.51365527 -1.56239895 0.00000000
12.62698992 -1.55367673 0.00000000
12.66514587 -1.55508437 0.00000000
