-13.66461067 2.15224299 -5.00000000
-13.83496690 2.10434983 -5.00000000
-14.14163877 1.76035177 -5.00000000
-14.20067783 1.19395752 -5.00000000
-13.97154210 0.79410864 -5.00000000
-13.81472515 0.71211203 -5.00000000
-13.78001028 0.70743281 -5.00000000
-13.67874556 0.68223101 -5.00000000
-13.51848003 0.62101722 -5.00000000
-13.31060129 0.51084125 -5.00000000
-13.06953120 0.34221322 -5.00000000
-12.81170728 0.10978003 -5.00000000
-12.55442184 -0.18729022 -5.00000000
-12.31460093 -0.54524321 -5.00000000
-12.10760920 -0.95599737 -5.00000000
-11.94616521 -1.40770844 -5.00000000
-11.83944379 -1.88559990 -5.00000000
-11.79242872 -2.37300045 -5.00000000
-11.80556171 -2.85251539 -5.00000000
-11.87471218 -3.30724912 -5.00000000
-11.99147022 -3.72199239 -5.00000000
-12.14374188 -4.08429043 -5.00000000
-12.31660480 -4.38531663 -5.00000000
-12.49336378 -4.62048989 -5.00000000
-12.65673164 -4.78979215 -5.00000000
-12.79005201 -4.89776368 -5.00000000
-12.87847771 -4.95317638 -5.00000000
-12.91002147 -4.96840823 -5.00000000
-13.03360771 -5.09506304 -5.00000000
-13.12719431 -5.54631004 -5.00000000
-12.89512651 -6.06634138 -5.00000000
-12.49676471 -6.29805280 -5.00000000
-12.31995894 -6.29065547 -5.00000000
-12.28755537 -6.27735035 -5.00000000
-12.18725666 -6.24854339 -5.00000000
-12.01785573 -6.22142333 -5.00000000
-11.78273948 -6.21289914 -5.00000000
-11.48965265 -6.23840026 -5.00000000
-11.15015398 -6.31078135 -5.00000000
-10.77880314 -6.43940901 -5.00000000
-10.39213564 -6.62949494 -5.00000000
-10.00749846 -6.88172260 -5.00000000
-9.64182833 -7.19219388 -5.00000000
-9.31045914 -7.55269931 -5.00000000
-9.02604262 -7.95129303 -5.00000000
-8.79765865 -8.37313165 -5.00000000
-8.63017785 -8.80151785 -5.00000000
-8.52392165 -9.21907507 -5.00000000
-8.47464375 -9.60897021 -5.00000000
-8.47383433 -9.95609800 -5.00000000
-8.50932547 -10.24814351 -5.00000000
-8.56615505 -10.47644750 -5.00000000
-8.62762811 -10.63661377 -5.00000000
-8.67650067 -10.72881543 -5.00000000
-8.69620244 -10.75777847 -5.00000000
-8.73990386 -10.92925788 -5.00000000
-8.59532874 -11.36684254 -5.00000000
-8.13433646 -11.70116900 -5.00000000
-7.67348931 -11.70265607 -5.00000000
-7.52406968 -11.60784691 -5.00000000
-7.50265992 -11.58012256 -5.00000000
-7.43020217 -11.50502564 -5.00000000
-7.29705670 -11.39683852 -5.00000000
-7.09770215 -11.27189823 -5.00000000
-6.83113094 -11.14743943 -5.00000000
-6.50092593 -11.04037396 -5.00000000
-6.11501283 -10.96609335 -5.00000000
-5.68510599 -10.93737885 -5.00000000
-5.22588659 -10.96349583 -5.00000000
-4.75397134 -11.04953677 -5.00000000
-4.28674448 -11.19605904 -5.00000000
-3.84113569 -11.39904307 -5.00000000
-3.43243006 -11.65017404 -5.00000000
-3.07319434 -11.93742697 -5.00000000
-2.77239515 -12.24591403 -5.00000000
-2.53477167 -12.55893418 -5.00000000
-2.36050679 -12.85915096 -5.00000000
-2.24522027 -13.12981536 -5.00000000
-2.18028414 -13.35594720 -5.00000000
-2.15343823 -13.52539179 -5.00000000
-2.14966228 -13.62967705 -5.00000000
-2.15224299 -13.66461067 -5.00000000
-2.10434983 -13.83496690 -5.00000000
-1.76035177 -14.14163877 -5.00000000
-1.19395752 -14.20067783 -5.00000000
-0.79410864 -13.97154210 -5.00000000
-0.71211203 -13.81472515 -5.00000000
-0.70743281 -13.78001028 -5.00000000
-0.68223101 -13.67874556 -5.00000000
-0.62101722 -13.51848003 -5.00000000
-0.51084125 -13.31060129 -5.00000000
-0.34221322 -13.06953120 -5.00000000
-0.10978003 -12.81170728 -5.00000000
0.18729022 -12.55442184 -5.00000000
0.54524321 -12.31460093 -5.00000000
0.95599737 -12.10760920 -5.00000000
1.40770844 -11.94616521 -5.00000000
1.88559990 -11.83944379 -5.00000000
2.37300045 -11.79242872 -5.00000000
2.85251539 -11.80556171 -5.00000000
3.30724912 -11.87471218 -5.00000000
3.72199239 -11.99147022 -5.00000000
4.08429043 -12.14374188 -5.00000000
4.38531663 -12.31660480 -5.00000000
4.62048989 -12.49336378 -5.00000000
4.78979215 -12.65673164 -5.00000000
4.89776368 -12.79005201 -5.00000000
4.95317638 -12.87847771 -5.00000000
4.96840823 -12.91002147 -5.00000000
5.09506304 -13.03360771 -5.00000000
5.54631004 -13.12719431 -5.00000000
6.06634138 -12.89512651 -5.00000000
6.29805280 -12.49676471 -5.00000000
6.29065547 -12.31995894 -5.00000000
6.27735035 -12.28755537 -5.00000000
6.24854339 -12.18725666 -5.00000000
6.22142333 -12.01785573 -5.00000000
6.21289914 -11.78273948 -5.00000000
6.23840026 -11.48965265 -5.00000000
6.31078135 -11.15015398 -5.00000000
6.43940901 -10.77880314 -5.00000000
6.62949494 -10.39213564 -5.00000000
6.88172260 -10.00749846 -5.00000000
7.19219388 -9.64182833 -5.00000000
7.55269931 -9.31045914 -5.00000000
7.95129303 -9.02604262 -5.00000000
8.37313165 -8.79765865 -5.00000000
8.80151785 -8.63017785 -5.00000000
9.21907507 -8.52392165 -5.00000000
9.60897021 -8.47464375 -5.00000000
9.95609800 -8.47383433 -5.00000000
10.24814351 -8.50932547 -5.00000000
10.47644750 -8.56615505 -5.00000000
10.63661377 -8.62762811 -5.00000000
10.72881543 -8.67650067 -5.00000000
10.75777847 -8.69620244 -5.00000000
10.92925788 -8.73990386 -5.00000000
11.36684254 -8.59532874 -5.00000000
11.70116900 -8.13433646 -5.00000000
11.70265607 -7.67348931 -5.00000000
11.60784691 -7.52406968 -5.00000000
11.58012256 -7.50265992 -5.00000000
11.50502564 -7.43020217 -5.00000000
11.39683852 -7.29705670 -5.00000000
11.27189823 -7.09770215 -5.00000000
11.14743943 -6.83113094 -5.00000000
11.04037396 -6.50092593 -5.00000000
10.96609335 -6.11501283 -5.00000000
10.93737885 -5.68510599 -5.00000000
10.96349583 -5.22588659 -5.00000000
11.04953677 -4.75397134 -5.00000000
11.19605904 -4.28674448 -5.00000000
11.39904307 -3.84113569 -5.00000000
11.65017404 -3.43243006 -5.00000000
11.93742697 -3.07319434 -5.00000000
12.24591403 -2.77239515 -5.00000000
12.55893418 -2.53477167 -5.00000000
12.85915096 -2.36050679 -5.00000000
13.12981536 -2.24522027 -5.00000000
13.35594720 -2.18028414 -5.00000000
13.52539179 -2.15343823 -5.00000000
13.62967705 -2.14966228 -5.00000000
13.66461067 -2.15224299 -5.00000000
13.83496690 -2.10434983 -5.00000000
14.14163877 -1.76035177 -5.00000000
14.20067783 -1.19395752 -5.00000000
13.97154210 -0.79410864 -5.00000000
13.81472515 -0.71211203 -5.00000000
13.78001028 -0.70743281 -5.00000000
13.67874556 -0.68223101 -5.00000000
13.51848003 -0.62101722 -5.00000000
13.31060129 -0.51084125 -5.00000000
13.06953120 -0.34221322 -5.00000000
12.81170728 -0.10978003 -5.00000000
12.55442184 0.18729022 -5.00000000
12.31460093 0.54524321 -5.00000000
12.10760920 0.95599737 -5.00000000
11.94616521 1.40770844 -5.00000000
11.83944379 1.88559990 -5.00000000
11.79242872 2.37300045 -5.00000000
11.80556171 2.85251539 -5.00000000
11.87471218 3.30724912 -5.00000000
11.99147022 3.72199239 -5.00000000
12.14374188 4.08429043 -5.00000000
12.31660480 4.38531663 -5.00000000
12.49336378 4.62048989 -5.00000000
12.65673164 4.78979215 -5.00000000
12.79005201 4.89776368 -5.00000000
12.87847771 4.95317638 -5.00000000
12.91002147 4.96840823 -5.00000000
13.03360771 5.09506304 -5.00000000
13.12719431 5.54631004 -5.00000000
12.89512651 6.06634138 -5.00000000
12.49676471 6.29805280 -5.00000000
12.31995894 6.29065547 -5.00000000
12.28755537 6.27735035 -5.00000000
12.18725666 6.24854339 -5.00000000
12.01785573 6.22142333 -5.00000000
11.78273948 6.21289914 -5.00000000
11.48965265 6.23840026 -5.00000000
11.15015398 6.31078135 -5.00000000
10.77880314 6.43940901 -5.00000000
10.39213564 6.62949494 -5.00000000
10.00749846 6.88172260 -5.00000000
9.64182833 7.19219388 -5.00000000
9.31045914 7.55269931 -5.00000000
9.02604262 7.95129303 -5.00000000
8.79765865 8.37313165 -5.00000000
8.63017785 8.80151785 -5.00000000
8.52392165 9.21907507 -5.00000000
8.47464375 9.60897021 -5.00000000
8.47383433 9.95609800 -5.00000000
8.50932547 10.24814351 -5.00000000
8.56615505 10.47644750 -5.00000000
8.62762811 10.63661377 -5.00000000
8.67650067 10.72881543 -5.00000000
8.69620244 10.75777847 -5.00000000
8.73990386 10.92925788 -5.00000000
8.59532874 11.36684254 -5.00000000
8.13433646 11.70116900 -5.00000000
7.67348931 11.70265607 -5.00000000
7.52406968 11.60784691 -5.00000000
7.50265992 11.58012256 -5.00000000
7.43020217 11.50502564 -5.00000000
7.29705670 11.39683852 -5.00000000
7.09770215 11.27189823 -5.00000000
6.83113094 11.14743943 -5.00000000
6.50092593 11.04037396 -5.00000000
6.11501283 10.96609335 -5.00000000
5.68510599 10.93737885 -5.00000000
5.22588659 10.96349583 -5.00000000
4.75397134 11.04953677 -5.00000000
4.28674448 11.19605904 -5.00000000
3.84113569 11.39904307 -5.00000000
3.43243006 11.65017404 -5.00000000
3.07319434 11.93742697 -5.00000000
2.77239515 12.24591403 -5.00000000
2.53477167 12.55893418 -5.00000000
2.36050679 12.85915096 -5.00000000
2.24522027 13.12981536 -5.00000000
2.18028414 13.35594720 -5.00000000
2.15343823 13.52539179 -5.00000000
2.14966228 13.62967705 -5.00000000
2.15224299 13.66461067 -5.00000000
2.10434983 13.83496690 -5.00000000
1.76035177 14.14163877 -5.00000000
1.19395752 14.20067783 -5.00000000
0.79410864 13.97154210 -5.00000000
0.71211203 13.81472515 -5.00000000
0.70743281 13.78001028 -5.00000000
0.68223101 13.67874556 -5.00000000
0.62101722 13.51848003 -5.00000000
0.51084125 13.31060129 -5.00000000
0.34221322 13.06953120 -5.00000000
0.10978003 12.81170728 -5.00000000
-0.18729022 12.55442184 -5.00000000
-0.54524321 12.31460093 -5.00000000
-0.95599737 12.10760920 -5.00000000
-1.40770844 11.94616521 -5.00000000
-1.88559990 11.83944379 -5.00000000
-2.37300045 11.79242872 -5.00000000
-2.85251539 11.80556171 -5.00000000
-3.30724912 11.87471218 -5.00000000
-3.72199239 11.99147022 -5.00000000
-4.08429043 12.14374188 -5.00000000
-4.38531663 12.31660480 -5.00000000
-4.62048989 12.49336378 -5.00000000
-4.78979215 12.65673164 -5.00000000
-4.89776368 12.79005201 -5.00000000
-4.95317638 12.87847771 -5.00000000
-4.96840823 12.91002147 -5.00000000
-5.09506304 13.03360771 -5.00000000
-5.54631004 13.12719431 -5.00000000
-6.06634138 12.89512651 -5.00000000
-6.29805280 12.49676471 -5.00000000
-6.29065547 12.31995894 -5.00000000
-6.27735035 12.28755537 -5.00000000
-6.24854339 12.18725666 -5.00000000
-6.22142333 12.01785573 -5.00000000
-6.21289914 11.78273948 -5.00000000
-6.23840026 11.48965265 -5.00000000
-6.31078135 11.15015398 -5.00000000
-6.43940901 10.77880314 -5.00000000
-6.62949494 10.39213564 -5.00000000
-6.88172260 10.00749846 -5.00000000
-7.19219388 9.64182833 -5.00000000
-7.55269931 9.31045914 -5.00000000
-7.95129303 9.02604262 -5.00000000
-8.37313165 8.79765865 -5.00000000
-8.80151785 8.63017785 -5.00000000
-9.21907507 8.52392165 -5.00000000
-9.60897021 8.47464375 -5.00000000
-9.95609800 8.47383433 -5.00000000
-10.24814351 8.50932547 -5.00000000
-10.47644750 8.56615505 -5.00000000
-10.63661377 8.62762811 -5.00000000
-10.72881543 8.67650067 -5.00000000
-10.75777847 8.69620244 -5.00000000
-10.92925788 8.73990386 -5.00000000
-11.36684254 8.59532874 -5.00000000
-11.70116900 8.13433646 -5.00000000
-11.70265607 7.67348931 -5.00000000
-11.60784691 7.52406968 -5.00000000
-11.58012256 7.50265992 -5.00000000
-11.50502564 7.43020217 -5.00000000
-11.39683852 7.29705670 -5.00000000
-11.27189823 7.09770215 -5.00000000
-11.14743943 6.83113094 -5.00000000
-11.04037396 6.50092593 -5.00000000
-10.96609335 6.11501283 -5.00000000
-10.93737885 5.68510599 -5.00000000
-10.96349583 5.22588659 -5.00000000
-11.04953677 4.75397134 -5.00000000
-11.19605904 4.28674448 -5.00000000
-11.39904307 3.84113569 -5.00000000
-11.65017404 3.43243006 -5.00000000
-11.93742697 3.07319434 -5.00000000
-12.24591403 2.77239515 -5.00000000
-12.55893418 2.53477167 -5.00000000
-12.85915096 2.36050679 -5.00000000
-13.12981536 2.24522027 -5.00000000
-13.35594720 2.18028414 -5.00000000
-13.52539179 2.15343823 -5.00000000
-13.62967705 2.14966228 -5.00000000
-13.66461067 2.15224299 -5.00000000
