34.56370904 -0.72396677 0.00000000
34.72818194 -0.65867002 0.00000000
34.99753723 -0.28473148 0.00000000
34.99753723 0.28473148 0.00000000
34.72818194 0.65867002 0.00000000
34.56370904 0.72396677 0.00000000
34.52869611 0.72502171 0.00000000
34.42536430 0.73958908 0.00000000
34.25961605 0.78385749 0.00000000
34.04143503 0.87188791 0.00000000
33.78418151 1.01461431 0.00000000
33.50364944 1.21906508 0.00000000
33.21695170 1.48786042 0.00000000
32.94131236 1.81902106 0.00000000
32.69285112 2.20610189 0.00000000
32.48544599 2.63864110 0.00000000
32.32975427 3.10289297 0.00000000
32.23246132 3.58279274 0.00000000
32.19580983 4.06108525 0.00000000
32.21744315 4.52053770 0.00000000
32.29057351 4.94515089 0.00000000
32.40446336 5.32128336 0.00000000
32.54518588 5.63860896 0.00000000
32.69661077 5.89084040 0.00000000
32.84154586 6.07616750 0.00000000
32.96295385 6.19737918 0.00000000
33.04515814 6.26166080 0.00000000
33.07495275 6.28008087 0.00000000
33.18474208 6.41886597 0.00000000
33.23104134 6.87738389 0.00000000
32.94630986 7.37055328 0.00000000
32.52607206 7.55971590 0.00000000
32.35098598 7.53402810 0.00000000
32.32013643 7.51743525 0.00000000
32.22336476 7.47838505 0.00000000
32.05768837 7.43384849 0.00000000
31.82472285 7.40099457 0.00000000
31.53057157 7.39597249 0.00000000
31.18539828 7.43276602 0.00000000
30.80271309 7.52220074 0.00000000
30.39842209 7.67117459 0.00000000
29.98970794 7.88216581 0.00000000
29.59382022 8.15305318 0.00000000
29.22686130 8.47726124 0.00000000
28.90265325 8.84422015 0.00000000
28.63176588 9.24010787 0.00000000
28.42077466 9.64882203 0.00000000
28.27180081 10.05311302 0.00000000
28.18236608 10.43579822 0.00000000
28.14557256 10.78097151 0.00000000
28.15059463 11.07512279 0.00000000
28.18344856 11.30808831 0.00000000
28.22798512 11.47376470 0.00000000
28.26703531 11.57053636 0.00000000
28.28362817 11.60138591 0.00000000
28.30931597 11.77647200 0.00000000
28.12015334 12.19670980 0.00000000
27.62698395 12.48144128 0.00000000
27.16846603 12.43514202 0.00000000
27.02968093 12.32535269 0.00000000
27.01126087 12.29555808 0.00000000
26.94697925 12.21335378 0.00000000
26.82576756 12.09194580 0.00000000
26.64044047 11.94701070 0.00000000
26.38820902 11.79558582 0.00000000
26.07088342 11.65486330 0.00000000
25.69475096 11.54097345 0.00000000
25.27013776 11.46784309 0.00000000
24.81068531 11.44620977 0.00000000
24.33239280 11.48286125 0.00000000
23.85249303 11.58015421 0.00000000
23.38824116 11.73584592 0.00000000
22.95570196 11.94325106 0.00000000
22.56862112 12.19171229 0.00000000
22.23746049 12.46735163 0.00000000
21.96866515 12.75404937 0.00000000
21.76421437 13.03458145 0.00000000
21.62148798 13.29183497 0.00000000
21.53345755 13.51001599 0.00000000
21.48918915 13.67576423 0.00000000
21.47462178 13.77909605 0.00000000
21.47356684 13.81410897 0.00000000
21.40827008 13.97858187 0.00000000
21.03433154 14.24793717 0.00000000
20.46486859 14.24793717 0.00000000
20.09093005 13.97858187 0.00000000
20.02563329 13.81410897 0.00000000
20.02457835 13.77909605 0.00000000
20.01001098 13.67576423 0.00000000
19.96574258 13.51001599 0.00000000
19.87771215 13.29183497 0.00000000
19.73498575 13.03458145 0.00000000
19.53053498 12.75404937 0.00000000
19.26173964 12.46735163 0.00000000
18.93057900 12.19171229 0.00000000
18.54349817 11.94325106 0.00000000
18.11095897 11.73584592 0.00000000
17.64670710 11.58015421 0.00000000
17.16680733 11.48286125 0.00000000
16.68851482 11.44620977 0.00000000
16.22906237 11.46784309 0.00000000
15.80444917 11.54097345 0.00000000
15.42831671 11.65486330 0.00000000
15.11099111 11.79558582 0.00000000
14.85875966 11.94701070 0.00000000
14.67343257 12.09194580 0.00000000
14.55222088 12.21335378 0.00000000
14.48793926 12.29555808 0.00000000
14.46951920 12.32535269 0.00000000
14.33073410 12.43514202 0.00000000
13.87221617 12.48144128 0.00000000
13.37904679 12.19670980 0.00000000
13.18988416 11.77647200 0.00000000
13.21557196 11.60138591 0.00000000
13.23216482 11.57053636 0.00000000
13.27121501 11.47376470 0.00000000
13.31575157 11.30808831 0.00000000
13.34860550 11.07512279 0.00000000
13.35362757 10.78097151 0.00000000
13.31683405 10.43579822 0.00000000
13.22739932 10.05311302 0.00000000
13.07842547 9.64882203 0.00000000
12.86743425 9.24010787 0.00000000
12.59654688 8.84422015 0.00000000
12.27233883 8.47726124 0.00000000
11.90537991 8.15305318 0.00000000
11.50949219 7.88216581 0.00000000
11.10077803 7.67117459 0.00000000
10.69648704 7.52220074 0.00000000
10.31380185 7.43276602 0.00000000
9.96862856 7.39597249 0.00000000
9.67447727 7.40099457 0.00000000
9.44151176 7.43384849 0.00000000
9.27583536 7.47838505 0.00000000
9.17906370 7.51743525 0.00000000
9.14821415 7.53402810 0.00000000
8.97312806 7.55971590 0.00000000
8.55289027 7.37055328 0.00000000
8.26815879 6.87738389 0.00000000
8.31445805 6.41886597 0.00000000
8.42424738 6.28008087 0.00000000
8.45404199 6.26166080 0.00000000
8.53624628 6.19737918 0.00000000
8.65765427 6.07616750 0.00000000
8.80258936 5.89084040 0.00000000
8.95401425 5.63860896 0.00000000
9.09473677 5.32128336 0.00000000
9.20862662 4.94515089 0.00000000
9.28175697 4.52053770 0.00000000
9.30339030 4.06108525 0.00000000
9.26673881 3.58279274 0.00000000
9.16944586 3.10289297 0.00000000
9.01375414 2.63864110 0.00000000
8.80634901 2.20610189 0.00000000
8.55788777 1.81902106 0.00000000
8.28224843 1.48786042 0.00000000
7.99555069 1.21906508 0.00000000
7.71501862 1.01461431 0.00000000
7.45776510 0.87188791 0.00000000
7.23958408 0.78385749 0.00000000
7.07383583 0.73958908 0.00000000
6.97050401 0.72502171 0.00000000
6.93549109 0.72396677 0.00000000
6.77101819 0.65867002 0.00000000
6.50166290 0.28473148 0.00000000
6.50166290 -0.28473148 0.00000000
6.77101819 -0.65867002 0.00000000
6.93549109 -0.72396677 0.00000000
6.97050401 -0.72502171 0.00000000
7.07383583 -0.73958908 0.00000000
7.23958408 -0.78385749 0.00000000
7.45776510 -0.87188791 0.00000000
7.71501862 -1.01461431 0.00000000
7.99555069 -1.21906508 0.00000000
8.28224843 -1.48786042 0.00000000
8.55788777 -1.81902106 0.00000000
8.80634901 -2.20610189 0.00000000
9.01375414 -2.63864110 0.00000000
9.16944586 -3.10289297 0.00000000
9.26673881 -3.58279274 0.00000000
9.30339030 -4.06108525 0.00000000
9.28175697 -4.52053770 0.00000000
9.20862662 -4.94515089 0.00000000
9.09473677 -5.32128336 0.00000000
8.95401425 -5.63860896 0.00000000
8.80258936 -5.89084040 0.00000000
8.65765427 -6.07616750 0.00000000
8.53624628 -6.19737918 0.00000000
8.45404199 -6.26166080 0.00000000
8.42424738 -6.28008087 0.00000000
8.31445805 -6.41886597 0.00000000
8.26815879 -6.87738389 0.00000000
8.55289027 -7.37055328 0.00000000
8.97312806 -7.55971590 0.00000000
9.14821415 -7.53402810 0.00000000
9.17906370 -7.51743525 0.00000000
9.27583536 -7.47838505 0.00000000
9.44151176 -7.43384849 0.00000000
9.67447727 -7.40099457 0.00000000
9.96862856 -7.39597249 0.00000000
10.31380185 -7.43276602 0.00000000
10.69648704 -7.52220074 0.00000000
11.10077803 -7.67117459 0.00000000
11.50949219 -7.88216581 0.00000000
11.90537991 -8.15305318 0.00000000
12.27233883 -8.47726124 0.00000000
12.59654688 -8.84422015 0.00000000
12.86743425 -9.24010787 0.00000000
13.07842547 -9.64882203 0.00000000
13.22739932 -10.05311302 0.00000000
13.31683405 -10.43579822 0.00000000
13.35362757 -10.78097151 0.00000000
13.34860550 -11.07512279 0.00000000
13.31575157 -11.30808831 0.00000000
13.27121501 -11.47376470 0.00000000
13.23216482 -11.57053636 0.00000000
13.21557196 -11.60138591 0.00000000
13.18988416 -11.77647200 0.00000000
13.37904679 -12.19670980 0.00000000
13.87221617 -12.48144128 0.00000000
14.33073410 -12.43514202 0.00000000
14.46951920 -12.32535269 0.00000000
14.48793926 -12.29555808 0.00000000
14.55222088 -12.21335378 0.00000000
14.67343257 -12.09194580 0.00000000
14.85875966 -11.94701070 0.00000000
15.11099111 -11.79558582 0.00000000
15.42831671 -11.65486330 0.00000000
15.80444917 -11.54097345 0.00000000
16.22906237 -11.46784309 0.00000000
16.68851482 -11.44620977 0.00000000
17.16680733 -11.48286125 0.00000000
17.64670710 -11.58015421 0.00000000
18.11095897 -11.73584592 0.00000000
18.54349817 -11.94325106 0.00000000
18.93057900 -12.19171229 0.00000000
19.26173964 -12.46735163 0.00000000
19.53053498 -12.75404937 0.00000000
19.73498575 -13.03458145 0.00000000
19.87771215 -13.29183497 0.00000000
19.96574258 -13.51001599 0.00000000
20.01001098 -13.67576423 0.00000000
20.02457835 -13.77909605 0.00000000
20.02563329 -13.81410897 0.00000000
20.09093005 -13.97858187 0.00000000
20.46486859 -14.24793717 0.00000000
21.03433154 -14.24793717 0.00000000
21.40827008 -13.97858187 0.00000000
21.47356684 -13.81410897 0.00000000
21.47462178 -13.77909605 0.00000000
21.48918915 -13.67576423 0.00000000
21.53345755 -13.51001599 0.00000000
21.62148798 -13.29183497 0.00000000
21.76421437 -13.03458145 0.00000000
21.96866515 -12.75404937 0.00000000
22.23746049 -12.46735163 0.00000000
22.56862112 -12.19171229 0.00000000
22.95570196 -11.94325106 0.00000000
23.38824116 -11.73584592 0.00000000
23.85249303 -11.58015421 0.00000000
24.33239280 -11.48286125 0.00000000
24.81068531 -11.44620977 0.00000000
25.27013776 -11.46784309 0.00000000
25.69475096 -11.54097345 0.00000000
26.07088342 -11.65486330 0.00000000
26.38820902 -11.79558582 0.00000000
26.64044047 -11.94701070 0.00000000
26.82576756 -12.09194580 0.00000000
26.94697925 -12.21335378 0.00000000
27.01126087 -12.29555808 0.00000000
27.02968093 -12.32535269 0.00000000
27.16846603 -12.43514202 0.00000000
27.62698395 -12.48144128 0.00000000
28.12015334 -12.19670980 0.00000000
28.30931597 -11.77647200 0.00000000
28.28362817 -11.60138591 0.00000000
28.26703531 -11.57053636 0.00000000
28.22798512 -11.47376470 0.00000000
28.18344856 -11.30808831 0.00000000
28.15059463 -11.07512279 0.00000000
28.14557256 -10.78097151 0.00000000
28.18236608 -10.43579822 0.00000000
28.27180081 -10.05311302 0.00000000
28.42077466 -9.64882203 0.00000000
28.63176588 -9.24010787 0.00000000
28.90265325 -8.84422015 0.00000000
29.22686130 -8.47726124 0.00000000
29.59382022 -8.15305318 0.00000000
29.98970794 -7.88216581 0.00000000
30.39842209 -7.67117459 0.00000000
30.80271309 -7.52220074 0.00000000
31.18539828 -7.43276602 0.00000000
31.53057157 -7.39597249 0.00000000
31.82472285 -7.40099457 0.00000000
32.05768837 -7.43384849 0.00000000
32.22336476 -7.47838505 0.00000000
32.32013643 -7.51743525 0.00000000
32.35098598 -7.53402810 0.00000000
32.52607206 -7.55971590 0.00000000
32.94630986 -7.37055328 0.00000000
33.23104134 -6.87738389 0.00000000
33.18474208 -6.41886597 0.00000000
33.07495275 -6.28008087 0.00000000
33.04515814 -6.26166080 0.00000000
32.96295385 -6.19737918 0.00000000
32.84154586 -6.07616750 0.00000000
32.69661077 -5.89084040 0.00000000
32.54518588 -5.63860896 0.00000000
32.40446336 -5.32128336 0.00000000
32.29057351 -4.94515089 0.00000000
32.21744315 -4.52053770 0.00000000
32.19580983 -4.06108525 0.00000000
32.23246132 -3.58279274 0.00000000
32.32975427 -3.10289297 0.00000000
32.48544599 -2.63864110 0.00000000
32.69285112 -2.20610189 0.00000000
32.94131236 -1.81902106 0.00000000
33.21695170 -1.48786042 0.00000000
33.50364944 -1.21906508 0.00000000
33.78418151 -1.01461431 0.00000000
34.04143503 -0.87188791 0.00000000
34.25961605 -0.78385749 0.00000000
34.42536430 -0.73958908 0.00000000
34.52869611 -0.72502171 0.00000000
34.56370904 -0.72396677 0.00000000
