34.49658512 -2.43853564 -5.00000000
34.66117390 -2.37820031 -5.00000000
34.94177682 -2.01797744 -5.00000000
34.96976729 -1.45443316 -5.00000000
34.72624094 -1.06817751 -5.00000000
34.56844103 -0.99182957 -5.00000000
34.53217135 -0.98750113 -5.00000000
34.42644775 -0.96175661 -5.00000000
34.25972694 -0.89690777 -5.00000000
34.04499918 -0.77826670 -5.00000000
33.79879079 -0.59527472 -5.00000000
33.53989536 -0.34231416 -5.00000000
33.28793078 -0.01914086 -5.00000000
33.06183305 0.36909601 -5.00000000
32.87840238 0.81224809 -5.00000000
32.75101338 1.29594588 -5.00000000
32.68858820 1.80270089 -5.00000000
32.69491154 2.31324723 -5.00000000
32.76834014 2.80801965 -5.00000000
32.90192902 3.26865462 -5.00000000
33.08396476 3.67939912 -5.00000000
33.29886494 4.02831896 -5.00000000
33.52837460 4.30821393 -5.00000000
33.75296797 4.51716956 -5.00000000
33.95334772 4.65870285 -5.00000000
34.11192667 4.74149124 -5.00000000
34.21417827 4.77870511 -5.00000000
34.24975204 4.78699556 -5.00000000
34.39819974 4.88023234 -5.00000000
34.59777626 5.29092411 -5.00000000
34.50798763 5.84797313 -5.00000000
34.18947585 6.17515620 -5.00000000
34.01925062 6.21702730 -5.00000000
33.98287359 6.21372027 -5.00000000
33.87410771 6.21692103 -5.00000000
33.69754732 6.24568957 -5.00000000
33.46284501 6.31709364 -5.00000000
33.18397069 6.44489720 -5.00000000
32.87813929 6.63850257 -5.00000000
32.56448924 6.90222739 -5.00000000
32.26261330 7.23497199 -5.00000000
31.99105453 7.63030275 -5.00000000
31.76588286 8.07694492 -5.00000000
31.59946153 8.55964719 -5.00000000
31.49949814 9.06035156 -5.00000000
31.46845318 9.55957868 -5.00000000
31.50335142 10.03792237 -5.00000000
31.59601066 10.47753848 -5.00000000
31.73367024 10.86351383 -5.00000000
31.89997113 11.18501018 -5.00000000
32.07621228 11.43609521 -5.00000000
32.24278682 11.61619695 -5.00000000
32.38068777 11.73014663 -5.00000000
32.47296772 11.78780659 -5.00000000
32.50604044 11.80331207 -5.00000000
32.63185918 11.92537543 -5.00000000
32.74168686 12.36858689 -5.00000000
32.53804332 12.89479495 -5.00000000
32.15846660 13.14860596 -5.00000000
31.98325571 13.15417026 -5.00000000
31.94836118 13.14337228 -5.00000000
31.84130662 13.12388940 -5.00000000
31.66262318 13.11532031 -5.00000000
31.41820394 13.13636667 -5.00000000
31.11885184 13.20339619 -5.00000000
30.77945077 13.32918490 -5.00000000
30.41782325 13.52193518 -5.00000000
30.05336253 13.78464498 -5.00000000
29.70554409 14.11487657 -5.00000000
29.39243083 14.50494271 -5.00000000
29.12928676 14.94249584 -5.00000000
28.92740551 15.41147506 -5.00000000
28.79324381 15.89333826 -5.00000000
28.72792620 16.36848475 -5.00000000
28.72715928 16.81775912 -5.00000000
28.78156188 17.22392103 -5.00000000
28.87738584 17.57296780 -5.00000000
28.99757219 17.85520862 -5.00000000
29.12306142 18.06600750 -5.00000000
29.23425743 18.20613832 -5.00000000
29.31253267 18.28172436 -5.00000000
29.34165890 18.30376722 -5.00000000
29.43934980 18.44932238 -5.00000000
29.45462863 18.90568306 -5.00000000
29.14603039 19.37805234 -5.00000000
28.72197805 19.54739853 -5.00000000
28.54943906 19.51641285 -5.00000000
28.51755208 19.49859585 -5.00000000
28.41688764 19.45728083 -5.00000000
28.24389048 19.41174862 -5.00000000
28.00043660 19.38151744 -5.00000000
27.69368984 19.38484340 -5.00000000
27.33555255 19.43731788 -5.00000000
26.94175242 19.55066952 -5.00000000
26.53063561 19.73186283 -5.00000000
26.12175883 19.98256255 -5.00000000
25.73438853 20.29900490 -5.00000000
25.38602238 20.67228572 -5.00000000
25.09104646 21.08904315 -5.00000000
24.85963152 21.53248269 -5.00000000
24.69695274 21.98366579 -5.00000000
24.60279319 22.42296299 -5.00000000
24.57156115 22.83156022 -5.00000000
24.59272023 23.19290241 -5.00000000
24.65159906 23.49396373 -5.00000000
24.73051849 23.72624684 -5.00000000
24.81014976 23.88643441 -5.00000000
24.87099927 23.97664305 -5.00000000
24.89490606 24.00425990 -5.00000000
24.96019956 24.16694541 -5.00000000
24.88026180 24.61651017 -5.00000000
24.48019607 25.01439586 -5.00000000
24.03020124 25.09187600 -5.00000000
23.86787492 25.02569455 -5.00000000
23.84038911 25.00163722 -5.00000000
23.75051431 24.94029571 -5.00000000
23.59076423 24.85979036 -5.00000000
23.35891581 24.77960290 -5.00000000
23.05818070 24.71907995 -5.00000000
22.69695952 24.69594680 -5.00000000
22.28819774 24.72494578 -5.00000000
21.84839260 24.81670359 -5.00000000
21.39632736 24.97691466 -5.00000000
20.95162997 25.20590318 -5.00000000
20.53326700 25.49859751 -5.00000000
20.15808828 25.84491885 -5.00000000
19.83953404 26.23055431 -5.00000000
19.58660395 26.63805515 -5.00000000
19.40316698 27.04817579 -5.00000000
19.28766530 27.44135068 -5.00000000
19.23323473 27.79919589 -5.00000000
19.22823275 28.10591990 -5.00000000
19.25713323 28.34953533 -5.00000000
19.30171950 28.52277870 -5.00000000
19.34248387 28.62366739 -5.00000000
19.36012637 28.65565124 -5.00000000
19.39016883 28.82835697 -5.00000000
19.21850813 29.25147766 -5.00000000
18.74445971 29.55749025 -5.00000000
18.28818933 29.53971808 -5.00000000
18.14317012 29.44123331 -5.00000000
18.12128674 29.41198707 -5.00000000
18.04612953 29.33330000 -5.00000000
17.90660838 29.22133997 -5.00000000
17.69649832 29.09470081 -5.00000000
17.41491842 28.97297408 -5.00000000
17.06640044 28.87524434 -5.00000000
16.66054186 28.81862327 -5.00000000
16.21127000 28.81693532 -5.00000000
15.73577371 28.87965574 -5.00000000
15.25318464 29.01118253 -5.00000000
14.78310933 29.21049824 -5.00000000
14.34412491 29.47124758 -5.00000000
13.95235372 29.78222483 -5.00000000
13.62022657 30.12823368 -5.00000000
13.35552927 30.49125350 -5.00000000
13.16080592 30.85182243 -5.00000000
13.03316459 31.19053112 -5.00000000
12.96450040 31.48951250 -5.00000000
12.94211884 31.73381310 -5.00000000
12.94971147 31.91254068 -5.00000000
12.96860911 32.01970010 -5.00000000
12.97921626 32.05465312 -5.00000000
12.97269468 32.22983099 -5.00000000
12.71681344 32.60801521 -5.00000000
12.18950052 32.80878049 -5.00000000
11.74689578 32.69653273 -5.00000000
11.62552173 32.57004891 -5.00000000
11.61019719 32.53689196 -5.00000000
11.55304230 32.44429832 -5.00000000
11.43984783 32.30577681 -5.00000000
11.26065894 32.13822068 -5.00000000
11.01054064 31.96061021 -5.00000000
10.68995777 31.79255514 -5.00000000
10.30474036 31.65278864 -5.00000000
9.86563711 31.55772870 -5.00000000
9.38749125 31.52021729 -5.00000000
8.88810195 31.54853399 -5.00000000
8.38685885 31.64576003 -5.00000000
7.90325445 31.80954137 -5.00000000
7.45538860 32.03226921 -5.00000000
7.05857994 32.30166382 -5.00000000
6.72419084 32.60171713 -5.00000000
6.45875617 32.91392150 -5.00000000
6.26348261 33.21869046 -5.00000000
6.13415717 33.49686230 -5.00000000
6.06147175 33.73117095 -5.00000000
6.03173891 33.90757151 -5.00000000
6.02794390 34.01631828 -5.00000000
6.03105212 34.05271284 -5.00000000
5.98825152 34.22270674 -5.00000000
5.65933298 34.53942603 -5.00000000
5.10180166 34.62616958 -5.00000000
4.69220652 34.42435200 -5.00000000
4.59978225 34.27539707 -5.00000000
4.59168630 34.23977853 -5.00000000
4.55503169 34.13732512 -5.00000000
4.47311102 33.97829618 -5.00000000
4.33267472 33.77714609 -5.00000000
4.12494940 33.55141432 -5.00000000
3.84631265 33.32037873 -5.00000000
3.49857225 33.10357525 -5.00000000
3.08882853 32.91929791 -5.00000000
2.62893037 32.78319410 -5.00000000
2.13456655 32.70706314 -5.00000000
1.62406238 32.69795025 -5.00000000
1.11697384 32.75760557 -5.00000000
0.63258722 32.88234973 -5.00000000
0.18843949 33.06335626 -5.00000000
-0.20102699 33.28732928 -5.00000000
-0.52557222 33.53752426 -5.00000000
-0.77994362 33.79503364 -5.00000000
-0.96427816 34.04023848 -5.00000000
-1.08409073 34.25431478 -5.00000000
-1.14984958 34.42067876 -5.00000000
-1.17617139 34.52626012 -5.00000000
-1.18069795 34.56250560 -5.00000000
-1.25790696 34.71988599 -5.00000000
-1.64548749 34.96129819 -5.00000000
-2.20887041 34.93022891 -5.00000000
-2.56755468 34.64766191 -5.00000000
-2.62698979 34.48274592 -5.00000000
-2.62750331 34.44622248 -5.00000000
-2.64205567 34.33838700 -5.00000000
-2.68912219 34.16580096 -5.00000000
-2.78466817 33.93984813 -5.00000000
-2.94092192 33.67586063 -5.00000000
-3.16543479 33.39194188 -5.00000000
-3.46050025 33.10757678 -5.00000000
-3.82297667 32.84213583 -5.00000000
-4.24452738 32.61338801 -5.00000000
-4.71225965 32.43613667 -5.00000000
-5.20971340 32.32108314 -5.00000000
-5.71812388 32.27400522 -5.00000000
-6.21786126 32.29531377 -5.00000000
-6.68993667 32.38002137 -5.00000000
-7.11745898 32.51812541 -5.00000000
-7.48693058 32.69537628 -5.00000000
-7.78928256 32.89437167 -5.00000000
-8.02056990 33.09589289 -5.00000000
-8.18227325 33.28038068 -5.00000000
-8.28118413 33.42943717 -5.00000000
-8.32888234 33.52723871 -5.00000000
-8.34084584 33.56175102 -5.00000000
-8.44908888 33.69963961 -5.00000000
-8.87839226 33.85519385 -5.00000000
-9.42300424 33.70766962 -5.00000000
-9.71510142 33.35670273 -5.00000000
-9.73894977 33.18303329 -5.00000000
-9.73185841 33.14720122 -5.00000000
-9.72367251 33.03869660 -5.00000000
-9.73382787 32.86009630 -5.00000000
-9.78030770 32.61921595 -5.00000000
-9.87826084 32.32851022 -5.00000000
-10.03883754 32.00411693 -5.00000000
-10.26833228 31.66461834 -5.00000000
-10.56769945 31.32961482 -5.00000000
-10.93247892 31.01822037 -5.00000000
-11.35313749 30.74759539 -5.00000000
-11.81579970 30.53162960 -5.00000000
-12.30331214 30.37987596 -5.00000000
-12.79655936 30.29681763 -5.00000000
-13.27593050 30.28152417 -5.00000000
-13.72282386 30.32772341 -5.00000000
-14.12107415 30.42428347 -5.00000000
-14.45819248 30.55606782 -5.00000000
-14.72632426 30.70509798 -5.00000000
-14.92285117 30.85193425 -5.00000000
-15.05059119 30.97716877 -5.00000000
-15.11758117 31.06291610 -5.00000000
-15.13645875 31.09418688 -5.00000000
-15.27100507 31.20655728 -5.00000000
-15.72326868 31.26945509 -5.00000000
-16.22530758 31.01192342 -5.00000000
-16.43805161 30.60789558 -5.00000000
-16.42527091 30.43306289 -5.00000000
-16.41088461 30.39948821 -5.00000000
-16.38031821 30.29505662 -5.00000000
-16.35311856 30.11824774 -5.00000000
-16.34850085 29.87296751 -5.00000000
-16.38387236 29.56824880 -5.00000000
-16.47349492 29.21755850 -5.00000000
-16.62738893 28.83776413 -5.00000000
-16.85056305 28.44783931 -5.00000000
-17.14262867 28.06740765 -5.00000000
-17.49782874 27.71523665 -5.00000000
-17.90547887 27.40779735 -5.00000000
-18.35078663 27.15800035 -5.00000000
-18.81598642 26.97420518 -5.00000000
-19.28170245 26.85957906 -5.00000000
-19.72843549 26.81185438 -5.00000000
-20.13805902 26.82350347 -5.00000000
-20.49521001 26.88231718 -5.00000000
-20.78846758 26.97234294 -5.00000000
-21.01122888 27.07511024 -5.00000000
-21.16221520 27.17104945 -5.00000000
-21.24556916 27.24099499 -5.00000000
-21.27053578 27.26765756 -5.00000000
-21.42550505 27.34959864 -5.00000000
-21.88096282 27.31709110 -5.00000000
-22.31848711 26.96080735 -5.00000000
-22.44258007 26.52137652 -5.00000000
-22.39372889 26.35302160 -5.00000000
-22.37267640 26.32317169 -5.00000000
-22.32106540 26.22737729 -5.00000000
-22.25769949 26.06008724 -5.00000000
-22.20218607 25.82112704 -5.00000000
-22.17343004 25.51571301 -5.00000000
-22.18818152 25.15405257 -5.00000000
-22.25974888 24.75056125 -5.00000000
-22.39697619 24.32275671 -5.00000000
-22.60356329 23.88991454 -5.00000000
-22.87778092 23.47158907 -5.00000000
-23.21260268 23.08611283 -5.00000000
-23.59624369 22.74918981 -5.00000000
-24.01306458 22.47269053 -5.00000000
-24.44477149 22.26374145 -5.00000000
-24.87181982 22.12417865 -5.00000000
-25.27491407 22.05040767 -5.00000000
-25.63648852 22.03368029 -5.00000000
-25.94205511 22.06076709 -5.00000000
-26.18131507 22.11497400 -5.00000000
-26.34894885 22.17742488 -5.00000000
-26.44502383 22.22851169 -5.00000000
-26.47498833 22.24940076 -5.00000000
-26.64360766 22.29733131 -5.00000000
-27.08235388 22.17083914 -5.00000000
-27.43624166 21.73137463 -5.00000000
-27.46626008 21.27574605 -5.00000000
-27.38347347 21.12122681 -5.00000000
-27.35667488 21.09640625 -5.00000000
-27.28627493 21.01343572 -5.00000000
-27.18951216 20.86297587 -5.00000000
-27.08552922 20.64077942 -5.00000000
-26.99390243 20.34801813 -5.00000000
-26.93313812 19.99119383 -5.00000000
-26.91925100 19.58164007 -5.00000000
-26.96453400 19.13465293 -5.00000000
-27.07661372 18.66831753 -5.00000000
-27.25786428 18.20212042 -5.00000000
-27.50522437 17.75545441 -5.00000000
-27.81043167 17.34613051 -5.00000000
-28.16065659 16.98901146 -5.00000000
-28.53948671 16.69487151 -5.00000000
-28.92818628 16.46957016 -5.00000000
-29.30713410 16.31360323 -5.00000000
-29.65732946 16.22206583 -5.00000000
-29.96185035 16.18502986 -5.00000000
-30.20715215 16.18830728 -5.00000000
-30.38410701 16.21454043 -5.00000000
-30.48870406 16.24453576 -5.00000000
-30.52235684 16.25873839 -5.00000000
-30.69725676 16.27056361 -5.00000000
-31.10011612 16.05561513 -5.00000000
-31.35490080 15.55217657 -5.00000000
-31.28953274 15.10026338 -5.00000000
-31.17642885 14.96633306 -5.00000000
-31.14505539 14.94762663 -5.00000000
-31.05894330 14.88110618 -5.00000000
-30.93301267 14.75405235 -5.00000000
-30.78510477 14.55833069 -5.00000000
-30.63461175 14.29101722 -5.00000000
-30.50098734 13.95462400 -5.00000000
-30.40225268 13.55690726 -5.00000000
-30.35361228 13.11027300 -5.00000000
-30.36628621 12.63082546 -5.00000000
-30.44664818 12.13713177 -5.00000000
-30.59573578 11.64879742 -5.00000000
-30.80917034 11.18496207 -5.00000000
-31.07749278 10.76283108 -5.00000000
-31.38688942 10.39635558 -5.00000000
-31.72025218 10.09516241 -5.00000000
-32.05849174 9.86381606 -5.00000000
-32.38200279 9.70146926 -5.00000000
-32.67216896 9.60192916 -5.00000000
-32.91279174 9.55413384 -5.00000000
-33.09133389 9.54300276 -5.00000000
-33.19988162 9.55059566 -5.00000000
-33.23575190 9.55749112 -5.00000000
-33.40928844 9.53269420 -5.00000000
-33.75865406 9.23868369 -5.00000000
-33.90320031 8.69327375 -5.00000000
-33.74530266 8.26482673 -5.00000000
-33.60682469 8.15733874 -5.00000000
-33.57224753 8.14556400 -5.00000000
-33.47418682 8.09840088 -5.00000000
-33.32459210 8.00030594 -5.00000000
-33.13922351 7.83961305 -5.00000000
-32.93644154 7.60943028 -5.00000000
-32.73579706 7.30817013 -5.00000000
-32.55653002 6.93967256 -5.00000000
-32.41609205 6.51291123 -5.00000000
-32.32880628 6.04130571 -5.00000000
-32.30476746 5.54169222 -5.00000000
-32.34906671 5.03303209 -5.00000000
-32.46140042 4.53495712 -5.00000000
-32.63609340 4.06626332 -5.00000000
-32.86253444 3.64346902 -5.00000000
-33.12599085 3.27954763 -5.00000000
-33.40873945 2.98293279 -5.00000000
-33.69142721 2.75687193 -5.00000000
-33.95455700 2.59917808 -5.00000000
-34.17998440 2.50239891 -5.00000000
-34.35231069 2.45439007 -5.00000000
-34.46006504 2.43924871 -5.00000000
-34.49658512 2.43853564 -5.00000000
-34.66117390 2.37820031 -5.00000000
-34.94177682 2.01797744 -5.00000000
-34.96976729 1.45443316 -5.00000000
-34.72624094 1.06817751 -5.00000000
-34.56844103 0.99182957 -5.00000000
-34.53217135 0.98750113 -5.00000000
-34.42644775 0.96175661 -5.00000000
-34.25972694 0.89690777 -5.00000000
-34.04499918 0.77826670 -5.00000000
-33.79879079 0.59527472 -5.00000000
-33.53989536 0.34231416 -5.00000000
-33.28793078 0.01914086 -5.00000000
-33.06183305 -0.36909601 -5.00000000
-32.87840238 -0.81224809 -5.00000000
-32.75101338 -1.29594588 -5.00000000
-32.68858820 -1.80270089 -5.00000000
-32.69491154 -2.31324723 -5.00000000
-32.76834014 -2.80801965 -5.00000000
-32.90192902 -3.26865462 -5.00000000
-33.08396476 -3.67939912 -5.00000000
-33.29886494 -4.02831896 -5.00000000
-33.52837460 -4.30821393 -5.00000000
-33.75296797 -4.51716956 -5.00000000
-33.95334772 -4.65870285 -5.00000000
-34.11192667 -4.74149124 -5.00000000
-34.21417827 -4.77870511 -5.00000000
-34.24975204 -4.78699556 -5.00000000
-34.39819974 -4.88023234 -5.00000000
-34.59777626 -5.29092411 -5.00000000
-34.50798763 -5.84797313 -5.00000000
-34.18947585 -6.17515620 -5.00000000
-34.01925062 -6.21702730 -5.00000000
-33.98287359 -6.21372027 -5.00000000
-33.87410771 -6.21692103 -5.00000000
-33.69754732 -6.24568957 -5.00000000
-33.46284501 -6.31709364 -5.00000000
-33.18397069 -6.44489720 -5.00000000
-32.87813929 -6.63850257 -5.00000000
-32.56448924 -6.90222739 -5.00000000
-32.26261330 -7.23497199 -5.00000000
-31.99105453 -7.63030275 -5.00000000
-31.76588286 -8.07694492 -5.00000000
-31.59946153 -8.55964719 -5.00000000
-31.49949814 -9.06035156 -5.00000000
-31.46845318 -9.55957868 -5.00000000
-31.50335142 -10.03792237 -5.00000000
-31.59601066 -10.47753848 -5.00000000
-31.73367024 -10.86351383 -5.00000000
-31.89997113 -11.18501018 -5.00000000
-32.07621228 -11.43609521 -5.00000000
-32.24278682 -11.61619695 -5.00000000
-32.38068777 -11.73014663 -5.00000000
-32.47296772 -11.78780659 -5.00000000
-32.50604044 -11.80331207 -5.00000000
-32.63185918 -11.92537543 -5.00000000
-32.74168686 -12.36858689 -5.00000000
-32.53804332 -12.89479495 -5.00000000
-32.15846660 -13.14860596 -5.00000000
-31.98325571 -13.15417026 -5.00000000
-31.94836118 -13.14337228 -5.00000000
-31.84130662 -13.12388940 -5.00000000
-31.66262318 -13.11532031 -5.00000000
-31.41820394 -13.13636667 -5.00000000
-31.11885184 -13.20339619 -5.00000000
-30.77945077 -13.32918490 -5.00000000
-30.41782325 -13.52193518 -5.00000000
-30.05336253 -13.78464498 -5.00000000
-29.70554409 -14.11487657 -5.00000000
-29.39243083 -14.50494271 -5.00000000
-29.12928676 -14.94249584 -5.00000000
-28.92740551 -15.41147506 -5.00000000
-28.79324381 -15.89333826 -5.00000000
-28.72792620 -16.36848475 -5.00000000
-28.72715928 -16.81775912 -5.00000000
-28.78156188 -17.22392103 -5.00000000
-28.87738584 -17.57296780 -5.00000000
-28.99757219 -17.85520862 -5.00000000
-29.12306142 -18.06600750 -5.00000000
-29.23425743 -18.20613832 -5.00000000
-29.31253267 -18.28172436 -5.00000000
-29.34165890 -18.30376722 -5.00000000
-29.43934980 -18.44932238 -5.00000000
-29.45462863 -18.90568306 -5.00000000
-29.14603039 -19.37805234 -5.00000000
-28.72197805 -19.54739853 -5.00000000
-28.54943906 -19.51641285 -5.00000000
-28.51755208 -19.49859585 -5.00000000
-28.41688764 -19.45728083 -5.00000000
-28.24389048 -19.41174862 -5.00000000
-28.00043660 -19.38151744 -5.00000000
-27.69368984 -19.38484340 -5.00000000
-27.33555255 -19.43731788 -5.00000000
-26.94175242 -19.55066952 -5.00000000
-26.53063561 -19.73186283 -5.00000000
-26.12175883 -19.98256255 -5.00000000
-25.73438853 -20.29900490 -5.00000000
-25.38602238 -20.67228572 -5.00000000
-25.09104646 -21.08904315 -5.00000000
-24.85963152 -21.53248269 -5.00000000
-24.69695274 -21.98366579 -5.00000000
-24.60279319 -22.42296299 -5.00000000
-24.57156115 -22.83156022 -5.00000000
-24.59272023 -23.19290241 -5.00000000
-24.65159906 -23.49396373 -5.00000000
-24.73051849 -23.72624684 -5.00000000
-24.81014976 -23.88643441 -5.00000000
-24.87099927 -23.97664305 -5.00000000
-24.89490606 -24.00425990 -5.00000000
-24.96019956 -24.16694541 -5.00000000
-24.88026180 -24.61651017 -5.00000000
-24.48019607 -25.01439586 -5.00000000
-24.03020124 -25.09187600 -5.00000000
-23.86787492 -25.02569455 -5.00000000
-23.84038911 -25.00163722 -5.00000000
-23.75051431 -24.94029571 -5.00000000
-23.59076423 -24.85979036 -5.00000000
-23.35891581 -24.77960290 -5.00000000
-23.05818070 -24.71907995 -5.00000000
-22.69695952 -24.69594680 -5.00000000
-22.28819774 -24.72494578 -5.00000000
-21.84839260 -24.81670359 -5.00000000
-21.39632736 -24.97691466 -5.00000000
-20.95162997 -25.20590318 -5.00000000
-20.53326700 -25.49859751 -5.00000000
-20.15808828 -25.84491885 -5.00000000
-19.83953404 -26.23055431 -5.00000000
-19.58660395 -26.63805515 -5.00000000
-19.40316698 -27.04817579 -5.00000000
-19.28766530 -27.44135068 -5.00000000
-19.23323473 -27.79919589 -5.00000000
-19.22823275 -28.10591990 -5.00000000
-19.25713323 -28.34953533 -5.00000000
-19.30171950 -28.52277870 -5.00000000
-19.34248387 -28.62366739 -5.00000000
-19.36012637 -28.65565124 -5.00000000
-19.39016883 -28.82835697 -5.00000000
-19.21850813 -29.25147766 -5.00000000
-18.74445971 -29.55749025 -5.00000000
-18.28818933 -29.53971808 -5.00000000
-18.14317012 -29.44123331 -5.00000000
-18.12128674 -29.41198707 -5.00000000
-18.04612953 -29.33330000 -5.00000000
-17.90660838 -29.22133997 -5.00000000
-17.69649832 -29.09470081 -5.00000000
-17.41491842 -28.97297408 -5.00000000
-17.06640044 -28.87524434 -5.00000000
-16.66054186 -28.81862327 -5.00000000
-16.21127000 -28.81693532 -5.00000000
-15.73577371 -28.87965574 -5.00000000
-15.25318464 -29.01118253 -5.00000000
-14.78310933 -29.21049824 -5.00000000
-14.34412491 -29.47124758 -5.00000000
-13.95235372 -29.78222483 -5.00000000
-13.62022657 -30.12823368 -5.00000000
-13.35552927 -30.49125350 -5.00000000
-13.16080592 -30.85182243 -5.00000000
-13.03316459 -31.19053112 -5.00000000
-12.96450040 -31.48951250 -5.00000000
-12.94211884 -31.73381310 -5.00000000
-12.94971147 -31.91254068 -5.00000000
-12.96860911 -32.01970010 -5.00000000
-12.97921626 -32.05465312 -5.00000000
-12.97269468 -32.22983099 -5.00000000
-12.71681344 -32.60801521 -5.00000000
-12.18950052 -32.80878049 -5.00000000
-11.74689578 -32.69653273 -5.00000000
-11.62552173 -32.57004891 -5.00000000
-11.61019719 -32.53689196 -5.00000000
-11.55304230 -32.44429832 -5.00000000
-11.43984783 -32.30577681 -5.00000000
-11.26065894 -32.13822068 -5.00000000
-11.01054064 -31.96061021 -5.00000000
-10.68995777 -31.79255514 -5.00000000
-10.30474036 -31.65278864 -5.00000000
-9.86563711 -31.55772870 -5.00000000
-9.38749125 -31.52021729 -5.00000000
-8.88810195 -31.54853399 -5.00000000
-8.38685885 -31.64576003 -5.00000000
-7.90325445 -31.80954137 -5.00000000
-7.45538860 -32.03226921 -5.00000000
-7.05857994 -32.30166382 -5.00000000
-6.72419084 -32.60171713 -5.00000000
-6.45875617 -32.91392150 -5.00000000
-6.26348261 -33.21869046 -5.00000000
-6.13415717 -33.49686230 -5.00000000
-6.06147175 -33.73117095 -5.00000000
-6.03173891 -33.90757151 -5.00000000
-6.02794390 -34.01631828 -5.00000000
-6.03105212 -34.05271284 -5.00000000
-5.98825152 -34.22270674 -5.00000000
-5.65933298 -34.53942603 -5.00000000
-5.10180166 -34.62616958 -5.00000000
-4.69220652 -34.42435200 -5.00000000
-4.59978225 -34.27539707 -5.00000000
-4.59168630 -34.23977853 -5.00000000
-4.55503169 -34.13732512 -5.00000000
-4.47311102 -33.97829618 -5.00000000
-4.33267472 -33.77714609 -5.00000000
-4.12494940 -33.55141432 -5.00000000
-3.84631265 -33.32037873 -5.00000000
-3.49857225 -33.10357525 -5.00000000
-3.08882853 -32.91929791 -5.00000000
-2.62893037 -32.78319410 -5.00000000
-2.13456655 -32.70706314 -5.00000000
-1.62406238 -32.69795025 -5.00000000
-1.11697384 -32.75760557 -5.00000000
-0.63258722 -32.88234973 -5.00000000
-0.18843949 -33.06335626 -5.00000000
0.20102699 -33.28732928 -5.00000000
0.52557222 -33.53752426 -5.00000000
0.77994362 -33.79503364 -5.00000000
0.96427816 -34.04023848 -5.00000000
1.08409073 -34.25431478 -5.00000000
1.14984958 -34.42067876 -5.00000000
1.17617139 -34.52626012 -5.00000000
1.18069795 -34.56250560 -5.00000000
1.25790696 -34.71988599 -5.00000000
1.64548749 -34.96129819 -5.00000000
2.20887041 -34.93022891 -5.00000000
2.56755468 -34.64766191 -5.00000000
2.62698979 -34.48274592 -5.00000000
2.62750331 -34.44622248 -5.00000000
2.64205567 -34.33838700 -5.00000000
2.68912219 -34.16580096 -5.00000000
2.78466817 -33.93984813 -5.00000000
2.94092192 -33.67586063 -5.00000000
3.16543479 -33.39194188 -5.00000000
3.46050025 -33.10757678 -5.00000000
3.82297667 -32.84213583 -5.00000000
4.24452738 -32.61338801 -5.00000000
4.71225965 -32.43613667 -5.00000000
5.20971340 -32.32108314 -5.00000000
5.71812388 -32.27400522 -5.00000000
6.21786126 -32.29531377 -5.00000000
6.68993667 -32.38002137 -5.00000000
7.11745898 -32.51812541 -5.00000000
7.48693058 -32.69537628 -5.00000000
7.78928256 -32.89437167 -5.00000000
8.02056990 -33.09589289 -5.00000000
8.18227325 -33.28038068 -5.00000000
8.28118413 -33.42943717 -5.00000000
8.32888234 -33.52723871 -5.00000000
8.34084584 -33.56175102 -5.00000000
8.44908888 -33.69963961 -5.00000000
8.87839226 -33.85519385 -5.00000000
9.42300424 -33.70766962 -5.00000000
9.71510142 -33.35670273 -5.00000000
9.73894977 -33.18303329 -5.00000000
9.73185841 -33.14720122 -5.00000000
9.72367251 -33.03869660 -5.00000000
9.73382787 -32.86009630 -5.00000000
9.78030770 -32.61921595 -5.00000000
9.87826084 -32.32851022 -5.00000000
10.03883754 -32.00411693 -5.00000000
10.26833228 -31.66461834 -5.00000000
10.56769945 -31.32961482 -5.00000000
10.93247892 -31.01822037 -5.00000000
11.35313749 -30.74759539 -5.00000000
11.81579970 -30.53162960 -5.00000000
12.30331214 -30.37987596 -5.00000000
12.79655936 -30.29681763 -5.00000000
13.27593050 -30.28152417 -5.00000000
13.72282386 -30.32772341 -5.00000000
14.12107415 -30.42428347 -5.00000000
14.45819248 -30.55606782 -5.00000000
14.72632426 -30.70509798 -5.00000000
14.92285117 -30.85193425 -5.00000000
15.05059119 -30.97716877 -5.00000000
15.11758117 -31.06291610 -5.00000000
15.13645875 -31.09418688 -5.00000000
15.27100507 -31.20655728 -5.00000000
15.72326868 -31.26945509 -5.00000000
16.22530758 -31.01192342 -5.00000000
16.43805161 -30.60789558 -5.00000000
16.42527091 -30.43306289 -5.00000000
16.41088461 -30.39948821 -5.00000000
16.38031821 -30.29505662 -5.00000000
16.35311856 -30.11824774 -5.00000000
16.34850085 -29.87296751 -5.00000000
16.38387236 -29.56824880 -5.00000000
16.47349492 -29.21755850 -5.00000000
16.62738893 -28.83776413 -5.00000000
16.85056305 -28.44783931 -5.00000000
17.14262867 -28.06740765 -5.00000000
17.49782874 -27.71523665 -5.00000000
17.90547887 -27.40779735 -5.00000000
18.35078663 -27.15800035 -5.00000000
18.81598642 -26.97420518 -5.00000000
19.28170245 -26.85957906 -5.00000000
19.72843549 -26.81185438 -5.00000000
20.13805902 -26.82350347 -5.00000000
20.49521001 -26.88231718 -5.00000000
20.78846758 -26.97234294 -5.00000000
21.01122888 -27.07511024 -5.00000000
21.16221520 -27.17104945 -5.00000000
21.24556916 -27.24099499 -5.00000000
21.27053578 -27.26765756 -5.00000000
21.42550505 -27.34959864 -5.00000000
21.88096282 -27.31709110 -5.00000000
22.31848711 -26.96080735 -5.00000000
22.44258007 -26.52137652 -5.00000000
22.39372889 -26.35302160 -5.00000000
22.37267640 -26.32317169 -5.00000000
22.32106540 -26.22737729 -5.00000000
22.25769949 -26.06008724 -5.00000000
22.20218607 -25.82112704 -5.00000000
22.17343004 -25.51571301 -5.00000000
22.18818152 -25.15405257 -5.00000000
22.25974888 -24.75056125 -5.00000000
22.39697619 -24.32275671 -5.00000000
22.60356329 -23.88991454 -5.00000000
22.87778092 -23.47158907 -5.00000000
23.21260268 -23.08611283 -5.00000000
23.59624369 -22.74918981 -5.00000000
24.01306458 -22.47269053 -5.00000000
24.44477149 -22.26374145 -5.00000000
24.87181982 -22.12417865 -5.00000000
25.27491407 -22.05040767 -5.00000000
25.63648852 -22.03368029 -5.00000000
25.94205511 -22.06076709 -5.00000000
26.18131507 -22.11497400 -5.00000000
26.34894885 -22.17742488 -5.00000000
26.44502383 -22.22851169 -5.00000000
26.47498833 -22.24940076 -5.00000000
26.64360766 -22.29733131 -5.00000000
27.08235388 -22.17083914 -5.00000000
27.43624166 -21.73137463 -5.00000000
27.46626008 -21.27574605 -5.00000000
27.38347347 -21.12122681 -5.00000000
27.35667488 -21.09640625 -5.00000000
27.28627493 -21.01343572 -5.00000000
27.18951216 -20.86297587 -5.00000000
27.08552922 -20.64077942 -5.00000000
26.99390243 -20.34801813 -5.00000000
26.93313812 -19.99119383 -5.00000000
26.91925100 -19.58164007 -5.00000000
26.96453400 -19.13465293 -5.00000000
27.07661372 -18.66831753 -5.00000000
27.25786428 -18.20212042 -5.00000000
27.50522437 -17.75545441 -5.00000000
27.81043167 -17.34613051 -5.00000000
28.16065659 -16.98901146 -5.00000000
28.53948671 -16.69487151 -5.00000000
28.92818628 -16.46957016 -5.00000000
29.30713410 -16.31360323 -5.00000000
29.65732946 -16.22206583 -5.00000000
29.96185035 -16.18502986 -5.00000000
30.20715215 -16.18830728 -5.00000000
30.38410701 -16.21454043 -5.00000000
30.48870406 -16.24453576 -5.00000000
30.52235684 -16.25873839 -5.00000000
30.69725676 -16.27056361 -5.00000000
31.10011612 -16.05561513 -5.00000000
31.35490080 -15.55217657 -5.00000000
31.28953274 -15.10026338 -5.00000000
31.17642885 -14.96633306 -5.00000000
31.14505539 -14.94762663 -5.00000000
31.05894330 -14.88110618 -5.00000000
30.93301267 -14.75405235 -5.00000000
30.78510477 -14.55833069 -5.00000000
30.63461175 -14.29101722 -5.00000000
30.50098734 -13.95462400 -5.00000000
30.40225268 -13.55690726 -5.00000000
30.35361228 -13.11027300 -5.00000000
30.36628621 -12.63082546 -5.00000000
30.44664818 -12.13713177 -5.00000000
30.59573578 -11.64879742 -5.00000000
30.80917034 -11.18496207 -5.00000000
31.07749278 -10.76283108 -5.00000000
31.38688942 -10.39635558 -5.00000000
31.72025218 -10.09516241 -5.00000000
32.05849174 -9.86381606 -5.00000000
32.38200279 -9.70146926 -5.00000000
32.67216896 -9.60192916 -5.00000000
32.91279174 -9.55413384 -5.00000000
33.09133389 -9.54300276 -5.00000000
33.19988162 -9.55059566 -5.00000000
33.23575190 -9.55749112 -5.00000000
33.40928844 -9.53269420 -5.00000000
33.75865406 -9.23868369 -5.00000000
33.90320031 -8.69327375 -5.00000000
33.74530266 -8.26482673 -5.00000000
33.60682469 -8.15733874 -5.00000000
33.57224753 -8.14556400 -5.00000000
33.47418682 -8.09840088 -5.00000000
33.32459210 -8.00030594 -5.00000000
33.13922351 -7.83961305 -5.00000000
32.93644154 -7.60943028 -5.00000000
32.73579706 -7.30817013 -5.00000000
32.55653002 -6.93967256 -5.00000000
32.41609205 -6.51291123 -5.00000000
32.32880628 -6.04130571 -5.00000000
32.30476746 -5.54169222 -5.00000000
32.34906671 -5.03303209 -5.00000000
32.46140042 -4.53495712 -5.00000000
32.63609340 -4.06626332 -5.00000000
32.86253444 -3.64346902 -5.00000000
33.12599085 -3.27954763 -5.00000000
33.40873945 -2.98293279 -5.00000000
33.69142721 -2.75687193 -5.00000000
33.95455700 -2.59917808 -5.00000000
34.17998440 -2.50239891 -5.00000000
34.35231069 -2.45439007 -5.00000000
34.46006504 -2.43924871 -5.00000000
34.49658512 -2.43853564 -5.00000000
